byte offset: 0
first index: 20544
index count: 5847
topology: trianglelist
format: DXGI_FORMAT_R16_UINT

5228 5229 5230
5228 5230 5231
5231 5230 5232
5231 5232 5233
5234 5233 5232
5235 5236 5237
5235 5237 5238
5238 5237 5239
5238 5239 5240
5240 5239 5241
5240 5241 5242
5243 5244 5245
5243 5245 5246
5247 5248 5249
5247 5249 5250
5250 5249 5251
5250 5251 5252
5253 5254 5255
5253 5255 5256
5257 5255 5254
5257 5254 5258
5259 5260 5261
5259 5261 5262
5263 5264 5265
5263 5265 5266
5267 5268 5269
5267 5269 5270
5271 5272 5273
5271 5273 5274
5275 5276 5277
5275 5277 5278
5279 5280 5281
5279 5281 5282
5283 5284 5285
5283 5285 5286
5287 5288 5289
5287 5289 5290
5291 5292 5284
5291 5284 5283
5293 5294 5288
5293 5288 5287
5278 5277 5272
5278 5272 5271
5286 5285 5294
5286 5294 5293
5295 5296 5276
5295 5276 5275
5297 5298 5299
5297 5299 5300
5301 5302 5303
5301 5303 5304
5305 5290 5289
5306 5307 5308
5306 5308 5309
5310 5311 5312
5310 5312 5313
5314 5315 5316
5314 5316 5317
5318 5319 5315
5318 5315 5314
5320 5321 5322
5320 5322 5323
5324 5325 5326
5324 5326 5327
5307 5306 5328
5307 5328 5329
5330 5304 5303
5331 5280 5279
5331 5279 5332
5333 5334 5335
5333 5335 5336
5312 5311 5337
5312 5337 5338
5326 5325 5296
5326 5296 5295
5281 5298 5297
5281 5297 5282
5270 5269 5302
5270 5302 5301
5322 5339 5340
5322 5340 5323
5341 5342 5343
5341 5343 5344
5345 5346 5347
5345 5347 5348
5349 5350 5351
5349 5351 5352
5353 5354 5346
5353 5346 5345
5348 5347 5355
5348 5355 5356
5357 5358 5359
5357 5359 5360
5361 5362 5350
5361 5350 5349
5360 5359 5362
5360 5362 5361
5363 5364 5365
5363 5365 5366
5367 5368 5369
5367 5369 5370
5371 5372 5373
5371 5373 5374
5375 5376 5377
5375 5377 5378
5379 5380 5381
5379 5381 5382
5383 5384 5385
5383 5385 5386
5376 5387 5388
5389 5390 5391
5392 5393 5394
5392 5394 5395
5396 5397 5398
5399 5391 5390
5400 5401 5402
5400 5402 5403
5404 5405 5380
5383 5394 5393
5383 5393 5384
5406 5389 5407
5406 5407 5408
5409 5392 5395
5409 5395 5410
5411 5397 5412
5411 5412 5413
5414 5415 5416
5414 5416 5417
5418 5419 5420
5421 5422 5423
5421 5423 5424
5425 5426 5427
5425 5427 5428
5429 5430 5431
5429 5431 5432
5433 5434 5435
5433 5435 5436
5437 5414 5417
5437 5417 5438
5439 5422 5421
5439 5421 5420
5407 5392 5409
5407 5409 5408
5391 5393 5392
5391 5392 5407
5384 5393 5391
5384 5391 5399
5399 5440 5385
5399 5385 5384
5395 5411 5413
5395 5413 5410
5394 5441 5411
5394 5411 5395
5442 5441 5394
5442 5394 5383
5386 5443 5442
5386 5442 5383
5423 5429 5432
5423 5432 5424
5412 5414 5437
5397 5414 5412
5430 5434 5433
5430 5433 5431
5444 5445 5417
5444 5417 5416
5446 5445 5447
5446 5447 5448
5379 5387 5449
5379 5449 5404
5388 5387 5379
5411 5441 5405
5411 5405 5397
5442 5443 5381
5442 5381 5380
5441 5442 5380
5441 5380 5405
5450 5451 5425
5450 5425 5428
5452 5389 5453
5453 5389 5406
5453 5406 5454
5439 5419 5406
5439 5406 5408
5422 5439 5408
5422 5408 5409
5423 5422 5409
5423 5409 5410
5429 5423 5413
5429 5413 5412
5429 5412 5430
5430 5412 5455
5435 5434 5455
5435 5455 5456
5404 5398 5405
5457 5398 5404
5457 5404 5449
5421 5458 5459
5460 5428 5427
5460 5427 5461
5462 5463 5464
5462 5464 5465
5433 5436 5466
5433 5466 5467
5420 5468 5469
5458 5432 5470
5431 5433 5467
5431 5467 5462
5450 5428 5460
5450 5460 5471
5431 5462 5465
5431 5465 5432
5472 5473 5453
5472 5453 5454
5390 5474 5399
5475 5385 5440
5476 5386 5385
5476 5385 5475
5477 5443 5386
5477 5386 5476
5443 5477 5478
5443 5478 5381
5381 5478 5479
5381 5479 5382
5382 5479 5480
5382 5480 5481
5482 5481 5480
5482 5480 5483
5430 5455 5434
5397 5415 5414
5379 5404 5380
5467 5484 5463
5467 5463 5462
5466 5485 5484
5466 5484 5467
5460 5486 5487
5460 5487 5471
5488 5489 5490
5436 5435 5451
5436 5451 5450
5436 5450 5471
5436 5471 5466
5487 5485 5466
5487 5466 5471
5427 5426 5491
5427 5491 5492
5493 5486 5460
5493 5460 5461
5494 5495 5448
5494 5448 5447
5444 5496 5497
5438 5417 5445
5438 5445 5446
5498 5435 5456
5498 5456 5499
5449 5387 5500
5457 5449 5500
5457 5500 5501
5502 5503 5378
5502 5378 5377
5469 5504 5418
5469 5418 5420
5420 5419 5439
5505 5506 5507
5389 5391 5407
5413 5423 5410
5508 5498 5499
5508 5499 5509
5412 5437 5455
5455 5437 5438
5455 5438 5456
5456 5438 5446
5456 5446 5499
5499 5446 5448
5499 5448 5509
5495 5510 5509
5495 5509 5448
5511 5512 5510
5511 5510 5495
5513 5511 5495
5513 5495 5494
5514 5515 5516
5514 5516 5517
5518 5501 5519
5518 5519 5520
5501 5500 5521
5522 5523 5524
5522 5524 5525
5402 5401 5526
5402 5526 5527
5528 5529 5530
5528 5530 5531
5482 5528 5531
5482 5531 5532
5528 5482 5483
5533 5534 5535
5533 5535 5536
5516 5515 5508
5516 5508 5509
5537 5538 5522
5537 5522 5525
5518 5539 5457
5518 5457 5501
5457 5539 5396
5457 5396 5398
5398 5397 5405
5421 5459 5468
5458 5540 5459
5458 5470 5540
5541 5503 5502
5542 5528 5483
5543 5505 5507
5543 5507 5544
5522 5519 5521
5522 5521 5523
5519 5522 5538
5519 5538 5520
5403 5500 5545
5529 5546 5547
5529 5547 5530
5548 5549 5550
5548 5550 5551
5552 5553 5554
5550 5549 5555
5550 5555 5556
5557 5558 5559
5557 5559 5560
5554 5553 5561
5554 5561 5562
5555 5563 5564
5555 5564 5565
5566 5567 5568
5566 5568 5569
5570 5571 5572
5570 5572 5573
5574 5575 5576
5577 5578 5579
5577 5579 5580
5581 5582 5583
5584 5585 5571
5584 5571 5570
5586 5584 5570
5586 5570 5587
5588 5586 5587
5588 5587 5589
5590 5588 5589
5590 5589 5591
5592 5578 5577
5573 5593 5594
5580 5579 5581
5580 5581 5583
5595 5552 5558
5595 5558 5596
5597 5565 5553
5553 5565 5564
5553 5564 5561
5570 5560 5587
5589 5554 5562
5589 5562 5591
5589 5587 5559
5589 5559 5554
5598 5599 5574
5598 5574 5600
5601 5602 5603
5601 5603 5604
5605 5606 5607
5605 5607 5608
5581 5609 5582
5609 5598 5600
5609 5600 5582
5610 5611 5612
5610 5612 5613
5614 5615 5616
5614 5616 5617
5601 5604 5616
5618 5619 5602
5618 5602 5601
5620 5595 5596
5620 5596 5621
5582 5622 5583
5623 5624 5625
5623 5625 5626
5622 5582 5624
5622 5624 5623
5627 5605 5608
5627 5608 5628
5602 5623 5626
5602 5626 5603
5619 5622 5623
5619 5623 5602
5629 5583 5622
5629 5622 5619
5572 5580 5583
5572 5583 5629
5571 5577 5580
5571 5580 5572
5585 5592 5577
5585 5577 5571
5629 5619 5618
5629 5618 5593
5618 5630 5594
5618 5594 5593
5601 5631 5630
5601 5630 5618
5625 5632 5633
5625 5633 5626
5634 5614 5617
5628 5608 5603
5628 5603 5626
5607 5604 5603
5607 5603 5608
5632 5635 5636
5632 5636 5633
5637 5621 5596
5637 5596 5638
5558 5557 5638
5558 5638 5596
5573 5572 5593
5572 5629 5593
5639 5640 5641
5639 5641 5642
5637 5643 5621
5644 5645 5646
5556 5555 5565
5556 5565 5597
5573 5647 5557
5573 5557 5560
5560 5559 5587
5570 5573 5560
5648 5649 5637
5648 5637 5650
5651 5650 5637
5651 5637 5638
5642 5641 5652
5642 5652 5653
5654 5568 5567
5654 5567 5655
5647 5651 5638
5647 5638 5557
5656 5563 5549
5563 5555 5549
5649 5641 5640
5649 5640 5643
5652 5641 5649
5652 5649 5648
5621 5657 5566
5658 5548 5551
5658 5551 5659
5660 5661 5662
5663 5664 5665
5666 5667 5668
5666 5668 5662
5669 5660 5663
5664 5663 5662
5670 5671 5672
5673 5665 5670
5673 5670 5672
5673 5674 5669
5661 5660 5675
5669 5674 5676
5669 5676 5660
5677 5678 5679
5677 5679 5680
5681 5682 5678
5681 5678 5677
5673 5672 5683
5674 5673 5684
5675 5676 5685
5686 5687 5671
5672 5671 5687
5676 5674 5688
5664 5689 5665
5668 5690 5691
5668 5691 5664
5692 5693 5694
5695 5696 5692
5695 5692 5694
5691 5680 5697
5691 5697 5689
5690 5677 5680
5690 5680 5691
5689 5697 5696
5665 5689 5695
5665 5695 5670
5698 5681 5677
5698 5677 5690
5667 5698 5690
5667 5690 5668
5699 5700 5678
5699 5678 5682
5700 5701 5679
5700 5679 5678
5702 5692 5696
5697 5703 5702
5703 5697 5680
5703 5680 5679
5704 5703 5679
5704 5679 5701
5702 5705 5706
5707 5708 5693
5709 5693 5708
5703 5704 5705
5703 5705 5702
5710 5704 5701
5710 5701 5711
5712 5708 5707
5713 5714 5708
5715 5716 5714
5717 5705 5704
5717 5704 5710
5715 5718 5719
5715 5719 5720
5718 5715 5713
5712 5721 5722
5723 5724 5721
5725 5717 5726
5727 5728 5725
5706 5705 5717
5706 5717 5728
5700 5729 5711
5700 5711 5701
5727 5723 5728
5707 5706 5723
5707 5693 5692
5730 5725 5731
5732 5733 5731
5731 5733 5734
5735 5736 5737
5738 5735 5737
5722 5738 5739
5739 5740 5718
5741 5742 5743
5738 5744 5739
5737 5744 5738
5745 5737 5746
5736 5747 5746
5748 5749 5750
5721 5735 5722
5735 5724 5736
5736 5724 5751
5751 5748 5750
5724 5749 5748
5715 5714 5713
5714 5716 5709
5694 5693 5752
5670 5695 5694
5727 5749 5724
5727 5724 5723
5663 5665 5669
5709 5708 5714
5706 5707 5692
5715 5720 5716
5664 5691 5689
5738 5722 5735
5753 5754 5755
5753 5755 5756
5757 5758 5759
5760 5761 5762
5759 5756 5755
5762 5761 5758
5762 5758 5757
5758 5756 5759
5763 5764 5747
5747 5764 5765
5766 5666 5661
5766 5661 5767
5766 5768 5667
5766 5667 5666
5767 5661 5769
5716 5770 5771
5716 5771 5709
5716 5772 5770
5716 5720 5772
5719 5773 5774
5719 5774 5720
5740 5775 5719
5740 5742 5776
5698 5667 5768
5698 5768 5777
5777 5778 5681
5777 5681 5698
5779 5699 5682
5779 5682 5681
5779 5681 5778
5740 5776 5775
5780 5781 5699
5782 5783 5784
5785 5786 5787
5785 5787 5788
5789 5790 5791
5792 5785 5788
5792 5788 5793
5794 5795 5790
5796 5797 5798
5796 5798 5799
5800 5801 5802
5803 5804 5805
5806 5807 5808
5809 5799 5798
5809 5798 5810
5802 5801 5811
5804 5812 5813
5804 5813 5805
5814 5808 5807
5815 5805 5816
5817 5818 5793
5817 5793 5788
5799 5817 5796
5813 5794 5790
5813 5790 5805
5803 5819 5804
5798 5820 5821
5798 5797 5820
5808 5814 5822
5823 5824 5825
5795 5826 5823
5827 5828 5829
5830 5831 5832
5830 5832 5833
5830 5834 5835
5830 5835 5831
5834 5836 5835
5837 5838 5839
5840 5841 5842
5840 5842 5843
5844 5845 5843
5846 5844 5843
5846 5843 5842
5842 5847 5848
5842 5848 5846
5839 5838 5849
5843 5845 5850
5851 5852 5853
5854 5855 5852
5854 5852 5851
5856 5835 5836
5857 5831 5835
5857 5835 5856
5858 5832 5831
5858 5831 5857
5859 5827 5860
5855 5854 5861
5855 5861 5862
5863 5864 5865
5863 5865 5866
5863 5866 5867
5868 5869 5870
5871 5872 5873
5874 5875 5876
5874 5876 5877
5878 5879 5880
5881 5880 5882
5881 5882 5883
5884 5885 5886
5884 5886 5887
5888 5889 5890
5888 5890 5891
5892 5893 5894
5892 5894 5895
5896 5897 5898
5899 5900 5901
5902 5903 5904
5902 5904 5905
5906 5907 5908
5871 5909 5872
5910 5911 5912
5913 5914 5915
5916 5917 5918
5916 5918 5919
5920 5921 5922
5920 5922 5923
5923 5922 5924
5925 5926 5927
5925 5927 5928
5929 5930 5931
5929 5931 5932
5933 5934 5935
5933 5935 5936
5937 5938 5939
5937 5939 5940
5941 5942 5943
5941 5943 5944
5897 5892 5895
5897 5895 5898
5932 5931 5934
5932 5934 5933
5908 5945 5883
5946 5947 5948
5949 5950 5951
5952 5953 5954
5952 5954 5955
5956 5957 5958
5956 5958 5959
5960 5882 5961
5898 5883 5882
5898 5882 5960
5895 5908 5883
5895 5883 5898
5906 5908 5895
5889 5962 5864
5889 5864 5890
5963 5964 5965
5966 5967 5968
5966 5968 5969
5969 5968 5970
5969 5970 5971
5971 5970 5972
5971 5972 5973
5974 5975 5976
5977 5978 5885
5911 5979 5980
5871 5981 5909
5982 5983 5984
5977 5985 5912
5977 5885 5884
5986 5944 5943
5986 5943 5987
5988 5976 5975
5988 5975 5989
5886 5972 5990
5886 5990 5887
5991 5986 5987
5991 5987 5992
5993 5991 5992
5993 5992 5994
5972 5970 5995
5972 5995 5990
5996 5993 5994
5996 5994 5997
5963 5998 5999
6000 6001 6002
6000 6002 6003
5863 6004 6005
5863 6005 6006
6006 6005 6007
6006 6007 6008
6009 6001 6000
6009 6000 6010
6011 6012 6013
5784 6014 5782
5988 5989 6014
5988 6014 5784
5908 5826 5945
5929 6009 6010
5929 6010 5930
6005 5894 5893
6005 5893 6007
6004 5906 5894
6004 5894 6005
5907 5906 6004
5907 6004 6015
5955 5954 6016
5955 6016 6017
5954 5950 6018
5954 6018 6016
5948 6019 6020
5948 6020 6021
5868 6022 5869
5823 5825 5791
6023 5785 5792
5826 5824 5823
6024 6025 5837
5829 6026 6027
5829 6027 5860
6028 6026 5829
6028 5829 6029
5958 5955 6029
5957 5952 5955
5957 5955 5958
6030 6031 6032
6033 6034 6035
6036 6026 6028
6036 6028 6037
6027 6026 6036
6027 6036 6038
6024 6039 6040
6024 6040 6032
6041 6042 5847
6043 6044 6045
5832 6036 6037
5832 6037 5833
6038 6036 5832
6038 5832 5858
6040 5848 5847
6040 5847 6032
5876 5875 6046
5876 6046 6047
5919 5918 6048
5919 6048 6049
6018 5950 6050
6018 6050 6051
5950 6052 6053
5950 6053 6050
6054 6055 6056
6054 6056 6057
5875 6057 6056
5875 6056 6046
5877 5873 5872
5877 5872 5874
5915 5914 5917
5915 5917 5916
6019 5869 6022
6019 6022 6020
6058 5870 5869
6058 5869 6019
6059 6060 6061
5981 6062 5909
5909 6062 5905
6063 6064 6065
6066 6067 6068
6066 6068 6069
6070 6071 6067
6070 6067 6066
6072 6073 6071
6072 6071 6070
6074 6075 6076
6074 6076 6077
6078 6079 6075
6078 6075 6074
6080 6081 6079
6080 6079 6078
6082 6083 6081
6082 6081 6080
6084 6085 6086
6084 6086 6087
6088 6089 6090
6088 6090 6091
6091 6090 6092
6091 6092 6093
6093 6092 6094
6093 6094 6095
6096 6097 6098
6096 6098 6099
6099 6098 6100
6099 6100 6101
6101 6100 6102
6101 6102 6103
6103 6102 6104
6103 6104 6105
6106 6107 6108
6106 6108 6109
6081 6083 6110
6081 6110 6111
6079 6081 6111
6079 6111 6112
6075 6079 6112
6075 6112 6113
6076 6075 6113
6076 6113 6114
6071 6073 6115
6067 6071 6116
6068 6067 6116
6068 6116 6117
6084 6087 6118
6083 6082 6119
6083 6119 6120
6120 6121 6122
6083 6120 6122
6083 6122 6110
6123 6124 6105
6123 6105 6104
6120 6119 6125
6120 6125 6121
6126 6127 6124
6126 6124 6123
6128 6129 6127
6128 6127 6126
6121 6125 6130
6121 6130 6131
6132 6121 6131
6132 6131 6133
6086 6069 6087
6108 6089 6088
6108 6088 6109
6087 6068 6117
6087 6117 6118
6134 6122 6132
6134 6132 6135
6110 6122 6134
6110 6134 6136
6137 6138 6139
6137 6139 6140
6140 6139 6141
6140 6141 6142
6112 6111 6143
6112 6143 6144
6113 6112 6144
6113 6144 6145
6114 6113 6145
6114 6145 6146
6147 6114 6146
6148 6149 6150
6148 6150 6151
6152 6153 6154
6155 6156 6157
6158 6151 6150
6158 6150 6159
6160 6157 6156
6160 6156 6161
6137 6162 6163
6137 6163 6138
6132 6164 6135
6165 6158 6166
6160 6161 6167
6160 6167 6168
6169 6170 6171
6132 6133 6164
6172 6173 6174
6172 6174 6175
6176 6177 6178
6176 6178 6179
6180 6181 6182
6183 6172 6175
6183 6175 6184
6185 6176 6179
6185 6179 6186
6187 6188 6189
6187 6189 6182
6190 6191 6192
6193 6194 6190
6195 6196 6197
6195 6197 6198
6199 6200 6201
6199 6201 6202
6203 6204 6205
6206 6207 6208
6206 6208 6209
6210 6211 6212
6210 6212 6213
6214 6215 6216
6191 6217 6218
6194 6219 6220
6196 6221 6222
6223 6224 6225
6223 6225 6205
6226 6227 6228
6226 6228 6229
6230 6231 6232
6230 6232 6233
6234 6235 6236
6234 6236 6237
6218 6238 6239
6192 6218 6240
6241 6242 6243
6244 6245 6246
6244 6246 6247
6248 6249 6250
6245 6251 6246
6249 6239 6250
6252 6253 6254
6255 6256 6257
6255 6257 6258
6259 6260 6261
6259 6261 6262
6263 6226 6229
6263 6229 6264
6265 6230 6233
6265 6233 6266
6267 6236 6268
6181 6269 6187
6181 6187 6182
6189 6180 6182
6215 6270 6271
6215 6271 6216
6236 6267 6237
6260 6272 6261
6236 6235 6273
6236 6273 6268
6197 6222 6274
6198 6197 6275
6198 6275 6276
6199 6277 6225
6199 6225 6200
6278 6200 6225
6278 6225 6224
6279 6280 6281
6279 6281 6282
6283 6284 6285
6283 6285 6286
6205 6287 6288
6205 6288 6223
6289 6290 6291
6289 6291 6292
6293 6294 6295
6293 6295 6296
6297 6298 6299
6297 6299 6300
6301 6302 6303
6301 6303 6304
6289 6292 6305
6289 6305 6306
6233 6232 6227
6233 6227 6226
6266 6233 6226
6266 6226 6263
6211 6206 6209
6211 6209 6212
6179 6178 6173
6179 6173 6172
6186 6179 6172
6186 6172 6183
6253 6252 6255
6253 6255 6258
6307 6308 6231
6307 6231 6230
6256 6309 6310
6256 6310 6257
6311 6176 6185
6311 6185 6312
6313 6177 6176
6313 6176 6311
6314 6315 6210
6314 6210 6213
6307 6230 6265
6307 6265 6316
6235 6307 6316
6235 6316 6273
6308 6307 6235
6308 6235 6234
6309 6259 6262
6309 6262 6310
6311 6312 6188
6311 6188 6187
6269 6313 6311
6269 6311 6187
6271 6270 6315
6271 6315 6314
6277 6203 6225
6317 6318 6319
6317 6319 6320
6321 6322 6318
6321 6318 6317
6323 6322 6321
6276 6275 6193
6219 6194 6275
6073 6076 6114
6077 6076 6073
6077 6073 6072
6094 6097 6096
6094 6096 6095
6200 6278 6221
6200 6221 6201
6202 6201 6196
6202 6196 6195
6170 6152 6324
6143 6111 6110
6141 6325 6326
6141 6326 6142
6327 6287 6204
6328 6279 6282
6328 6282 6329
6292 6291 6287
6330 6331 6332
6330 6332 6333
6299 6284 6283
6299 6283 6334
6298 6335 6284
6298 6284 6299
6303 6328 6329
6303 6329 6304
6292 6287 6327
6292 6327 6305
6284 6335 6336
6284 6336 6285
6133 6131 6337
6130 6338 6339
6130 6339 6131
6340 6341 6129
6340 6129 6128
6342 6343 6344
6342 6344 6345
6346 6166 6347
6166 6346 6165
6162 6168 6163
6164 6169 6171
6164 6171 6348
6133 6349 6169
6133 6169 6164
6337 6349 6133
6152 6154 6324
6196 6222 6197
5959 5958 6029
5959 6029 5828
6035 6350 6351
5924 6352 6353
6035 6044 6350
5924 6353 5923
6034 6044 6035
5922 6354 5924
5977 5884 5985
6190 6194 6191
6191 6220 6217
6203 6205 6225
6204 6287 6205
6201 6221 6196
6254 6253 6355
6287 6291 6288
6275 6274 6219
5941 6356 5942
6357 6107 6106
6358 6085 6084
6218 6239 6249
6359 6320 6360
6360 6320 6319
5977 5912 5911
5977 5980 5978
5911 5980 5977
6011 5782 6012
6087 6069 6068
6240 6218 6249
6122 6121 6132
6163 6168 6167
5945 5881 5883
6361 6025 6031
5823 5790 5795
5791 5790 5823
5804 5819 5822
5798 5821 5810
5803 5805 5815
6024 5837 6039
6039 5837 5839
6032 6031 6024
6031 6025 6024
6362 5824 5826
6363 5824 6362
6135 6164 6348
6337 6131 6339
6004 6364 6015
5982 6060 5983
6061 6060 5982
5905 6062 5902
5937 6365 6366
5937 6366 5938
6043 6045 6367
6045 6044 6034
6032 6042 6030
6032 5847 6042
5842 5841 5847
5853 6043 6367
5853 5852 6043
5847 5841 6041
5843 5850 6368
5880 5879 5882
5959 6369 5956
6029 5955 6017
5829 5828 6029
5860 5827 5829
6171 6170 6324
6166 6158 6159
6370 5962 5965
6370 5965 6371
5963 5965 5998
5963 5966 5964
5822 6372 5808
5822 6373 5812
5822 5812 5804
5808 6372 5806
5840 5843 6368
5822 5819 6372
5802 5811 6374
5802 6374 5820
5821 5820 6374
5820 5800 5802
5820 5797 5800
5799 5809 5818
5799 5818 5817
5816 5790 5789
5816 5805 5790
5787 5817 5788
5796 5817 5787
6116 6071 6115
6115 6073 6147
6073 6114 6147
6143 6110 6136
6375 6376 6377
6378 6379 6376
6380 6378 6381
6381 6378 6382
6378 6383 6382
6384 6385 6386
6387 6388 6382
6389 6387 6390
6391 6383 6384
6392 6386 6393
6394 6395 6393
6396 6397 6398
6399 6400 6401
6394 6398 6395
6396 6399 6401
6396 6401 6397
6386 6392 6391
6386 6394 6393
6394 6396 6398
6382 6383 6387
6387 6383 6391
6387 6391 6390
6402 6376 6380
6391 6384 6386
6004 5867 6364
6004 5863 5867
6362 6403 6363
6300 6299 6334
6300 6334 6404
6175 6300 6404
6175 6404 6184
6254 6355 6294
6254 6294 6293
6229 6228 6290
6229 6290 6289
6229 6289 6306
6229 6306 6264
6208 6207 6302
6208 6302 6301
6174 6297 6300
6174 6300 6175
6405 6406 6407
6405 6407 6408
6409 6410 6411
6409 6411 6412
6413 6414 6415
5497 5496 6414
5497 6414 6413
5494 5447 5497
5494 5497 6416
5606 6417 6418
5606 6418 5607
5616 5604 5607
5616 5607 6418
5494 6416 6419
5494 6419 5513
6420 5244 5243
6420 5243 6421
6422 6420 6421
6422 6421 6423
6424 6425 6426
6424 6426 6427
6424 6428 6425
5709 5771 6429
5752 6430 5686
5752 5686 5671
5672 5687 5683
5673 5683 5684
5674 5684 5688
5676 5688 5685
5675 5685 6431
5725 5728 5717
5780 5699 5779
5735 5721 5724
5432 5465 5470
5465 5464 5470
6432 5726 6433
5665 5673 5669
5670 5694 5671
5702 5706 5692
5420 5421 5468
5531 6434 5532
5530 6435 6434
5530 6434 5531
5547 6436 6435
5547 6435 5530
6437 5263 5266
6437 5266 6438
5551 6439 6440
5551 6440 5659
5550 6441 6439
5550 6439 5551
5556 6442 6441
5556 6441 5550
5403 5521 5500
5403 5402 6443
5403 6443 5521
6443 5402 5527
6443 5527 6444
5336 5335 6445
5336 6445 6446
5567 6447 6448
5567 6448 5655
5566 5657 6447
5566 6447 5567
5400 5403 5545
5569 5620 5566
5620 5621 5566
5519 5501 5521
5637 5649 5643
6449 6450 6451
6449 6451 6452
6453 6454 6455
6453 6455 6456
6457 6458 6459
6457 6459 6460
6454 6461 6462
6454 6462 6455
6458 5656 5549
6458 5549 6459
6463 6464 6465
6463 6465 6466
5528 5542 5533
5528 5533 5536
5376 5532 6434
5645 5644 6467
5645 6467 6468
6469 6468 6467
6469 6467 6442
5481 5482 5532
5481 5532 5388
5382 5388 5379
5382 5481 5388
5595 6469 6442
5595 5597 5552
5559 5558 5552
5559 5552 5554
5597 5553 5552
5556 5597 6442
5597 5595 6442
5376 5375 5387
5532 5376 5388
5908 5907 5826
5907 6015 6362
6015 6403 6362
6015 6364 6470
6015 6470 6403
6364 5867 6471
6364 6471 6470
5867 5866 6472
5867 6472 6471
5866 5865 6473
5866 6473 6472
5865 6370 6474
5865 6474 6473
6370 6371 6475
6370 6475 6474
5826 5907 6362
5906 5895 5894
5453 5473 6476
6405 6244 6247
6405 6247 6406
6238 6218 6217
6409 6408 6407
6409 6407 6410
5389 5452 5390
6194 6220 6191
5399 5474 5440
6412 6411 6242
6412 6242 6241
6197 6274 6275
5783 5782 6011
5675 5660 5676
5663 5660 5662
5662 5661 5666
5664 5662 5668
5743 5742 5740
5753 5744 6477
5744 5737 5745
5718 5740 5719
5718 5713 5722
5713 5708 5712
5722 5739 5718
5712 5722 5713
5723 5721 5712
5712 5707 5723
5723 5706 5728
5697 5702 5696
5689 5696 5695
5978 6478 5885
6478 6479 5886
6479 5973 5972
6480 5700 5699
6481 6482 6483
6480 6483 5700
5700 6482 5729
6484 6485 6486
6484 6486 5711
6480 5699 5781
5730 5731 5734
5731 5725 5732
5711 5729 6484
6487 6482 6488
6489 6487 6488
6484 5729 6489
5747 5736 5763
5746 5747 5765
5746 5737 5736
6490 6491 5710
6490 5710 5711
5726 6432 5732
6491 5726 5710
6433 5726 6491
5725 5726 5732
5726 5717 5710
6492 6493 6494
6494 5727 5730
5727 6493 5749
6494 6493 5727
5730 5727 5725
6495 6477 6496
6496 6477 5744
6477 6495 5754
5736 5751 5763
5719 5775 5773
5711 6486 6490
6486 6485 6497
6486 6497 6490
6482 6487 5729
6487 6489 5729
5700 6483 6482
6481 6483 6480
6249 6248 6498
6249 6498 6240
6065 5911 5910
5999 5998 6499
6065 6064 5979
6065 5979 5911
6500 5769 5675
6500 5675 6431
5769 5661 5675
5454 5406 5419
5454 5419 5506
5454 5506 6501
5454 6501 5472
6501 5506 5505
5452 5453 6476
6502 5769 6503
5769 6502 5767
5544 5507 5418
5544 5418 5504
5507 5506 5419
5507 5419 5418
5743 5740 5739
5744 5745 6496
6192 6191 6218
6193 6275 6194
6503 5769 6500
6504 6505 6506
6504 6506 6507
6508 5967 5963
6508 5963 5999
5967 5966 5963
6505 6509 6510
6505 6510 6506
6511 5968 5967
6511 5967 6508
6509 5996 5997
6509 5997 6510
6511 5995 5970
6511 5970 5968
6507 5927 5926
6507 5926 6504
6371 5965 5964
5889 5998 5965
5889 5965 5962
6475 6371 5964
6499 5998 5889
6499 5889 5888
5891 5890 6006
5891 6006 6008
5890 5864 5863
5890 5863 6006
6003 6002 5925
6003 5925 5928
5865 5864 5962
5865 5962 6370
5772 5720 5774
6430 5752 6429
5752 5693 5709
5694 5752 5671
6429 5752 5709
5739 5744 5743
5744 5753 5743
5753 5741 5743
5753 5756 5741
5756 6512 5741
5756 5758 6513
5756 6513 6512
5758 5761 6514
5758 6514 6513
5761 5760 6514
5753 6477 5754
6478 5886 5885
6479 5972 5886
5751 5724 5748
6057 5875 5904
5909 5905 5874
5909 5874 5872
6515 6516 6517
6515 6517 6518
6519 5936 5935
6519 5935 6520
6521 6522 6523
6521 6523 6524
6525 6526 6527
6528 6529 6530
6528 6530 6531
6532 6533 6534
6532 6534 6535
6531 6530 6536
6528 6524 6523
6528 6523 6529
6521 6537 6526
6521 6526 6522
6515 6538 6539
6515 6539 6516
6540 6541 6542
6540 6542 6543
6544 6534 6533
6535 6542 6541
6535 6541 6532
6526 6537 6527
6539 6538 6540
6539 6540 6543
6545 6517 6546
6545 6546 6547
6516 6539 6548
6516 6548 6549
6539 6543 6550
6539 6550 6548
6543 6542 6551
6543 6551 6550
6542 6535 6552
6542 6552 6551
6535 6534 6553
6535 6553 6552
6534 6544 6553
6554 6555 6556
6557 6558 6555
6557 6555 6554
6559 6560 6558
6559 6558 6557
6561 6562 6560
6561 6560 6559
6563 6564 6562
6563 6562 6561
6565 6566 6564
6565 6564 6563
5897 5896 6567
5896 5898 5960
6568 6555 6558
6568 6558 6569
6569 6558 6560
6569 6560 6570
6570 6560 6562
6570 6562 6571
6571 6562 6564
6571 6564 6572
6572 6564 6573
6572 6573 6574
6573 6575 6576
6556 6555 6568
5878 6047 6046
5878 6046 5879
6049 6048 5921
6049 5921 5920
6021 6051 6050
6021 6050 5948
5948 6050 6053
5948 6053 5946
5901 6056 6055
5901 6055 6577
6046 6056 5901
6046 5901 5879
6578 6366 6365
6578 6365 6579
6057 5904 5903
6057 5903 6054
6061 5940 5939
6061 5939 6059
6019 5947 6058
5948 5947 6019
5904 5874 5905
5904 5875 5874
6580 6581 6582
6580 6582 6583
6584 6518 6517
6584 6517 6545
6527 6519 6520
6527 6520 6525
6546 6517 6516
6546 6516 6549
5954 5951 5950
5951 5954 5953
5961 5879 5901
5961 5882 5879
6566 6585 6586
6565 6575 6573
6587 6588 6589
6587 6589 6590
6587 6590 6591
6587 6591 6592
6591 6593 6594
6590 6595 6593
6590 6593 6591
6589 6596 6595
6589 6595 6590
6592 6591 6594
6597 6598 6599
6597 6600 6598
6601 6602 6603
6604 6598 6602
6604 6602 6601
6598 6604 6605
6598 6605 6606
6602 6600 6607
6608 6609 6610
6611 6608 6610
6612 6613 6614
6615 6612 6614
6615 6614 6616
6617 6615 6616
6617 6616 6618
6611 6619 6620
6621 6622 6623
6624 6625 6622
6626 6627 6628
6629 6159 6630
6631 6632 6621
6633 6634 6635
6627 6636 6637
6627 6637 6628
6622 6632 6638
6622 6638 6624
6639 6606 6640
6641 6642 6643
6589 6588 6644
6589 6644 6149
6149 6148 6596
6149 6596 6589
6636 6617 6618
6636 6618 6637
6632 6640 6606
6149 6644 6630
6149 6630 6150
6634 6645 6635
6646 6647 6635
6647 6633 6635
6621 6632 6622
6648 6622 6649
6649 6622 6625
6641 6643 6633
6632 6606 6605
6640 6632 6631
6633 6643 6634
6641 6609 6642
6610 6609 6641
6606 6599 6598
6599 6606 6639
6602 6607 6603
6620 6619 6650
6598 6600 6602
6611 6610 6619
6632 6605 6638
6630 6159 6150
6651 6652 6653
6651 6653 6654
6655 6656 6657
6658 6659 6652
6658 6652 6651
6660 6657 6661
6662 6663 6664
6662 6664 6665
6666 6667 6668
6669 6670 6671
6672 6673 6674
6675 6676 6677
6675 6677 6678
6667 6679 6668
6671 6670 6680
6671 6680 6681
6682 6674 6673
6683 6684 6670
6685 6652 6659
6685 6659 6686
6663 6662 6687
6680 6670 6657
6680 6657 6660
6669 6671 6688
6677 6689 6690
6664 6691 6665
6673 6692 6682
6693 6694 6695
6661 6693 6696
6697 6698 6699
6649 6625 6700
6625 6701 6700
6702 6703 6704
6705 6706 6707
6708 6709 6710
6708 6710 6711
6712 6713 6714
6715 6716 6717
6715 6717 6713
6718 6719 6339
6718 6339 6338
6720 6721 6722
6723 6724 6725
6726 6727 6728
6726 6728 6729
6337 6730 6349
6705 6707 6731
6732 6733 6734
6735 6736 6737
6735 6737 6738
6739 6740 6741
6739 6741 6742
6740 6743 6741
6340 6744 6745
6340 6745 6341
6746 6747 6748
6746 6748 6749
6750 6751 6752
6750 6752 6753
6722 6721 6719
6722 6719 6718
6744 6746 6745
6730 6716 6754
6755 6756 6757
6758 6759 6760
6761 6762 6763
6761 6763 6764
6765 6766 6767
6765 6767 6768
6769 6770 6717
6721 6769 6717
6721 6717 6716
6719 6721 6716
6719 6716 6730
6337 6719 6730
6705 6731 6771
6772 6773 6774
6730 6754 6696
6762 6775 6776
6762 6776 6763
6777 6760 6763
6777 6763 6776
6756 6778 6779
6756 6779 6780
6702 6704 6781
6693 6656 6694
6782 6658 6651
6696 6693 6695
6767 6783 6762
6768 6767 6762
6768 6762 6761
6784 6711 6710
6784 6710 6785
6736 6786 6787
6736 6787 6737
6788 6760 6777
6788 6777 6789
6790 6791 6760
6790 6760 6788
6792 6793 6794
6792 6794 6795
6711 6784 6796
6711 6796 6797
6709 6708 6707
6709 6707 6706
6733 6735 6738
6733 6738 6734
6780 6779 6781
6780 6781 6704
6798 6780 6704
6798 6704 6703
6799 6800 6801
6771 6731 6802
6731 6727 6802
6766 6699 6783
6766 6783 6767
6803 6804 6805
6803 6740 6804
6741 6743 6806
6754 6716 6715
6807 6808 6809
6693 6661 6657
6656 6693 6657
6671 6692 6688
6677 6676 6689
6669 6683 6670
6772 6774 6801
6800 6772 6801
6727 6726 6802
6750 6753 6810
6750 6810 6811
6713 6717 6714
6783 6775 6762
6698 6783 6699
6692 6673 6812
6692 6681 6682
6692 6671 6681
6673 6672 6812
6692 6812 6688
6667 6690 6813
6667 6813 6679
6689 6813 6690
6690 6667 6666
6690 6666 6814
6678 6685 6686
6678 6686 6675
6684 6655 6657
6684 6657 6670
6815 6816 6687
6662 6815 6687
6730 6696 6349
6349 6696 6695
6349 6695 6169
6337 6339 6719
6797 6728 6711
6731 6707 6708
6731 6708 6727
6817 6818 6819
6817 6819 6820
6748 6821 6822
6748 6822 6823
6824 6825 6826
6824 6826 6827
6828 6829 6830
6831 6832 6833
6831 6833 6834
6835 6836 6837
6835 6837 6838
6834 6839 6831
6826 6825 6833
6826 6833 6832
6824 6827 6830
6824 6830 6840
6819 6818 6841
6819 6841 6842
6843 6844 6845
6843 6845 6846
6847 6836 6835
6846 6845 6838
6846 6838 6837
6830 6829 6840
6841 6844 6843
6841 6843 6842
6848 6849 6850
6848 6850 6817
6818 6851 6852
6841 6852 6853
6841 6853 6844
6844 6853 6854
6844 6854 6845
6845 6854 6855
6845 6855 6838
6838 6855 6856
6838 6856 6835
6835 6856 6847
6857 6858 6859
6860 6857 6859
6860 6859 6861
6862 6860 6861
6862 6861 6863
6864 6862 6863
6864 6863 6865
6866 6864 6865
6866 6865 6867
6868 6866 6867
6868 6867 6869
6722 6870 6720
6720 6769 6721
6861 6859 6871
6861 6871 6872
6863 6861 6872
6863 6872 6873
6865 6863 6873
6865 6873 6874
6867 6865 6874
6867 6874 6875
6876 6867 6875
6876 6875 6877
6878 6879 6880
6858 6871 6859
6784 6785 6712
6784 6712 6714
6786 6739 6742
6786 6742 6787
6788 6789 6778
6788 6778 6756
6790 6788 6756
6790 6756 6755
6795 6794 6724
6795 6724 6881
6784 6714 6882
6784 6882 6796
6811 6810 6883
6811 6883 6884
6729 6728 6797
6729 6797 6885
6752 6751 6800
6752 6800 6799
6780 6798 6757
6756 6780 6757
6728 6727 6708
6728 6708 6711
6886 6887 6888
6886 6888 6889
6817 6820 6890
6817 6890 6848
6823 6822 6829
6823 6829 6828
6850 6851 6818
6850 6818 6817
6763 6760 6759
6759 6891 6763
6770 6882 6714
6770 6714 6717
6876 6877 6879
6868 6878 6880
6745 6746 6749
6346 6347 6342
6342 6347 6343
6818 6852 6841
5355 6892 6893
5355 6893 5356
5490 6894 6895
6896 6897 6898
5576 5575 6899
5576 6899 6900
6894 5490 5461
5490 5489 5493
5490 5493 5461
6901 5611 5610
6901 5610 5575
6902 5492 5491
6902 5491 6903
6904 6893 6892
6904 6892 6905
6906 6900 6899
6906 6899 6907
6908 6909 6910
6908 6910 6911
6912 6913 6914
6912 6914 6915
5427 6894 5461
5490 6895 5488
5444 5497 5445
5445 5497 5447
5500 5387 5545
6916 6917 6918
6916 6918 6919
5601 5616 5631
5631 5616 5615
6920 5367 5370
6920 5370 6921
6922 6923 5374
6922 5374 5373
5575 5599 6901
5575 5574 5599
6911 6910 6924
6911 6924 6925
6915 6926 6927
6915 6927 6912
