byte offset: 0
first index: 0
index count: 20544
topology: trianglelist
format: DXGI_FORMAT_R16_UINT

0 1 2
3 4 5
2 1 6
7 8 9
7 9 10
11 7 10
11 10 12
13 14 15
16 17 13
18 19 20
14 21 15
22 23 24
25 26 27
28 29 30
30 31 2
32 33 34
35 14 36
37 38 39
37 39 40
41 42 43
44 45 46
44 46 47
5 48 3
49 50 51
49 51 52
53 54 38
53 38 37
55 56 53
55 53 57
43 40 39
58 37 40
58 40 59
42 41 45
42 45 44
60 43 42
60 42 61
3 47 46
62 44 47
62 47 63
64 48 5
64 5 65
66 3 48
66 48 67
67 48 64
67 64 68
66 63 47
66 47 3
34 2 32
49 69 70
49 70 50
11 52 51
11 51 7
14 20 21
22 24 17
55 12 10
55 10 56
25 24 23
58 57 53
58 53 37
28 30 27
60 59 40
60 40 43
31 30 29
62 61 42
62 42 44
70 64 65
70 65 71
33 18 34
68 64 70
68 70 69
72 73 74
72 74 75
76 77 78
79 80 81
79 81 82
83 84 85
83 85 86
87 88 89
87 89 90
7 51 91
7 91 8
77 74 78
92 79 82
92 82 76
80 93 94
80 94 81
84 95 96
84 96 85
87 97 98
87 98 88
99 36 14
99 14 17
75 100 101
75 101 72
102 103 24
104 105 30
6 30 2
106 107 108
106 108 109
34 110 0
97 111 112
97 112 98
111 106 109
111 109 112
0 2 34
100 90 89
100 89 101
103 17 24
113 102 24
108 107 96
108 96 95
6 104 30
34 114 110
50 70 71
91 51 50
20 14 35
114 34 20
56 10 9
54 53 56
105 27 30
113 24 27
35 115 20
20 115 114
71 116 50
103 117 17
117 99 17
56 118 54
105 119 27
43 120 41
27 119 113
50 116 91
9 118 56
39 120 43
3 46 4
18 20 34
21 20 19
32 2 121
2 31 121
28 27 26
25 27 24
22 17 16
76 78 92
13 17 14
78 74 73
122 123 124
122 124 125
126 127 128
126 128 129
129 128 123
129 123 122
130 131 127
130 127 126
132 133 134
132 134 135
136 137 138
136 138 139
140 141 142
140 142 143
134 137 136
134 136 135
130 139 131
140 144 141
140 145 144
145 140 143
145 143 146
147 132 135
147 135 148
136 149 148
136 148 135
149 136 139
149 139 150
130 151 150
130 150 139
151 130 126
151 126 152
152 126 129
152 129 153
153 129 122
153 122 154
154 122 125
154 125 155
125 124 156
125 156 157
125 157 158
125 158 155
157 156 159
157 159 160
158 157 160
158 160 161
143 132 147
143 147 146
142 133 132
142 132 143
162 163 164
165 166 167
166 168 167
168 169 167
170 166 165
170 171 172
160 159 168
160 168 166
160 166 161
166 170 161
165 167 173
165 173 174
175 176 177
175 174 173
174 178 171
174 171 165
178 174 179
177 180 179
177 179 175
181 182 183
184 180 181
185 179 180
178 186 172
178 172 171
187 188 189
187 182 188
181 180 190
191 162 164
191 164 192
193 194 195
186 178 179
196 173 197
196 197 198
199 200 201
196 202 176
203 204 205
175 173 196
198 206 202
198 202 196
175 196 176
190 207 181
189 194 193
195 194 192
208 187 193
201 200 209
201 209 210
209 200 204
209 204 211
212 211 204
212 204 203
198 213 214
198 214 206
197 215 213
197 213 198
213 215 216
213 216 217
218 219 220
218 220 221
222 223 224
222 224 225
225 224 219
225 219 218
226 227 228
226 228 229
217 216 223
217 223 222
230 231 232
230 232 233
234 209 211
234 211 235
236 237 238
236 238 239
240 241 242
240 242 243
237 240 243
237 243 238
231 244 239
231 239 245
241 234 235
241 235 242
217 246 214
217 214 213
222 247 246
222 246 217
225 248 247
225 247 222
218 249 248
218 248 225
221 250 249
221 249 218
251 252 250
251 250 221
253 254 255
256 235 211
256 211 212
257 242 235
257 235 256
258 243 242
258 242 257
259 238 243
259 243 258
260 239 238
260 238 259
261 245 239
261 239 260
262 244 263
262 263 264
265 266 244
265 244 262
267 240 237
267 237 268
269 241 240
269 240 267
270 234 241
270 241 269
210 209 234
210 234 270
253 255 271
272 232 273
274 273 245
274 245 261
232 272 233
254 252 251
254 251 255
251 275 271
251 271 255
232 231 245
232 245 273
274 272 273
163 276 277
163 162 278
279 191 194
280 281 188
162 191 278
194 189 282
283 280 188
283 188 207
190 177 284
190 284 285
286 284 177
285 283 207
285 207 190
176 287 286
163 278 276
288 289 290
291 292 293
292 294 293
295 296 297
298 299 300
298 300 301
302 301 300
288 290 277
289 303 304
305 291 304
305 306 291
293 295 297
307 308 296
298 307 299
309 310 311
309 311 312
313 314 310
313 310 309
315 282 281
316 280 283
287 317 318
319 320 321
282 315 322
282 322 279
279 322 278
280 316 323
280 323 281
285 324 325
285 325 283
287 326 327
287 327 286
284 328 324
284 324 285
327 328 284
327 284 286
320 318 317
320 317 321
315 329 330
323 331 315
326 332 333
326 333 327
320 334 335
320 335 318
336 337 338
336 338 319
288 330 329
288 329 289
289 329 331
289 331 303
296 295 333
296 333 332
299 307 335
299 335 334
338 337 300
288 276 330
339 340 341
330 276 278
331 323 316
331 316 342
305 303 331
305 342 343
305 343 306
316 325 343
316 343 342
328 344 345
328 345 324
344 294 292
344 292 345
344 328 327
344 327 333
294 344 333
294 333 295
343 325 324
343 324 345
306 343 345
306 345 292
318 335 332
318 332 326
296 335 307
334 320 319
311 310 346
299 334 338
347 348 337
347 337 336
339 349 350
339 350 340
310 314 339
300 337 302
346 339 351
352 353 349
352 349 314
348 347 354
348 354 355
356 302 348
356 348 355
350 349 353
350 353 357
358 352 314
358 314 313
359 353 352
359 352 360
361 362 359
361 359 360
363 364 365
363 365 366
367 368 355
367 355 354
368 367 369
368 369 370
355 368 356
371 372 368
371 368 370
373 374 375
373 375 376
357 353 359
357 359 377
377 359 362
377 362 378
379 360 352
379 352 358
380 361 360
380 360 379
364 363 381
364 381 382
383 384 385
386 387 388
389 388 387
384 383 390
388 389 391
375 374 392
375 392 393
366 365 394
366 394 395
396 397 362
396 362 361
398 396 361
398 361 380
399 371 370
399 370 400
369 401 400
369 400 370
362 397 402
362 402 378
366 397 396
366 396 363
381 363 396
381 396 398
374 373 399
374 399 400
392 374 400
392 400 401
397 366 395
397 395 402
291 306 292
303 305 304
293 294 295
290 289 304
376 375 384
376 384 390
384 375 393
384 393 385
365 387 386
365 386 394
364 389 387
364 387 365
391 389 364
391 364 382
403 404 405
406 407 408
409 410 411
409 411 412
413 414 409
413 409 412
415 416 417
415 417 418
416 415 419
416 419 420
421 422 414
421 414 413
423 424 425
423 425 426
427 428 429
427 429 430
427 431 428
432 433 434
432 434 435
435 436 437
435 437 432
431 438 439
440 441 442
443 444 435
443 435 434
445 446 447
448 449 431
448 431 427
448 427 430
448 430 450
424 451 452
424 452 425
451 424 453
451 453 454
455 456 457
455 457 458
456 459 460
456 460 457
461 462 463
461 463 464
462 465 466
462 466 463
467 468 469
467 469 470
469 468 471
469 471 472
465 473 474
465 474 466
475 476 477
478 479 480
478 480 481
482 483 484
482 484 485
486 475 477
441 440 487
436 435 444
436 444 488
489 475 486
490 491 478
490 478 481
458 457 404
458 404 403
457 460 406
457 406 404
464 463 412
464 412 411
463 466 413
463 413 412
466 474 421
466 421 413
470 469 415
470 415 418
415 469 472
415 472 419
420 490 481
420 481 416
481 480 417
481 417 416
483 482 414
483 414 422
482 492 409
482 409 414
493 410 409
493 409 492
475 494 476
495 436 488
495 488 496
497 498 491
497 491 490
499 497 490
499 490 420
419 500 499
419 499 420
419 472 501
419 501 500
472 471 502
472 502 501
436 495 503
436 503 437
504 505 506
504 506 507
508 509 510
508 510 511
511 510 512
511 512 513
514 515 513
514 513 512
516 517 515
516 515 514
518 519 517
518 517 516
520 521 507
520 507 506
441 495 496
441 496 442
497 476 494
497 494 498
499 477 476
499 476 497
477 499 500
486 500 501
486 501 489
495 441 487
495 487 503
522 523 524
522 524 525
523 526 527
523 527 524
528 529 530
530 529 531
530 531 532
533 534 535
527 536 533
527 533 524
528 534 533
528 533 529
536 531 529
536 529 533
453 537 538
453 538 530
453 530 532
453 532 454
426 425 539
426 539 540
452 541 539
452 539 425
542 407 406
406 460 543
406 543 544
460 459 545
460 545 543
430 429 540
430 540 539
543 464 411
543 411 544
544 411 542
410 493 542
541 450 430
541 430 539
505 546 446
505 446 506
473 508 511
473 511 474
474 511 513
474 513 421
515 422 421
515 421 513
515 517 483
515 483 422
517 519 484
517 484 483
446 445 520
446 520 506
433 504 507
433 507 434
509 467 470
509 470 510
510 470 418
510 418 512
417 514 512
417 512 418
417 480 516
417 516 514
480 479 518
480 518 516
521 443 434
521 434 507
461 464 543
461 543 545
453 424 423
453 423 537
547 493 548
549 548 550
551 552 550
552 553 550
550 553 549
554 555 556
554 556 557
551 550 492
551 492 482
557 556 484
557 484 558
559 560 561
536 562 563
564 565 532
566 567 568
569 570 571
569 571 572
573 574 572
575 576 574
575 574 573
577 578 579
580 581 561
580 561 526
532 565 454
451 568 567
451 567 452
572 582 569
582 583 541
582 572 574
582 574 584
585 584 574
585 574 576
577 579 586
587 588 589
587 589 590
590 591 592
593 594 595
592 591 596
597 586 598
597 598 599
600 584 585
600 585 601
583 582 584
583 584 600
602 603 604
604 603 605
604 605 606
607 608 609
607 609 610
611 612 613
614 590 589
614 589 615
616 591 590
616 590 614
617 618 619
620 618 617
621 622 623
621 623 624
600 601 625
599 626 597
627 596 591
627 591 628
623 622 629
623 629 630
631 609 608
631 608 632
633 605 634
611 635 612
636 637 616
638 639 579
638 579 640
641 622 621
641 621 642
643 629 622
643 622 641
644 554 557
644 557 645
645 557 558
645 558 646
647 596 627
647 627 648
649 592 596
649 596 647
639 649 598
639 598 579
650 651 576
650 576 575
652 608 607
652 607 653
654 632 608
654 608 652
655 552 551
655 551 656
656 551 482
656 482 485
657 597 658
657 658 659
660 586 597
660 597 657
651 660 585
651 585 576
526 661 662
526 662 527
527 662 562
527 562 536
531 563 564
531 564 532
565 568 451
565 451 454
567 566 570
567 570 569
567 569 541
567 541 452
663 664 665
666 667 665
666 665 668
669 670 667
669 667 666
671 672 673
674 675 673
674 673 676
674 677 678
674 678 675
679 680 681
679 681 682
683 684 564
565 684 685
565 685 568
686 566 685
566 686 687
566 687 570
688 689 571
689 690 691
692 690 693
692 693 694
695 696 697
695 697 698
699 671 673
675 700 699
675 699 673
701 702 703
701 703 704
678 705 700
678 700 675
706 707 708
706 708 709
710 711 712
713 683 564
713 564 563
681 714 712
681 712 682
715 716 696
708 717 718
708 718 719
679 720 705
679 705 678
721 722 696
721 696 695
723 693 690
724 690 689
689 688 725
726 686 727
727 686 728
684 729 728
684 728 685
683 729 684
730 716 715
665 731 732
665 732 663
733 671 699
700 734 735
700 735 699
705 736 734
705 734 700
720 737 736
720 736 705
707 738 717
707 717 708
739 703 702
740 702 741
742 741 743
710 744 711
745 746 719
711 747 682
711 682 712
714 710 712
718 745 719
744 748 747
744 747 711
709 708 719
709 719 746
570 687 688
570 688 571
671 670 669
671 669 672
733 749 670
733 670 671
750 687 726
562 713 563
665 667 751
751 667 670
751 670 749
493 547 542
560 661 526
560 526 561
581 559 561
536 563 531
526 523 580
523 522 580
617 619 752
590 592 587
579 578 640
715 696 722
696 716 697
477 500 486
489 501 502
586 579 598
582 541 569
299 338 300
302 337 348
190 180 177
286 177 176
728 686 685
686 726 687
687 750 688
725 688 750
724 689 725
723 690 724
665 664 668
673 672 676
733 699 735
550 548 493
550 493 492
407 542 547
405 404 408
406 408 404
542 406 544
542 411 410
665 751 731
351 339 341
346 310 339
339 314 349
131 139 138
619 618 595
619 595 594
623 630 613
623 613 612
614 615 636
616 614 636
624 623 612
624 612 635
628 591 616
628 616 637
597 626 658
685 566 568
564 684 565
571 689 691
691 690 692
573 572 571
192 194 191
279 194 282
188 281 189
282 189 281
315 281 323
278 191 279
315 330 322
330 278 322
439 438 546
546 438 446
428 431 439
753 754 755
753 755 756
757 758 759
757 759 760
758 753 756
758 756 759
761 757 760
761 760 762
763 764 765
763 765 766
767 768 769
767 769 770
771 772 773
771 773 774
765 764 767
765 767 770
769 768 761
769 761 762
774 775 771
776 777 778
779 756 755
779 755 780
781 782 783
759 784 760
785 783 777
786 759 756
786 756 779
787 788 782
789 762 760
789 760 784
790 791 792
790 792 793
765 794 795
796 797 798
796 798 799
800 770 769
800 769 801
802 803 804
802 804 805
806 774 773
806 773 807
799 798 791
799 791 790
794 765 770
794 770 800
797 796 788
801 769 762
801 762 789
806 775 774
775 804 808
775 805 804
776 809 754
776 754 753
785 776 753
785 753 758
781 785 758
781 758 757
787 781 757
787 757 761
768 810 787
768 787 761
811 810 768
811 768 767
764 812 811
764 811 767
813 812 764
813 764 763
808 814 772
808 772 771
771 775 808
803 814 808
803 808 804
791 812 813
791 813 792
798 811 812
798 812 791
797 810 811
797 811 798
755 815 816
755 816 780
754 817 815
754 815 755
809 818 817
809 817 754
809 778 819
820 821 815
820 815 817
818 819 822
816 815 821
816 821 823
820 817 824
772 763 766
772 766 773
814 813 763
814 763 772
792 813 814
792 814 803
793 792 803
793 803 802
795 807 766
163 825 164
826 827 828
827 829 828
830 829 827
830 827 831
832 833 834
832 834 835
836 837 838
836 838 839
840 836 839
840 839 841
842 843 844
842 844 845
846 170 172
821 827 826
821 826 823
831 827 821
831 821 820
847 848 849
847 849 850
847 851 852
853 854 850
853 850 849
855 856 857
855 857 858
859 860 861
859 861 862
863 864 865
863 865 866
867 856 855
867 855 868
859 869 870
871 864 863
871 863 872
873 874 875
873 875 876
877 878 864
877 864 871
865 864 878
865 878 879
872 863 860
872 860 870
861 860 863
861 863 866
880 881 879
880 879 878
880 878 877
880 877 882
883 884 885
883 885 886
887 888 889
890 888 891
892 893 894
892 894 895
892 896 897
892 897 893
891 898 899
898 891 900
883 889 901
900 902 898
903 904 892
903 892 895
858 857 905
858 905 906
862 861 907
862 907 908
909 866 865
909 865 910
911 912 913
913 912 914
914 912 915
914 915 916
914 916 917
879 918 910
861 866 909
861 909 907
876 919 920
917 916 921
874 922 875
893 923 894
897 923 893
919 876 875
919 875 924
924 875 922
913 872 911
872 913 914
872 914 871
871 914 917
871 917 877
917 882 877
873 925 926
873 926 874
874 926 922
886 885 927
886 927 928
869 859 856
856 859 862
856 862 857
905 857 862
905 862 908
868 855 848
848 855 858
848 858 849
853 849 858
853 858 906
883 901 884
870 929 911
928 927 930
928 930 931
931 930 932
931 932 933
933 932 934
899 890 891
899 935 890
936 937 938
936 938 939
940 941 942
943 944 945
943 945 946
947 948 949
950 951 952
953 954 951
948 947 955
948 955 956
957 958 953
959 960 961
959 961 962
963 964 965
963 965 966
967 968 969
970 971 972
973 974 975
973 975 976
977 978 968
977 968 967
965 964 979
965 979 980
981 982 983
982 961 960
982 960 983
984 985 937
984 937 936
986 987 988
989 990 991
989 991 992
993 994 995
993 995 996
997 998 999
997 999 1000
1001 1002 1003
1001 1003 1004
1005 1006 1007
1008 1009 1010
1008 1010 1011
999 1012 1013
999 1013 1000
995 1014 1015
995 1015 996
1004 1003 1016
986 1017 1018
986 1018 987
942 1019 1020
1021 1022 1023
1024 1025 1026
1027 1028 1029
1027 1029 1030
1031 1032 1033
1034 1035 1036
1037 1038 1039
1037 1039 1040
1041 1042 1043
1041 1043 1044
1045 1046 1047
1045 1047 1048
1049 1050 1051
1049 1051 1052
1053 1054 1055
1053 1055 1056
1057 1058 1059
1057 1059 1060
1061 1062 1063
1061 1063 1064
944 943 1065
971 1066 1067
971 1067 972
1006 1068 1039
1005 1068 1006
1032 1069 1070
1032 1070 1071
1039 1068 1040
1032 1071 1072
1032 1072 1033
1073 1041 1044
1073 1044 1074
1075 1045 1048
1075 1048 1076
1077 1049 1052
1077 1052 1078
1056 1079 1053
1036 1035 1080
1035 1081 1080
1080 1081 1082
1083 1023 1022
1083 1022 1084
1025 1085 1086
1087 1027 1030
1087 1030 1088
1089 1037 1040
1089 1040 1090
1031 1069 1032
1068 1090 1040
990 1091 987
990 987 991
1059 1062 1061
1059 1061 1060
1092 1020 1017
1092 1017 986
1092 986 984
1063 1093 1065
1063 1065 1064
1002 989 992
1002 992 1003
1057 1079 1056
1055 1058 1057
1055 1057 1056
992 1094 1095
992 1095 1003
1004 1016 1014
1004 1014 995
994 1001 1004
994 1004 995
1035 1034 1096
1035 1096 1023
1081 1035 1023
1081 1023 1083
961 974 973
961 973 962
1052 1053 1097
1052 1097 1078
1051 1054 1053
1051 1053 1052
996 1015 1012
996 1012 999
998 993 996
998 996 999
1098 1022 1021
1026 1084 1022
965 960 959
965 959 966
960 965 980
960 980 983
1048 1049 1077
1048 1077 1076
1047 1050 1049
1047 1049 1048
1011 1010 1000
1011 1000 1013
1000 1010 997
1028 1027 1024
1085 1025 1027
1085 1027 1087
968 964 963
968 963 969
978 979 964
978 964 968
1044 1045 1075
1044 1075 1074
1043 1046 1045
1043 1045 1044
1071 1070 1042
1071 1042 1041
1009 1008 1099
1009 1099 1007
1029 1009 1007
1029 1007 1038
1030 1029 1038
1030 1038 1037
1088 1030 1037
1088 1037 1089
1066 977 967
1066 967 1067
1071 1041 1073
1071 1073 1072
1100 1101 1102
1100 1102 1103
1104 1105 1101
1104 1101 1100
1106 1107 1108
1106 1108 1109
1110 1111 1107
1110 1107 1106
1112 1113 1114
1112 1114 1115
1116 1117 1118
1116 1118 1119
1120 1121 1122
1123 1124 1125
1123 1125 1126
1127 1128 1129
1127 1129 952
1130 1131 1128
1130 1128 1127
1132 1133 1131
1132 1131 1130
1134 1135 1136
1134 1136 1137
1138 1139 1135
1138 1135 1134
1140 1141 1142
1143 1144 1145
1126 1146 1147
1126 1147 1123
1148 1149 1150
1148 1150 1151
954 1152 1153
1152 1154 1127
1132 1130 1154
1132 1154 1155
1134 1137 1156
1134 1156 1157
1138 1134 1157
1138 1157 1158
1124 1148 1151
1124 1151 1125
1119 1118 1159
1119 1159 1160
1161 1110 1106
1161 1106 1162
1162 1106 1109
1162 1109 1163
1164 1104 1100
1164 1100 1165
1165 1100 1103
1165 1103 1166
1166 1103 948
1166 948 956
1143 1167 1144
1168 1112 1115
1168 1115 1169
1170 1171 1172
1173 1120 1122
1121 1120 1174
1172 1171 1175
1117 1176 1177
1117 1177 1118
1178 1179 1146
1178 1146 1126
1125 1180 1178
1125 1178 1126
1151 1181 1180
1151 1180 1125
1151 1150 1182
1151 1182 1181
1118 1177 1183
1118 1183 1159
1180 1158 1184
1180 1184 1178
1185 1186 1179
1185 1179 1178
1177 1176 1111
1177 1111 1110
1183 1177 1110
1183 1110 1161
1181 1182 1139
1181 1139 1138
1181 1138 1158
1181 1158 1180
1109 1108 1105
1109 1105 1104
1163 1109 1104
1163 1104 1164
1137 1136 1133
1137 1133 1132
1137 1132 1155
1137 1155 1156
958 1187 954
1187 1188 1152
1155 1154 1188
1155 1188 1189
1156 1155 1189
1156 1189 1190
1157 1156 1190
1157 1190 1191
1158 1157 1191
943 946 1192
1192 1193 943
1194 1064 1065
1194 1065 1193
1195 1061 1064
1195 1064 1194
1196 1060 1061
1196 1061 1195
1197 1057 1060
1197 1060 1196
1079 1057 1197
1198 1199 1200
982 981 1199
982 1199 1198
974 961 982
974 982 1201
975 974 1201
975 1202 1203
975 1203 976
1204 1202 1205
1206 1205 1207
1206 1207 1208
1209 1208 1207
949 948 1103
949 1103 1102
991 987 1018
991 1018 1210
991 1210 1094
991 1094 992
1204 1203 1202
939 1211 1212
939 1212 940
1213 941 940
1213 940 1212
946 945 1214
946 1214 1215
951 950 1216
951 1216 1217
1218 953 1217
953 1218 957
955 947 1219
836 1212 1211
1214 843 842
1214 842 1215
836 840 1213
836 1213 1212
1217 1216 170
1217 170 846
1220 850 1221
851 847 1220
851 1220 1222
850 854 1221
1221 834 1220
833 1223 1220
1223 1224 1222
1223 1222 1220
1224 1225 1222
1218 1217 846
1218 846 837
1220 847 850
830 1226 1227
830 1227 829
1227 1228 829
1229 832 835
1229 835 1230
1231 184 183
1231 183 1232
1233 1234 185
1235 1236 208
1235 208 1237
1238 192 164
1233 1239 1240
1233 1240 1234
1232 1241 1242
1243 1235 1237
1243 1237 1244
1245 1238 164
1245 164 825
1238 1245 1246
1238 1246 1247
1238 1247 195
1244 1237 1247
1244 1247 1246
1247 1237 208
1239 1233 1231
1231 1233 184
841 839 1234
841 1234 1240
1234 839 186
844 1248 1249
844 1249 845
186 838 172
1129 950 952
951 1153 952
952 1153 1127
1173 1145 1144
1173 1144 1120
1115 1172 1175
1115 1175 1169
1114 1170 1172
1114 1172 1115
1167 1250 1142
1167 1142 1174
1167 1174 1120
1167 1120 1144
1168 1116 1119
1168 1119 1112
1112 1119 1160
1112 1160 1113
1141 1140 1149
1141 1149 1148
1121 1141 1148
1121 1148 1124
1122 1121 1124
1122 1124 1123
1147 1251 1122
1147 1122 1123
1167 1143 1250
1142 1141 1174
1153 1152 1127
951 954 1153
1173 1122 1251
1121 1174 1141
846 838 837
846 172 838
954 1187 1152
942 1092 984
942 984 936
1252 1253 988
1252 988 1091
1254 1255 990
1254 990 989
1021 1096 994
1021 994 993
1024 1098 998
1024 998 997
1010 1009 1029
1010 1029 1028
1034 1036 1002
1034 1002 1001
1255 1252 1091
1255 1091 990
1253 985 984
1253 984 988
989 1002 1254
1096 1034 1001
1096 1001 994
1098 1021 993
1098 993 998
997 1028 1024
1006 1038 1007
1039 1038 1006
1005 1007 1099
942 941 1019
1021 1023 1096
1022 1098 1026
1084 1026 1086
899 898 1256
873 876 881
873 881 880
896 892 904
896 904 902
904 903 1256
918 879 881
918 881 920
901 889 888
888 887 891
1053 1079 1097
900 891 887
898 902 904
904 1256 898
953 958 954
1127 1154 1130
1152 1188 1154
943 1193 1065
944 1065 1093
1220 834 833
822 819 1257
1217 953 951
797 788 787
797 787 810
818 822 824
824 817 818
1204 1205 1206
911 872 870
859 870 860
870 869 929
847 852 848
869 856 867
868 848 852
784 759 786
1254 1036 1080
1158 1191 1184
1254 1002 1036
938 1258 1211
938 1211 939
940 942 936
940 936 939
836 1211 837
837 1211 1258
1024 1027 1025
997 1010 1028
1025 1086 1026
1024 1026 1098
942 1020 1092
1259 1260 1261
1259 1261 1262
1263 1264 1259
1263 1259 1262
1265 1266 1267
1265 1267 1268
1267 1266 1269
1267 1269 1270
1266 1265 1260
1266 1260 1259
1264 1269 1266
1264 1266 1259
1262 1261 1271
1262 1271 1272
1273 1263 1262
1273 1262 1272
1272 1271 1274
1272 1274 1275
1275 1276 1273
1275 1273 1272
1277 1278 1279
1277 1279 1280
1275 1274 1280
1279 1276 1275
1265 1268 1281
1265 1281 1282
1260 1265 1282
1260 1282 1283
1274 1271 1284
1274 1284 1285
1261 1260 1283
1261 1283 1286
1271 1261 1286
1271 1286 1284
1280 1274 1285
1280 1285 1287
1277 1280 1287
1277 1287 1288
1289 1279 1278
1267 1290 1268
1267 1270 1290
1290 1291 1281
1290 1281 1268
1283 1292 1293
1283 1293 1286
1286 1293 1294
1286 1294 1284
1282 1281 1295
1295 1292 1283
1295 1283 1282
1285 1284 1294
1296 1287 1297
1287 1296 1298
1287 1298 1288
1299 1300 1301
1299 1301 1302
1303 1304 1305
1306 1307 1308
1306 1308 1309
1310 1311 1312
1313 1314 1315
1316 1317 1318
1316 1318 1319
1320 1308 1307
1321 1322 1311
1321 1311 1323
1324 1314 1325
1326 1327 1328
1326 1328 1329
1328 1330 1329
1303 1331 1332
1303 1332 1333
1333 1332 1334
1333 1334 1335
1336 1311 1310
1336 1310 1337
1311 1336 1323
1338 1339 1340
1338 1340 1341
1342 1343 1344
1345 1327 1326
1345 1326 1343
1346 1347 1341
1346 1341 1340
1348 1344 1326
1349 1340 1339
1349 1339 1350
1351 1346 1340
1351 1340 1349
1329 1301 1300
1329 1300 1348
1350 1352 1318
1350 1318 1349
1318 1317 1351
1318 1351 1349
1330 1353 1302
1330 1302 1301
1352 1354 1319
1352 1319 1318
1354 1309 1308
1354 1308 1319
1355 1299 1302
1355 1302 1356
1353 1357 1356
1353 1356 1302
1308 1320 1316
1308 1316 1319
1312 1322 1307
1312 1307 1306
1305 1355 1356
1305 1356 1303
1357 1331 1303
1357 1303 1356
1322 1321 1320
1322 1320 1307
1314 1336 1337
1314 1337 1315
1335 1358 1333
1333 1358 1304
1359 1360 1361
1359 1361 1362
1360 1363 1364
1360 1364 1361
1365 1366 1367
1365 1367 1368
1369 1370 1371
1369 1371 1372
1355 1360 1359
1355 1359 1299
1305 1363 1360
1305 1360 1355
1373 1366 1365
1373 1365 1374
1369 1375 1376
1369 1376 1370
1377 1378 1379
1377 1379 1380
1381 1382 1383
1381 1383 1384
1384 1383 1385
1384 1385 1386
1387 1388 1389
1387 1389 1390
1391 1392 1393
1391 1393 1313
1339 1338 1377
1339 1377 1380
1381 1384 1354
1384 1386 1309
1394 1395 1396
1394 1396 1342
1397 1362 1361
1364 1398 1399
1364 1399 1361
1367 1400 1401
1367 1401 1368
1371 1402 1403
1371 1403 1372
1404 1405 1406
1407 1404 1408
1405 1404 1407
1409 1410 1411
1411 1410 1412
1413 1376 1375
1414 1407 1408
1414 1408 1415
1407 1416 1405
1417 1405 1416
1418 1411 1412
1418 1412 1419
1420 1409 1411
1420 1411 1418
1408 1421 1422
1408 1422 1415
1423 1369 1372
1423 1372 1424
1375 1369 1423
1375 1423 1425
1425 1426 1427
1425 1427 1375
1428 1392 1391
1428 1391 1429
1372 1403 1430
1372 1430 1424
1370 1414 1415
1370 1415 1371
1415 1422 1402
1415 1402 1371
1393 1420 1418
1393 1418 1313
1313 1418 1419
1313 1419 1325
1376 1413 1417
1376 1417 1416
1376 1416 1414
1376 1414 1370
1366 1423 1424
1366 1424 1367
1425 1423 1366
1425 1366 1373
1429 1390 1428
1424 1430 1400
1424 1400 1367
1363 1365 1368
1363 1368 1364
1374 1365 1363
1386 1387 1306
1385 1388 1387
1385 1387 1386
1398 1364 1401
1404 1421 1408
1406 1405 1417
1431 1417 1413
1427 1432 1433
1427 1433 1413
1380 1379 1434
1380 1434 1435
1395 1394 1436
1380 1435 1339
1435 1434 1437
1435 1437 1438
1439 1440 1436
1439 1436 1441
1300 1441 1436
1300 1436 1348
1435 1438 1350
1438 1437 1382
1438 1382 1381
1438 1381 1352
1359 1441 1300
1359 1300 1299
1441 1359 1362
1441 1362 1439
1439 1362 1442
1394 1344 1436
1305 1304 1374
1374 1304 1358
1374 1358 1373
1373 1358 1426
1373 1426 1425
1426 1335 1432
1426 1432 1427
1391 1313 1315
1391 1315 1337
1429 1310 1390
1390 1310 1312
1443 1444 1345
1443 1345 1343
1342 1445 1443
1342 1443 1343
1288 1298 1378
1288 1378 1377
1338 1277 1288
1338 1288 1377
1342 1396 1446
1342 1446 1445
1347 1289 1278
1347 1278 1341
1277 1338 1341
1277 1341 1278
1374 1363 1305
1303 1333 1304
1275 1280 1279
1335 1426 1358
1334 1432 1335
1447 1336 1314
1447 1314 1324
1413 1375 1427
1395 1436 1440
1436 1344 1348
1442 1362 1397
1401 1364 1368
1348 1326 1329
1342 1344 1394
1344 1343 1326
578 577 651
578 651 650
606 605 652
606 652 653
605 633 654
605 654 652
556 555 655
556 655 656
484 556 656
484 656 485
625 601 657
625 657 659
601 585 660
601 660 657
577 586 660
577 660 651
447 438 431
741 702 743
447 431 449
447 446 438
588 587 639
588 639 638
610 609 641
610 641 642
609 631 643
609 643 641
617 752 644
617 644 645
620 617 645
620 645 646
626 599 647
626 647 648
599 598 649
599 649 647
587 592 649
587 649 639
739 702 740
678 677 680
678 680 679
694 693 695
694 695 698
704 703 707
704 707 706
682 747 720
682 720 679
693 723 721
693 721 695
747 748 737
747 737 720
738 707 703
738 703 739
1390 1312 1387
1310 1429 1337
1309 1386 1306
1306 1387 1312
1339 1435 1350
1350 1438 1352
1352 1381 1354
1354 1384 1309
1325 1314 1313
1323 1336 1447
1406 1417 1431
1416 1407 1414
1431 1413 1433
356 368 372
1395 1440 1448
1440 1439 1448
1448 1439 1442
1397 1361 1399
1428 1390 1389
179 174 175
170 165 171
1329 1330 1301
334 319 338
809 819 818
776 778 809
785 777 776
781 783 785
787 782 781
880 882 873
882 925 873
882 921 925
917 921 882
766 807 773
765 795 766
876 920 881
879 910 865
184 1233 185
187 189 193
185 180 184
316 283 325
315 331 329
305 331 342
288 277 276
1295 1281 1291
296 308 297
307 298 308
1297 1287 1285
1285 1294 1297
287 318 326
829 1228 828
186 839 838
1016 1003 1095
988 987 1091
984 986 988
1239 1231 1242
528 530 538
1236 182 187
1236 1235 1232
1241 1232 1235
1241 1235 1243
207 182 181
533 535 524
524 535 525
193 195 208
1232 1242 1231
188 182 207
183 182 1236
1236 187 208
1236 1232 183
184 181 183
185 1234 186
186 179 185
335 296 332
1238 195 192
1247 208 195
1312 1311 1322
1391 1337 1429
1449 1450 1451
1452 1453 1454
1455 1456 1457
1455 1457 1458
1459 1460 1461
1462 1463 1464
1465 1466 1467
1468 1469 1470
1468 1470 1471
1472 1452 1473
1474 1475 1476
1474 1476 1477
1475 1478 1479
1475 1479 1476
1480 1481 1479
1480 1479 1478
1482 1483 1484
1482 1484 1485
1486 1483 1462
1486 1462 1487
1488 1489 1490
1488 1490 1486
1491 1459 1484
1491 1484 1490
1492 1493 1460
1492 1460 1491
1494 1495 1449
1472 1473 1496
1497 1498 1499
1500 1501 1478
1502 1480 1478
1502 1478 1501
1503 1499 1504
1505 1506 1500
1507 1505 1500
1507 1500 1508
1509 1460 1493
1509 1493 1510
1495 1494 1511
1495 1511 1512
1467 1466 1513
1467 1513 1514
1498 1515 1516
1498 1516 1517
1518 1519 1520
1518 1520 1521
1522 1523 1524
1522 1524 1525
1517 1526 1498
1461 1451 1527
1523 1528 1456
1523 1456 1455
1461 1509 1494
1510 1511 1494
1510 1494 1509
1459 1491 1460
1490 1489 1492
1490 1492 1491
1485 1484 1459
1485 1459 1529
1522 1519 1530
1522 1530 1531
1463 1462 1483
1463 1483 1482
1486 1490 1484
1486 1484 1483
1486 1487 1532
1486 1532 1488
1449 1454 1450
1449 1495 1452
1512 1496 1473
1512 1473 1495
1500 1506 1501
1506 1502 1501
1533 1534 1535
1536 1535 1537
1536 1537 1538
1539 1540 1455
1539 1455 1458
1534 1541 1537
1534 1537 1535
1542 1543 1544
1542 1544 1468
1530 1519 1518
1530 1518 1545
1527 1529 1459
1497 1499 1503
1546 1499 1547
1498 1497 1548
1498 1548 1515
1522 1531 1528
1522 1528 1523
1540 1524 1523
1540 1523 1455
1525 1520 1519
1525 1519 1522
1518 1471 1470
1518 1470 1545
1521 1549 1471
1521 1471 1518
1537 1458 1457
1537 1457 1538
1541 1539 1458
1541 1458 1537
1472 1453 1452
1533 1535 1536
1547 1499 1526
1504 1499 1546
1498 1526 1499
1474 1508 1475
1550 1551 1552
1553 1554 1555
1553 1555 1556
1557 1551 1550
1557 1550 1558
1559 1555 1560
1559 1560 1561
1555 1554 1562
1555 1562 1560
1563 1558 1550
1557 1558 1564
1557 1564 1565
1565 1564 1566
1565 1566 1567
1564 1558 1568
1564 1568 1569
1560 1562 1570
1560 1570 1571
1572 1566 1564
1572 1564 1569
1571 1570 1573
1571 1573 1574
1574 1573 1575
1574 1575 1576
1560 1571 1577
1560 1577 1561
1571 1574 1578
1571 1578 1577
1576 1579 1578
1576 1578 1574
1580 1581 1582
1566 1583 1584
1566 1584 1567
1585 1583 1566
1585 1566 1572
1581 1580 1586
1587 1588 1583
1587 1583 1585
1589 1579 1576
1589 1576 1590
1576 1575 1591
1576 1591 1590
1583 1588 1592
1583 1592 1584
1593 1594 1595
1593 1595 1596
1586 1597 1598
1586 1598 1581
1598 1599 1582
1598 1582 1581
1595 1594 1600
1595 1600 1601
1596 1595 1588
1596 1588 1587
1597 1589 1590
1597 1590 1598
1590 1591 1599
1590 1599 1598
1588 1595 1601
1588 1601 1592
1602 1600 1594
1594 1593 1602
1553 1556 1603
1553 1603 1604
1605 1606 1607
1608 1609 1610
1608 1610 1611
1607 1612 1605
1608 1613 1609
1606 1614 1615
1606 1615 1616
1614 1617 1618
1619 1620 1621
1619 1621 1622
1623 1624 1625
1623 1625 1626
1627 1628 1629
1627 1629 1630
1631 1632 1633
1631 1633 1634
1626 1625 1620
1626 1620 1619
1627 1630 1624
1627 1624 1623
1606 1605 1629
1606 1629 1628
1622 1621 1631
1622 1631 1634
1635 1636 1637
1635 1637 1638
1639 1640 1641
1639 1641 1642
1643 1644 1645
1642 1641 1636
1642 1636 1635
1644 1643 1640
1644 1640 1639
1645 1646 1611
1638 1637 1647
1638 1647 1648
1649 1650 1651
1652 1653 1654
1652 1654 1655
1656 1657 1658
1656 1658 1659
1660 1661 1662
1650 1649 1653
1650 1653 1652
1655 1654 1658
1655 1658 1657
1613 1656 1659
1613 1659 1663
1664 1651 1661
1665 1666 1667
1668 1669 1670
1671 1672 1673
1671 1673 1674
1675 1676 1677
1675 1677 1678
1679 1680 1681
1679 1681 1682
1683 1684 1670
1683 1670 1669
1685 1686 1687
1685 1687 1688
1689 1690 1691
1689 1691 1692
1632 1693 1694
1632 1694 1633
1675 1678 1695
1675 1695 1662
1628 1696 1614
1628 1614 1606
1627 1697 1696
1627 1696 1628
1623 1698 1697
1623 1697 1627
1626 1699 1698
1626 1698 1623
1619 1700 1699
1619 1699 1626
1622 1701 1700
1622 1700 1619
1634 1702 1701
1634 1701 1622
1634 1633 1703
1634 1703 1702
1633 1694 1703
1674 1704 1671
1705 1683 1669
1705 1669 1706
1617 1614 1707
1707 1696 1708
1708 1697 1709
1709 1698 1710
1700 1711 1710
1700 1710 1699
1701 1712 1711
1701 1711 1700
1702 1713 1712
1702 1712 1701
1703 1714 1713
1703 1713 1702
1715 1716 1714
1715 1714 1703
1704 1717 1716
1704 1716 1715
1704 1705 1718
1704 1718 1717
1668 1706 1669
1609 1719 1720
1609 1720 1610
1721 1722 1719
1721 1719 1609
1723 1724 1722
1725 1726 1727
1725 1727 1728
1728 1729 1730
1728 1730 1725
1729 1731 1732
1729 1732 1730
1733 1734 1735
1733 1735 1736
1737 1738 1739
1737 1739 1740
1741 1742 1743
1741 1743 1744
1744 1743 1745
1744 1745 1746
1746 1745 1747
1746 1747 1748
1749 1750 1751
1749 1751 1752
1753 1754 1755
1753 1755 1756
1757 1758 1759
1757 1759 1760
1760 1759 1761
1760 1761 1762
1762 1761 1763
1762 1763 1764
1765 1766 1767
1765 1767 1768
1769 1770 1771
1772 1773 1774
1775 1776 1777
1775 1777 1778
1755 1754 1779
1755 1779 1780
1751 1750 1781
1751 1781 1782
1745 1783 1784
1745 1784 1747
1743 1785 1783
1743 1783 1745
1785 1743 1742
1785 1742 1786
1758 1726 1725
1758 1725 1759
1725 1730 1761
1730 1732 1763
1730 1763 1761
1766 1733 1736
1766 1736 1767
1776 1738 1737
1776 1737 1777
1744 1787 1788
1744 1788 1741
1746 1789 1787
1746 1787 1744
1748 1790 1789
1748 1789 1746
1752 1791 1792
1752 1792 1749
1756 1793 1794
1756 1794 1753
1770 1795 1796
1797 1774 1773
1770 1796 1771
1752 1751 1798
1752 1798 1799
1799 1800 1791
1799 1791 1752
1801 1736 1735
1801 1735 1802
1736 1801 1803
1736 1803 1767
1768 1767 1803
1768 1803 1804
1805 1798 1751
1805 1751 1782
1748 1747 1750
1748 1750 1749
1749 1792 1790
1749 1790 1748
1731 1734 1733
1731 1733 1732
1732 1733 1766
1732 1766 1763
1764 1763 1766
1764 1766 1765
1781 1750 1747
1781 1747 1784
1806 1807 1808
1807 1809 1786
1807 1786 1742
1810 1808 1811
1777 1812 1813
1777 1813 1778
1814 1812 1777
1814 1777 1737
1814 1815 1769
1814 1769 1771
1797 1816 1817
1755 1818 1817
1755 1817 1756
1774 1818 1772
1804 1803 1776
1804 1776 1775
1801 1738 1776
1801 1776 1803
1738 1801 1802
1738 1802 1739
1794 1800 1799
1794 1799 1753
1799 1798 1754
1799 1754 1753
1754 1798 1805
1754 1805 1779
1819 1820 1821
1822 1823 1824
1822 1824 1825
1825 1824 1826
1825 1826 1827
1826 1828 1829
1826 1829 1827
1830 1831 1832
1830 1832 1833
1833 1832 1834
1833 1834 1835
1836 1837 1838
1836 1838 1839
1840 1841 1842
1840 1842 1843
1841 1844 1845
1841 1845 1842
1846 1847 1845
1846 1845 1844
1848 1849 1850
1848 1850 1851
1849 1852 1853
1849 1853 1850
1854 1855 1856
1857 1858 1859
1857 1859 1860
1861 1862 1863
1854 1864 1855
1850 1853 1865
1851 1850 1866
1851 1866 1867
1847 1868 1869
1847 1869 1845
1842 1845 1869
1842 1869 1870
1871 1872 1870
1842 1872 1843
1873 1874 1823
1873 1823 1820
1823 1874 1875
1823 1875 1824
1824 1875 1876
1824 1876 1826
1876 1877 1828
1876 1828 1826
1831 1878 1879
1831 1879 1832
1832 1879 1880
1832 1880 1834
1881 1882 1859
1881 1859 1858
1855 1853 1852
1855 1852 1856
1835 1834 1858
1835 1858 1857
1834 1880 1883
1884 1885 1855
1886 1887 1888
1886 1888 1889
1890 1891 1886
1892 1893 1857
1892 1857 1860
1893 1894 1835
1893 1835 1857
1894 1895 1833
1894 1833 1835
1895 1896 1830
1895 1830 1833
1896 1897 1898
1896 1898 1830
1827 1899 1825
1825 1900 1822
1901 1902 1903
1861 1904 1862
1905 1854 1856
1906 1856 1852
1906 1852 1907
1907 1852 1908
1908 1849 1909
1909 1848 1910
1844 1841 1911
1844 1911 1912
1911 1841 1913
1840 1836 1913
1873 1914 1915
1874 1916 1875
1875 1917 1918
1875 1918 1876
1918 1919 1877
1918 1877 1876
1878 1920 1921
1878 1921 1879
1879 1921 1880
1922 1883 1880
1922 1880 1923
1881 1924 1925
1881 1925 1882
1886 1889 1926
1927 1863 1862
1864 1928 1929
1864 1929 1884
1930 1885 1884
1930 1884 1929
1865 1931 1932
1865 1932 1866
1866 1932 1933
1866 1933 1867
1933 1934 1935
1933 1935 1867
1869 1936 1937
1869 1937 1870
1916 1938 1917
1870 1937 1871
1939 1940 1915
1939 1915 1914
1843 1872 1941
1942 1839 1838
1942 1838 1943
1838 1944 1943
1944 1945 1946
1939 1914 1947
1948 1945 1944
1948 1944 1949
1950 1904 1861
1950 1861 1951
1952 1891 1890
1952 1890 1953
1954 1955 1860
1954 1860 1859
1956 1954 1859
1956 1859 1882
1957 1956 1882
1957 1882 1925
1958 1863 1927
1958 1927 1959
1951 1861 1863
1951 1863 1958
1806 1810 1960
1961 1962 1806
1963 1943 1946
1963 1946 1964
1965 1966 1967
1968 1969 1970
1968 1970 1971
1972 1973 1974
1975 1976 1977
1978 1979 1980
1978 1980 1981
1981 1982 1983
1981 1983 1978
1984 1985 1986
1984 1986 1987
1988 1989 1990
1991 1992 1993
1994 1995 1996
1994 1996 1997
1998 1999 1987
1998 1987 1986
1985 2000 2001
1985 2001 1986
1988 2002 1989
1993 1992 2003
1995 2004 2005
1995 2005 1996
1995 1998 2006
1995 2006 2004
2007 1969 1968
2007 1968 2008
2009 2010 1982
2009 1982 1981
1981 1980 2011
1981 2011 2009
1976 2012 1977
2013 1997 1996
2013 1996 2014
2015 2016 1975
2015 1975 1977
2015 2017 2011
2015 2011 1980
2014 1996 2005
2014 2005 2018
2019 1972 1974
2019 1974 2020
1989 2021 2000
1989 2000 1985
2020 1974 1969
2020 1969 2007
1969 1974 1973
1969 1973 1970
1990 1989 1985
1990 1985 1984
2002 1988 1966
2022 2023 2019
2024 2025 2026
2024 2026 2027
2028 2029 2024
2030 2025 2029
2031 2030 2029
2031 2029 2032
2033 2034 2035
2033 2035 2036
2036 2035 2037
2036 2037 2038
2039 2040 2041
2042 2043 2044
2045 2039 2041
2046 2039 2045
2047 2048 2049
2047 2049 2050
2042 2051 2043
2052 2053 2054
2052 2054 2055
2056 2054 2053
2056 2053 2057
2058 2059 2060
2058 2060 2061
2059 2058 2062
2059 2062 2063
2064 2047 2050
2064 2050 2065
2064 2065 2066
2064 2066 2067
2068 2063 2062
2068 2062 2069
2058 2061 2048
2058 2048 2047
2058 2047 2064
2058 2064 2062
2062 2064 2067
2062 2067 2069
2057 2053 2035
2057 2035 2034
2035 2053 2052
2035 2052 2037
2045 2050 2049
2045 2049 2046
2050 2045 2041
2050 2041 2065
2065 2041 2040
2065 2040 2066
2043 2054 2056
2043 2056 2044
2054 2043 2051
2054 2051 2055
2033 2036 2070
2031 2032 2036
2031 2036 2038
2060 2059 2071
2060 2071 2072
2063 2073 2071
2063 2071 2059
2074 2073 2063
2074 2063 2068
2075 2076 2077
2075 2077 2078
2079 2080 2081
2079 2081 2082
2076 2075 2081
2076 2081 2080
2077 1504 1546
2078 1546 1547
1546 2078 2077
2083 2084 2085
2086 2087 2088
2086 2088 2089
2090 2084 2091
2090 2091 2092
2093 2094 2095
2093 2095 2096
2097 2094 2093
2097 2093 2098
2099 2100 2101
2099 2101 2102
2100 2103 2104
2100 2104 2101
2105 2106 2107
2105 2107 2108
2109 2110 2077
2109 2077 2076
2110 2109 2104
2110 2104 2103
2027 2026 2084
2027 2084 2090
2111 2093 2096
2111 2096 2112
2098 2093 2113
2114 2115 2099
2115 1961 2103
2115 2103 2100
2110 1963 1964
2110 1964 2077
2105 2078 2116
2105 2116 2117
2118 2119 2120
2118 2120 2121
2122 2123 2124
2122 2124 2125
2121 2120 2126
2121 2126 2127
2128 2129 2130
2131 2132 2133
2131 2133 2134
2135 2136 2137
2135 2137 2138
2139 2092 2091
2139 2091 2140
2136 2141 2142
2136 2142 2137
2143 2144 2145
2143 2145 2146
2145 2147 2148
2145 2148 2146
2131 2134 2149
2150 2118 2121
2150 2121 2151
2151 2121 2127
2151 2127 2152
2153 2154 2123
2153 2123 2122
2155 2129 2128
2156 2157 2158
2156 2158 2159
2160 2161 2162
2160 2162 2163
2164 2165 2166
2164 2166 2129
2157 2167 2168
2157 2168 2158
2162 2169 2170
2166 2171 2130
2104 2169 2172
2101 2172 2173
2101 2173 2102
2109 2076 2080
2109 2080 2174
2175 2176 2177
2175 2177 2079
2171 2166 2178
2179 2176 2175
2179 2175 2180
2181 2182 2082
2181 2082 2081
2106 2181 2081
2106 2081 2075
2178 2183 2171
2184 2185 2186
2184 2186 2187
2175 2187 2186
2175 2186 2180
2167 2170 2177
2167 2177 2176
2169 2104 2109
2169 2109 2174
2168 2167 2176
2168 2176 2179
2131 2188 2189
2131 2189 2132
2190 2191 2192
2190 2192 2149
2164 2193 2194
2195 2196 2197
2165 2164 2194
2183 2178 2198
2199 2200 2178
2198 2201 2183
2195 2189 2119
2195 2119 2118
2138 2137 2191
2137 2142 2192
2137 2192 2191
2118 2150 2196
2118 2196 2195
2159 2158 2194
2159 2194 2193
2158 2168 2194
2199 2179 2200
2185 2201 2198
2185 2198 2186
2186 2198 2200
2186 2200 2180
2199 2168 2179
2202 1724 2114
1724 1723 2115
2203 2204 2111
2113 2111 2204
2205 2206 2207
2207 2206 2208
2111 2112 2203
2103 1961 1960
2103 1960 2110
2117 2116 2209
2210 2206 2211
1967 2203 2206
1967 2206 2210
2204 2203 2212
2213 2204 2212
2213 2212 2214
1720 1719 2202
2215 2209 2216
2083 2217 2218
2217 2083 2207
2219 1505 1507
2220 2221 2222
2220 2222 2223
2224 2225 2226
2224 2226 2227
2228 2229 2230
2228 2230 2231
2232 2233 2234
2235 2236 2237
2238 2239 2240
2238 2240 2241
2242 2243 2244
2242 2244 2245
2246 2247 2248
2246 2248 2249
2250 2251 2252
2253 2254 2255
2253 2255 2256
2257 2258 2259
2257 2259 2260
2261 2262 2263
2228 2225 2264
2228 2264 2265
2266 2267 2254
2266 2254 2253
2268 2269 2259
2268 2259 2258
2262 2261 2270
2262 2270 2271
2272 2235 2237
2234 2273 2272
2234 2272 2237
2274 2229 2275
2274 2275 2276
2277 2278 2279
2280 2281 2282
2282 2281 2283
2284 2285 2286
2284 2286 2287
2288 2279 2289
2250 2263 2262
2250 2262 2271
2290 2288 2291
2292 2293 2281
2281 2294 2295
2296 2295 2297
2298 2291 2299
2300 2298 2232
2293 2270 2261
2293 2261 2294
2294 2261 2301
2294 2301 2295
2295 2301 2302
2233 2298 2303
2085 2304 2305
2085 2305 2207
2253 2306 2307
2253 2307 2266
2087 2308 2306
2087 2306 2309
2087 2309 2088
2310 2311 2224
2310 2224 2304
2209 2312 2313
2216 2209 2313
2216 2313 2314
2274 2278 2277
2274 2277 2315
2316 2280 2282
2316 2282 2317
2317 2282 2283
2317 2283 2318
2283 2287 2242
2283 2242 2318
2278 2276 2319
2320 2321 2322
2320 2322 2323
2321 2324 2325
2321 2325 2322
2326 2327 2328
2329 2330 2331
2332 2327 2326
2333 2332 2326
2334 2335 2336
2334 2336 2337
2329 2331 2338
2339 2340 2341
2339 2341 2342
2343 2344 2342
2343 2342 2341
2345 2346 2347
2345 2347 2348
2348 2349 2350
2348 2350 2345
2351 2352 2335
2351 2335 2334
2351 2353 2354
2351 2354 2352
2355 2356 2350
2355 2350 2349
2345 2334 2337
2345 2337 2346
2345 2350 2351
2345 2351 2334
2350 2356 2353
2350 2353 2351
2344 2323 2322
2344 2322 2342
2322 2325 2339
2322 2339 2342
2332 2333 2336
2332 2336 2335
2335 2352 2327
2335 2327 2332
2352 2354 2328
2352 2328 2327
2331 2330 2343
2331 2343 2341
2341 2340 2338
2341 2338 2331
2357 2358 2359
2357 2359 2216
2360 2361 2362
2360 2362 2363
2363 2362 2364
2363 2364 2365
2364 2366 2367
2364 2367 2365
2368 2357 2216
2368 2216 2314
2369 2370 2371
2369 2371 2372
2373 2369 2374
2375 2376 2377
2375 2377 2378
2369 2379 2374
2380 2375 2378
2380 2378 2381
2379 2369 2372
2382 2383 2384
2385 2384 2383
2385 2383 2386
2387 2388 2389
2390 2391 2392
2390 2392 2393
2394 2395 2396
2394 2396 2397
2394 2397 2398
2394 2398 2399
2400 2401 2402
2400 2402 2403
2391 2404 2405
2391 2405 2392
2388 2387 2406
2407 2408 2409
2407 2409 2410
2407 2411 2412
2407 2412 2408
2388 2392 2405
2388 2405 2389
2408 2402 2401
2408 2401 2409
2412 2403 2402
2412 2402 2408
2392 2388 2393
2383 2382 2404
2383 2404 2391
2397 2407 2410
2397 2410 2398
2397 2396 2411
2397 2411 2407
2386 2383 2391
2386 2391 2390
2379 2413 2414
2379 2414 2384
2378 2394 2399
2378 2399 2381
2378 2377 2395
2378 2395 2394
2415 2379 2384
2415 2384 2385
2416 2417 2418
2416 2418 2419
2420 2419 2418
2420 2418 2421
2422 2423 2424
2425 2426 2427
2427 2428 2429
2430 2431 2432
2421 2418 2433
2421 2433 2434
2417 2435 2433
2417 2433 2418
2430 2432 2436
2437 2438 2439
2429 2440 2427
2427 2441 2425
2442 2423 2443
2426 2444 2445
2426 2445 2428
2428 2445 2446
2428 2446 2447
2438 2437 2448
2424 2423 2449
2424 2449 2450
2423 2442 2451
2423 2451 2449
2452 2453 2454
2450 2449 2426
2449 2451 2444
2449 2444 2426
2417 2416 2454
2417 2454 2453
2453 2455 2435
2453 2435 2417
2456 2457 2450
2429 2447 2458
2447 2446 2459
2447 2459 2460
2421 2461 2462
2421 2462 2420
2434 2463 2461
2434 2461 2421
2464 2440 2429
2458 2460 2437
2460 2459 2448
2460 2448 2437
2462 2461 2431
2461 2463 2436
2439 2464 2458
2422 2424 2465
2465 2424 2466
2466 2424 2450
2466 2450 2457
2467 2468 2469
2467 2469 2470
2212 2471 2214
1967 1966 2212
2472 2473 2474
2472 2474 2475
2474 2476 2477
2474 2477 2475
2477 2476 2478
2477 2478 2479
2480 2481 2479
2480 2479 2478
2482 2483 2484
2482 2484 2485
2484 2486 2487
2484 2487 2485
2486 2488 2489
2490 2491 2492
2490 2492 2493
2494 2491 2495
2496 2497 2494
2498 2499 2486
2498 2486 2484
2500 2480 2478
2500 2478 2501
2502 2503 2476
2502 2476 2474
2504 2505 2506
2483 2507 2498
2483 2498 2484
2476 2503 2501
2476 2501 2478
2473 2467 2502
2473 2502 2474
2499 2508 2488
2499 2488 2486
2492 2491 2509
2492 2509 2510
2511 2499 2498
2511 2498 2512
2513 2507 2500
2514 2503 2502
2515 2506 2510
2515 2510 2516
2512 2498 2507
2517 2501 2503
2518 2502 2467
2518 2467 2470
2519 2508 2499
2519 2499 2511
2516 2510 2509
2516 2509 2520
2521 2522 2508
2521 2508 2519
2523 2524 2525
2526 2524 2527
2527 2528 2529
2527 2529 2530
2528 2531 2532
2528 2532 2529
2533 2534 2535
2533 2535 2536
2535 2534 2537
2535 2537 2538
2538 2537 2539
2538 2539 2540
2539 2541 2542
2539 2542 2540
2543 2544 2545
2543 2545 2546
2506 2505 2492
2506 2492 2510
2506 2515 2504
2543 2547 2548
2543 2548 2544
2549 2548 2547
2546 2545 2542
2546 2542 2541
2520 2509 2522
2520 2522 2521
2491 2494 2522
2491 2522 2509
2522 2494 2488
2522 2488 2508
2534 2550 2537
2551 2552 2531
2551 2531 2528
2524 2553 2554
2524 2554 2527
2549 2547 2555
2556 2550 2534
2556 2534 2533
2554 2551 2528
2554 2528 2527
2557 2553 2524
2557 2524 2523
2537 2558 2559
2560 2543 2546
2560 2546 2561
2562 2563 2541
2564 2565 2504
2566 2493 2565
2566 2565 2564
2567 2490 2493
2567 2493 2566
2568 2497 2496
2568 2496 2569
2489 2570 2571
2489 2571 2487
2572 2485 2571
2573 2482 2485
2573 2485 2572
2479 2481 2574
2479 2574 2575
2576 2477 2479
2576 2479 2575
2577 2475 2477
2578 2472 2475
2555 2547 2543
2555 2543 2560
2504 2565 2505
2561 2546 2579
2495 2580 2569
2495 2569 2496
2557 2581 2553
2553 2582 2583
2553 2583 2554
2554 2583 2584
2554 2584 2551
2584 2585 2552
2584 2552 2551
2556 2586 2550
2550 2587 2588
2550 2588 2558
2589 2559 2558
2589 2558 2588
2562 2590 2591
2562 2591 2563
2592 2579 2563
2592 2563 2591
2561 2593 2594
2561 2594 2560
2560 2594 2595
2560 2595 2555
2596 2468 2467
2596 2467 2473
2471 2523 2597
1966 2557 2471
2581 2557 1966
2555 2595 2549
2565 2493 2492
2565 2492 2505
2598 2599 2600
2601 2602 2603
2601 2603 2604
2604 2603 2605
2604 2605 2606
2606 2605 2607
2606 2607 2608
2601 2609 2610
2611 2612 2422
2422 2465 2611
2613 2614 2615
2613 2615 2600
2602 2616 2617
2602 2617 2603
2616 2618 2619
2616 2619 2617
2618 2620 2621
2618 2621 2619
2622 2623 2624
2622 2624 2625
2623 2626 2627
2623 2627 2624
2615 2614 2628
2629 2630 2631
2632 2633 2634
2632 2634 2635
2636 2637 2633
2636 2633 2632
2638 2639 2640
2638 2640 2641
2642 2643 2644
2642 2644 2645
2646 2647 2638
2646 2638 2648
2641 2649 2648
2641 2648 2638
2650 2651 2636
2650 2636 2632
2652 2650 2632
2652 2632 2635
2653 2654 2655
2656 2657 2655
2656 2655 2654
2638 2647 2658
2638 2658 2639
2603 2617 2659
2603 2659 2605
2617 2619 2660
2617 2660 2659
2619 2621 2661
2619 2661 2660
2625 2624 2662
2625 2662 2663
2627 2664 2662
2627 2662 2624
2644 2643 2665
2644 2665 2666
2641 2640 2637
2641 2637 2636
2626 2645 2644
2626 2644 2627
2644 2666 2664
2644 2664 2627
2651 2667 2668
2651 2668 2649
2669 2670 2671
2669 2672 2670
2371 2370 2673
2674 2675 2676
2662 2677 2678
2662 2678 2663
2677 2662 2664
2677 2664 2679
2679 2664 2666
2680 2666 2665
2669 2681 2672
2682 2683 2684
2682 2684 2685
2685 2684 2642
2686 2645 2626
2686 2626 2687
2687 2626 2623
2687 2623 2688
2688 2623 2622
2688 2622 2689
2690 2620 2618
2690 2618 2691
2691 2618 2616
2691 2616 2692
2692 2616 2602
2692 2602 2610
2693 2659 2660
2693 2660 2676
2659 2693 2605
2693 2607 2605
2673 2694 2695
2631 2628 2614
2673 2370 2373
2694 2673 2373
2211 2695 2612
2612 2611 1967
2612 1967 2210
2696 2697 2698
1720 2699 2700
1720 2700 2701
2699 2214 2597
2699 2597 2700
2701 2700 1552
2702 2703 2704
2702 2704 2705
2700 2597 2706
2700 2706 2707
2708 2709 2710
2708 2710 2711
2712 2713 2714
2712 2714 2715
2716 2717 2718
2716 2718 2719
2720 2721 2722
2720 2722 2723
2709 2720 2723
2709 2723 2704
2721 2719 2718
2721 2718 2722
2724 2725 2726
2725 2727 2728
2713 2724 2729
2713 2729 2714
2730 2731 2732
2733 2734 2735
2733 2735 2736
2737 2738 2739
2737 2739 2740
2741 2742 2743
2741 2743 2744
2745 2746 2747
2745 2747 2748
1552 2707 2746
1552 2746 2745
2748 2747 2744
2748 2744 2743
2749 2750 2751
2749 2751 2752
2752 2751 2753
2752 2753 2754
2740 2739 2750
2740 2750 2749
2755 2756 2757
2758 2759 2760
2758 2760 2761
2762 2763 2764
2762 2764 2765
2764 2766 2767
2764 2767 2765
2768 2723 2722
2768 2722 2769
2770 2771 2772
2770 2772 2773
2705 2704 2723
2705 2723 2768
2773 2772 2708
2773 2708 2774
2718 2769 2722
2775 2776 2771
2775 2771 2770
2777 2778 2779
2777 2779 2780
2781 2782 2778
2781 2778 2777
2780 2779 2763
2780 2763 2762
2783 2784 2785
2783 2785 2786
2786 2785 2787
2786 2787 2788
2759 2789 2790
2759 2790 2760
2751 2791 2792
2750 2793 2794
2739 2795 2793
2739 2793 2750
2738 2796 2795
2738 2795 2739
2797 2798 2741
2797 2741 2744
2747 2799 2797
2747 2797 2744
2746 2800 2799
2746 2799 2747
2707 2706 2800
2707 2800 2746
2787 2785 2734
2787 2734 2733
2782 2727 2725
2782 2725 2778
2778 2725 2724
2778 2724 2779
2779 2724 2713
2779 2713 2763
2763 2713 2712
2763 2712 2764
2716 2766 2764
2716 2764 2712
2776 2719 2721
2776 2721 2771
2771 2721 2720
2771 2720 2772
2772 2720 2709
2772 2709 2708
2755 2801 2756
2730 2802 2731
2785 2784 2803
2785 2803 2734
2790 2804 2805
2790 2805 2760
2806 2730 2732
2760 2805 2807
2760 2807 2761
2734 2803 2808
2734 2808 2735
2784 2732 2731
2784 2731 2803
2732 2784 2783
2732 2783 2806
2805 2756 2801
2805 2801 2807
2804 2757 2756
2804 2756 2805
2803 2731 2802
2803 2802 2808
2754 2753 2759
2754 2759 2758
2781 2788 2787
2781 2787 2782
2782 2787 2733
2782 2733 2727
2727 2733 2809
2810 2789 2759
2810 2759 2753
2718 2811 2769
2718 2717 2812
2718 2812 2811
2813 2715 2714
2813 2714 2814
2814 2714 2729
2814 2729 2815
2726 2816 2815
2726 2815 2729
2817 2818 2819
2817 2819 2728
2809 2736 2820
2809 2820 2821
2820 2736 2735
2820 2735 2822
2822 2735 2808
2822 2808 2823
2823 2808 2802
2823 2802 2824
2824 2802 2730
2704 2703 2710
2704 2710 2709
2102 2825 2099
2825 2097 2826
2099 2826 2827
2099 2827 2114
2826 2098 2113
2826 2113 2827
2164 2129 2155
2159 2828 2829
2159 2829 2156
2160 2156 2829
2160 2829 2830
2173 2161 2831
2173 2831 2832
2832 2831 2154
2832 2154 2153
2830 2829 2151
2830 2151 2152
2828 2150 2151
2828 2151 2829
2833 2193 2155
2196 2833 2155
2193 2833 2828
2193 2828 2159
2833 2196 2150
2833 2150 2828
2114 2827 2834
2114 2834 2202
2827 2113 2213
2827 2213 2834
2202 2834 2699
2202 2699 1720
2834 2213 2214
2834 2214 2699
2025 2835 2836
2025 2836 2026
2835 2025 2030
2837 2838 2839
2840 2841 2842
2843 2844 2845
2846 2847 2848
2849 2843 2845
2841 2837 2842
2850 2851 2852
2850 2852 2853
2854 2855 2856
2857 2858 2859
2857 2859 2698
2860 2861 2862
2860 2862 2863
2864 2865 2866
2864 2866 2867
2868 2869 2870
2868 2870 2871
2871 2870 2864
2871 2864 2867
2865 2872 2873
2865 2873 2866
2863 2862 2858
2863 2858 2857
2874 2875 2876
2877 2878 2879
2698 2697 2880
2881 2882 2883
2884 2860 2863
2884 2863 2885
2886 2887 2888
2844 2889 2890
2891 2892 2893
2891 2893 2894
2846 2895 2896
2846 2896 2849
2894 2893 2886
2849 2896 2897
2849 2897 2843
2866 2873 2898
2866 2898 2899
2900 2901 2902
2841 2903 2904
2841 2904 2837
2905 2906 2907
2905 2907 2908
2852 2909 2910
2911 2912 2913
2914 2915 2856
2911 2916 2912
2917 2855 2854
2917 2854 2918
2858 2877 2879
2862 2900 2877
2861 2881 2900
2861 2900 2862
2888 2882 2872
2888 2872 2865
2864 2886 2888
2864 2888 2865
2870 2894 2886
2870 2886 2864
2869 2891 2894
2869 2894 2870
2919 2907 2906
2913 2876 2875
2913 2875 2911
2920 2914 2856
2920 2856 2921
2850 2922 2923
2850 2923 2851
2848 2847 2924
2848 2924 2925
2847 2845 2926
2847 2926 2924
2845 2927 2928
2845 2928 2926
2927 2842 2929
2915 2854 2856
2916 2911 2875
2915 2918 2854
2838 2930 2931
2698 2859 2932
2878 2933 2934
2878 2934 2879
2859 2879 2934
2859 2934 2932
2931 2935 2936
2937 2934 2933
2938 2939 2930
2932 2934 2940
2941 2867 2866
2941 2866 2899
2942 2871 2867
2942 2867 2941
2943 2868 2871
2943 2871 2942
2944 2945 2946
2947 2875 2874
2698 2880 2857
2885 2863 2857
2885 2857 2880
2840 2948 2841
2838 2837 2904
2916 2875 2947
1946 2949 2950
2951 2952 2950
2953 2222 2221
2953 2221 2954
2955 2956 2957
2955 2957 2958
2959 2960 2961
2959 2961 2962
2963 2964 2965
2963 2965 2966
2964 2959 2962
2964 2962 2965
2960 2958 2957
2960 2957 2961
2967 2953 2954
2967 2954 2968
2969 2963 2966
2969 2966 2970
2971 2972 2973
2971 2973 2974
2975 2976 2977
2975 2977 2978
2953 2979 2980
2953 2980 2222
2981 2982 2983
2981 2983 2984
2958 2985 2955
2986 2987 2988
2986 2988 2989
2990 2991 2992
2993 2994 2995
2993 2995 2996
2997 2998 2999
2989 2988 2994
2989 2994 2993
2999 3000 2991
2999 2991 2990
3001 3002 2987
3001 2987 2986
3003 3004 2992
2978 2977 2981
2978 2981 2984
2967 3005 2953
2949 3006 3007
2949 3007 2950
3008 2223 2222
3008 2222 2980
2996 2995 3009
3010 3011 3012
3010 3012 3013
3014 3015 3016
3014 3016 3017
3018 3019 3020
2973 2972 3021
3022 3023 3021
3019 3024 3025
3019 3025 3026
2220 3007 2975
2220 2975 2221
2954 2221 2975
2954 2975 2978
2968 2954 2978
2968 2978 2984
2956 2983 3001
2956 3001 2957
2961 2957 3001
2961 3001 2986
2962 2961 2986
2962 2986 2989
2965 2962 2989
2965 2989 2993
2966 2965 2993
2966 2993 2996
2970 2966 2996
2970 2996 3016
2971 3015 3022
2971 3022 2972
3027 3028 3029
3027 3029 3030
3031 3032 3028
3033 3034 3031
3035 3036 3033
3036 3035 3037
3038 3039 3037
3038 3037 3035
3040 3041 3039
3040 3039 3038
3042 3043 3041
3042 3041 3040
3044 3045 3046
3047 3048 3018
3047 3018 3049
3018 3048 3024
3018 3024 3019
3050 3010 3013
3050 3013 3044
2998 3042 3040
2998 3040 3000
3000 3040 3038
3000 3038 2991
2991 3038 3035
2991 3035 3003
3003 3035 3033
3003 3033 3051
3051 3033 3031
3051 3031 3052
3052 3031 3028
3052 3028 3053
3028 3027 3054
3028 3054 3053
3020 3049 3018
3021 2972 3022
3021 3055 2973
3056 1964 1946
3056 1946 2952
3056 2077 1964
3057 3058 3059
3055 3060 2974
3055 2974 2973
2969 3061 3062
2963 3063 3064
2963 3064 2964
2964 3064 3065
2964 3065 2959
2959 3065 3066
2959 3066 2960
2960 3066 2985
2960 2985 2958
3067 3068 3054
3067 3054 3069
3070 3052 3053
3070 3053 3071
3072 3051 3052
3072 3052 3070
3004 3003 3051
3020 3019 3026
3073 3074 3075
3076 3077 3078
3076 3078 3079
3080 3074 3081
3082 3078 3083
3084 3085 3086
3084 3086 3087
3088 3089 3090
3088 3090 3091
3092 3093 3094
3092 3094 3095
3096 3092 3095
3096 3095 3097
3098 3099 3100
3098 3100 3101
3102 3103 3104
3102 3104 3105
3084 3106 3107
3084 3107 3085
3108 3109 3110
3108 3110 3111
3088 3112 3113
3088 3113 3089
3114 3115 3116
3114 3116 3117
3092 3118 3119
3092 3119 3093
3116 3120 3121
3116 3121 3117
3096 3122 3118
3096 3118 3092
3123 3124 3125
3126 3127 3128
3126 3128 3129
3130 3120 3116
3130 3116 3131
3116 3115 3132
3116 3132 3131
3108 3111 3133
3108 3133 3134
3104 3103 3135
3104 3135 3136
1961 1723 3137
3077 3138 3139
3077 3139 3083
3140 3075 3074
3140 3074 3141
3138 3077 3076
3138 3076 3142
3137 1723 3138
3139 3138 1723
3099 3143 3144
3099 3144 3100
3104 3111 3110
3104 3110 3105
3089 3084 3087
3089 3087 3090
3089 3113 3106
3089 3106 3084
3133 3111 3104
3133 3104 3136
3145 3146 3109
3145 3109 3108
3147 3094 3093
3147 3093 3148
3119 3149 3148
3119 3148 3093
3145 3150 3132
3145 3132 3115
3129 3120 3130
3129 3130 3126
3144 3122 3096
3144 3096 3100
3100 3096 3097
3100 3097 3101
3121 3120 3129
3121 3129 3151
3078 3103 3102
3078 3102 3079
3085 3073 3152
3085 3152 3086
3085 3107 3081
3085 3081 3073
3135 3103 3078
3135 3078 3082
2178 2166 2165
2166 2130 2129
2198 2178 2200
2133 2128 2130
2133 2130 2134
2197 2196 2155
2155 2128 2197
2165 2194 2199
2155 2193 2164
2199 2178 2165
2085 2084 3153
3154 2256 2255
3154 2255 2241
2238 2257 2260
2238 2260 2245
2252 2246 2263
3155 2284 2296
3155 2297 3156
2302 2249 2248
2287 2286 2243
2287 2243 2242
2087 2086 3157
2083 2085 2207
3155 3156 2285
3155 2285 2284
2289 2279 2319
2299 2291 3158
3159 2297 3160
2300 2291 2298
2290 2291 2300
2281 2293 2294
2281 2295 2296
2290 2279 2288
2277 2279 2290
2281 2280 2292
2283 2281 2296
2283 2284 2287
2296 2284 2283
2297 2295 2302
2296 2297 3155
2232 2298 2233
2302 2301 2249
2288 2289 3158
2319 2279 2278
3158 2291 2288
2298 2299 2303
2233 2303 3161
3156 2297 3159
3160 2297 2302
2276 2278 2274
2218 3162 3163
2218 3163 3164
2369 2373 2370
2379 2372 2413
2415 2374 2379
2431 2461 2432
2461 2436 2432
2422 2612 2443
2423 2422 2443
2464 2429 2458
2458 2437 2439
2429 2428 2447
2427 2426 2428
2456 2450 2425
2450 2426 2425
2458 2447 2460
2936 2935 3165
3166 2931 2936
3167 2839 2931
2838 3168 2930
2904 3169 2838
3169 3168 2838
2940 2934 2937
1552 1563 1550
1559 1556 1555
3170 2701 1552
1613 1663 3083
1613 3083 1721
1651 1650 1638
1652 1655 1639
1657 1656 1646
1662 1661 1691
1650 1652 1635
1655 1657 1644
1656 1613 1608
1661 1651 1648
1685 1676 1680
1679 3171 1666
1679 1666 1686
1675 1662 1691
3083 3139 1722
3083 1722 1721
1648 1647 1692
1648 1692 1691
1689 1681 1680
1689 1680 1690
2202 1719 1724
1723 1722 3139
1722 1724 1719
1667 1666 3171
3171 3172 1667
3173 1706 1668
1682 3172 3171
1682 3171 1679
1674 1673 1684
1674 1684 1683
1686 1666 1665
1686 1665 1687
1704 1674 1683
1704 1683 1705
1706 3173 1718
1706 1718 1705
1686 1685 1680
1686 1680 1679
1563 1568 1558
1552 2700 2707
2471 2557 2523
2597 2523 2525
2550 2586 2587
2013 2014 1991
1980 1979 2016
1980 2016 2015
1977 2012 2017
1977 2017 2015
2014 2018 2003
2855 2852 2851
2855 2851 2921
2919 2945 2874
2919 2874 2876
2913 3174 2907
2909 2852 2855
2909 2855 2917
2876 2913 2907
2921 2851 2923
2921 2923 2920
3175 2874 2944
2853 2846 2848
2853 2848 2850
2869 2868 2945
2869 2945 2919
2892 2891 2906
2892 2906 2905
2895 2846 2853
2895 2853 2910
2919 2906 2869
2848 2925 2922
2848 2922 2850
2946 2945 2868
2947 2874 3175
2913 2912 3174
2944 2874 2945
2852 2910 2853
2946 2868 2943
2869 2906 2891
2907 3174 2908
2876 2907 2919
2856 2855 2921
2888 2887 3176
2881 2901 2900
2841 2948 2903
2212 1966 2471
2525 2524 2526
2826 2097 2098
2114 1724 2115
2099 2115 2100
2214 2471 2597
2526 2527 2530
3081 3074 3073
1989 2002 2021
2002 1966 1965
2203 2208 2206
1943 1944 1946
3177 3178 3179
2950 2952 1946
3028 3032 3029
3180 3034 3033
3180 3033 3036
3031 3034 3032
2953 3005 2979
2878 2877 2902
2694 2373 3181
3073 3075 3152
1837 1836 1840
3182 3183 1902
3182 1902 3184
1940 1938 1916
1940 1916 1915
1944 1838 1837
1944 1837 1941
3185 3186 1948
3185 1948 1949
3058 2951 2220
3058 2220 2223
2321 2320 2358
2321 2358 2357
2355 2349 2362
2355 2362 2361
2362 2349 2348
2362 2348 2364
2364 2348 2347
2364 2347 2366
2324 2321 2357
2324 2357 2368
3006 2976 2975
3006 2975 3007
3008 3059 3058
3008 3058 2223
2951 2950 3007
2951 3007 2220
3030 3177 3179
3030 3179 3027
3027 3179 3069
3027 3069 3054
3071 3053 3054
3071 3054 3068
3187 1727 1726
3187 1726 3188
1742 1741 1808
1742 1808 1807
3189 1758 1757
3189 1757 3190
1809 1807 1962
3188 1726 1758
3188 1758 3189
1741 1788 1811
1741 1811 1808
1806 1808 1810
1806 1960 1961
1962 1807 1806
1812 1796 1795
1812 1795 1813
1771 1796 1812
1771 1812 1814
1737 1740 1815
1737 1815 1814
1793 1756 1817
1793 1817 1816
1817 1818 1774
1818 1755 1780
1818 1780 3191
1772 1818 3191
1797 1817 1774
1821 1902 1819
1819 1902 3183
1873 1915 1874
1874 1915 1916
3188 3192 3187
3193 3189 3190
1614 1618 1615
1607 1606 1616
1725 1761 1759
1901 3184 1902
1837 1840 1843
1843 1941 1837
3137 3138 3142
2115 1723 1961
1854 1905 1950
1854 1950 1951
1952 1892 1860
1952 1860 1955
1888 1887 1955
1888 1955 1954
1889 1888 1954
1889 1954 1956
1957 1926 1889
1957 1889 1956
1959 1928 1864
1959 1864 1958
1958 1864 1854
1958 1854 1951
2712 2715 2717
2712 2717 2716
2741 2738 2737
2741 2737 2742
2776 2775 2767
2776 2767 2766
2796 2738 2741
2796 2741 2798
2719 2776 2766
2719 2766 2716
2715 2813 2812
2715 2812 2717
2483 2482 2481
2483 2481 2480
2507 2483 2480
2507 2480 2500
3194 2500 2501
2531 2533 2536
2531 2536 2532
2552 2556 2533
2552 2533 2531
2482 2573 2574
2482 2574 2481
2585 2586 2556
2585 2556 2552
2113 2204 2213
2212 2203 1967
2113 2093 2111
2889 2844 2843
2889 2843 2897
2927 2844 2840
2845 2844 2927
2873 2872 2861
2873 2860 2884
2873 2884 2898
2882 2881 2861
2882 2861 2872
2840 2890 2948
2844 2890 2840
3176 2882 2888
2900 2902 2877
2886 2893 2887
2873 2861 2860
2840 2842 2927
2881 2883 2901
2929 2842 2839
2927 2929 2928
2883 2882 3176
1905 1856 1906
1855 1864 1884
3004 3051 3195
2967 2968 2956
2967 2956 2955
3002 3001 2983
3002 2983 2982
3196 3005 2967
3196 2967 2955
2956 2968 2984
2956 2984 2983
3195 3051 3072
2992 2991 3003
2974 2969 2970
2974 2970 2971
3023 3022 3015
3023 3015 3014
3024 3013 3012
3024 3012 3025
2970 3016 3015
2970 3015 2971
3045 3044 3048
3045 3048 3047
3048 3044 3013
3048 3013 3024
3060 3061 2969
3060 2969 2974
2955 2985 3196
3011 3010 2997
3043 3042 3050
3043 3050 3046
3042 2998 3010
3042 3010 3050
2969 3062 2963
2963 3062 3063
2996 3009 3016
3016 3009 3017
2999 2998 3000
2997 3010 2998
3044 3046 3050
2313 2116 3197
2117 2209 2215
2099 2825 2826
2200 2179 2180
2194 2168 2199
2218 3164 2083
2019 2023 1972
2600 2599 2613
2472 3198 2596
2472 2596 2473
2578 3198 2472
2252 2251 2247
2252 2247 2246
2233 3161 2273
2233 2273 2234
2250 2252 2263
2236 2234 2237
2232 2234 2236
2263 2246 2301
2301 2246 2249
2261 2263 2301
2302 2248 3160
2858 2879 2859
2862 2877 2858
2537 2550 2558
2571 2485 2487
2497 2568 2570
2497 2570 2489
2590 2562 2559
2590 2559 2589
2537 2559 2539
2539 2559 2562
2486 2489 2487
2489 2488 2497
2494 2497 2488
2562 2541 2539
2728 2819 2816
2728 2816 2726
2809 2821 2818
2809 2818 2817
2750 2794 2751
2751 2794 2791
2753 2792 2810
2817 2727 2809
2751 2792 2753
2724 2726 2729
2726 2725 2728
2728 2727 2817
3199 3200 3201
3202 3199 3201
2671 2670 2683
2670 3203 3204
2672 2681 3205
2671 3206 2669
2427 2440 2441
2014 2003 1992
1991 2014 1992
2393 2388 2406
1552 1551 3170
1611 1646 1608
1645 1644 1646
1652 1639 1642
1635 1652 1642
1638 1650 1635
1648 1651 1638
1691 1661 1648
1649 1651 1664
1664 1661 1660
1660 1662 1695
1694 1693 1672
1694 1672 1671
1685 1688 1677
1685 1677 1676
1671 1715 1694
1671 1704 1715
1680 1676 1690
1690 1676 1675
1675 1691 1690
1703 1694 1715
3083 3078 3077
1913 1841 1840
1908 1852 1849
1875 1916 1917
1870 1872 1842
1924 1881 1883
1924 1883 1922
1931 1865 1885
1931 1885 1930
1853 1885 1865
1855 1885 1853
1834 1883 1858
1858 1883 1881
1850 1865 1866
1829 1828 1898
3207 3208 1847
3207 1847 1846
3208 1935 1868
3208 1868 1847
1877 1878 1831
1877 1831 1828
1829 3209 1827
1844 1912 3210
1844 3210 1846
1877 1919 3211
3212 1936 1869
3212 1869 1868
3213 3214 1893
3213 1893 1892
3214 3215 1894
3214 1894 1893
3215 3216 1895
3215 1895 1894
3216 3217 1896
3216 1896 1895
1897 3218 3219
1897 3219 3209
1899 3220 3221
1899 3221 1900
1900 3221 1901
1900 1901 1903
1955 1887 1891
1955 1891 1952
1953 3213 1892
1953 1892 1952
3209 3219 3220
3209 3220 1899
1903 1902 1822
1886 1891 1887
1902 1821 1822
1821 1820 1823
1821 1823 1822
1822 1900 1903
1825 1899 1900
1827 3209 1899
1897 3209 1829
1897 1829 1898
1846 3210 1910
1846 1910 3207
1934 3212 1868
1934 1868 1935
1848 1851 3208
1848 3208 3207
1851 1867 1935
1851 1935 3208
1896 3217 3218
1896 3218 1897
1898 1828 1831
1898 1831 1830
1878 3211 1920
1877 3211 1878
1910 1848 3207
3115 3114 3146
3115 3146 3145
3148 3088 3091
3148 3091 3147
3149 3112 3088
3149 3088 3148
3108 3134 3150
3108 3150 3145
1909 1849 1848
3222 3223 3224
3124 3225 3128
3124 3128 3125
3125 3226 3123
3227 3222 3224
3223 3222 3099
3223 3099 3098
3127 3226 3125
3127 3125 3128
3099 3222 3227
3099 3227 3143
3225 3151 3129
3225 3129 3128
1880 1921 1923
1968 1971 1983
1968 1983 1982
1995 1994 1999
1995 1999 1998
1998 1986 2001
1998 2001 2006
2010 2008 1968
2010 1968 1982
2646 3228 3229
2646 3229 3200
2648 2649 3230
2651 2650 2667
3231 3232 2650
3231 2650 2652
2657 2656 2631
2657 3181 2655
2641 2636 2651
2641 2651 2649
3201 3200 3229
2663 2678 2674
2663 2674 2661
2622 2625 2621
2622 2621 2620
2635 2634 2630
2635 2630 2629
2656 2654 3231
2656 3231 2652
2625 2663 2661
2625 2661 2621
2620 2690 2689
2620 2689 2622
2629 2656 2652
2629 2652 2635
2661 2676 2660
2931 2930 2935
2839 2838 2931
2577 2477 2576
2495 2490 2567
2495 2567 2580
2593 2561 2579
2593 2579 2592
2579 2541 2563
2579 2546 2541
2494 2495 2496
2495 2491 2490
2513 2500 3194
3194 2501 2517
2517 2503 2514
2514 2502 2518
2215 2216 2359
2028 2070 2032
2698 2932 2696
2631 3181 2657
2631 2630 2628
2631 2656 2629
2425 2441 2456
1707 1614 1696
1708 1696 1697
1709 1697 1698
1710 1698 1699
2667 2650 3232
2684 3204 2643
2684 2643 2642
3204 3203 2665
3204 2665 2643
3233 2665 3234
3230 2649 2668
2648 3230 3235
2685 2642 2686
2686 2642 2645
2680 2665 3233
2679 2666 2680
3200 3199 2647
3200 2647 2646
2647 3199 3202
2647 3202 2658
3206 2671 2683
3206 2683 2682
2648 3235 3228
2648 3228 2646
3203 3205 3234
3203 2670 2672
2672 3205 3203
2683 3204 2684
2683 2670 3204
3234 2665 3203
2809 2733 2736
2512 2507 2513
2849 2845 2847
2847 2846 2849
2842 2837 2839
3167 2931 3166
2929 2839 3167
2028 2032 2029
2070 2036 2032
1475 1508 1500
3236 2940 2937
2024 2029 2025
2655 3181 2373
2674 2676 2661
2695 2694 2612
2211 2612 2210
2211 2206 2205
1655 1644 1639
1657 1646 1644
1656 1608 1646
1609 1613 1721
2578 2475 2577
2553 2581 2582
2601 2610 2602
2382 2384 2414
1500 1478 1475
1461 1460 1509
1461 1527 1459
1449 1451 1461
1452 1454 1449
1452 1495 1473
1461 1494 1449
1544 3237 1469
1544 1469 1468
1514 1532 1487
1514 1487 1467
1468 1471 1549
1468 1549 1542
1462 1464 1465
1465 1467 1462
1465 1464 3238
1462 1467 1487
2231 2226 2225
2231 2225 2228
2241 2240 3239
2241 3239 3154
2255 2254 2258
2255 2258 2257
2311 2264 2225
2311 2225 2224
2258 2254 2267
2258 2267 2268
2241 2255 2257
2241 2257 2238
2227 2305 2304
2227 2304 2224
3153 2310 2304
3153 2304 2085
2315 2230 2229
2315 2229 2274
2245 2244 2239
2245 2239 2238
2260 2259 2317
2260 2317 2318
2317 2259 2269
2317 2269 2316
2265 2275 2229
2265 2229 2228
2245 2260 2318
2245 2318 2242
3240 3241 1465
3240 1465 3238
3241 3242 1466
3241 1466 1465
1466 3242 3243
1466 3243 1513
1543 3244 3245
1543 3245 1544
3245 3246 3237
3245 3237 1544
1477 1476 3241
1477 3241 3240
1476 1479 3242
1476 3242 3241
3242 1479 1481
3242 1481 3243
3244 1516 1515
3244 1515 3245
1515 1548 3246
1515 3246 3245
2307 2306 2308
2089 2088 3154
2089 3154 3239
2088 3247 2256
2088 2256 3248
2256 2309 2306
2256 2306 2253
2930 3249 3250
2930 3250 2935
3251 3252 3253
3251 3253 3254
3255 3256 3252
3255 3252 3251
2601 3257 3258
2601 3258 2609
2930 2939 3249
2469 2468 3259
2469 3259 3260
2468 2596 3261
2468 3261 3259
2596 3198 3262
2596 3262 3261
3198 2578 3263
3198 3263 3262
3260 3259 3264
3260 3264 3265
3259 3261 3266
3259 3266 3264
3261 3262 3267
3261 3267 3266
3262 3263 3268
3262 3268 3267
1603 3269 1604
2703 2702 3270
2703 3270 3271
3272 3273 3274
3272 3274 3275
3273 3276 3277
3273 3277 3274
3278 3271 3270
3278 3270 3279
3280 3281 3282
3280 3282 3283
3281 3271 3278
3281 3278 3282
3284 3285 3286
3284 3286 3287
1618 3288 3289
1618 3289 1615
3287 3286 3290
3291 3269 3292
1604 3269 3291
3249 3293 3294
3249 3294 3250
3295 3296 3297
3295 3297 3257
3298 3299 3296
3298 3296 3295
3257 3297 3300
3257 3300 3258
2939 3301 3293
2939 3293 3249
3264 3302 3303
3264 3303 3265
3266 3304 3302
3266 3302 3264
3267 3305 3304
3267 3304 3266
3268 3306 3305
3268 3305 3267
3292 3307 3308
3292 3308 3291
3279 3309 3310
3279 3310 3278
3282 3311 3312
3282 3312 3283
3278 3310 3311
3278 3311 3282
3289 3313 3314
3289 3314 3315
3288 3316 3313
3288 3313 3289
3315 3314 3317
3318 3319 3320
3318 3320 3321
3321 3320 3322
3321 3322 3323
1873 3324 1914
3183 3325 3326
3183 3326 1819
1914 3324 3327
3069 3328 3329
3069 3329 3067
3179 3330 3328
3179 3328 3069
3331 3057 3059
3330 3179 3332
3328 3333 3334
3328 3334 3329
3330 3335 3333
3330 3333 3328
3331 3336 3337
3331 3337 3057
3332 3338 3335
3332 3335 3330
3326 3339 3340
3326 3340 3341
3341 3340 3342
3341 3342 3324
3324 3342 3343
3324 3343 3327
3325 3344 3339
3325 3339 3326
3313 3345 3346
3313 3346 3314
3316 3347 3345
3316 3345 3313
3314 3346 3348
3314 3348 3317
3315 3317 3349
1616 3350 1607
3307 3351 3352
3307 3352 3308
3309 3353 3354
3309 3354 3310
3311 3355 3356
3311 3356 3312
3310 3354 3355
3310 3355 3311
3302 3357 3358
3302 3358 3303
3304 3359 3357
3304 3357 3302
3305 3360 3359
3305 3359 3304
3306 3361 3360
3306 3360 3305
3293 3362 3363
3293 3363 3294
3364 3365 3366
3364 3366 3367
3299 3368 3369
3299 3369 3296
3297 3370 3371
3297 3371 3300
3301 3372 3373
3301 3373 3293
2096 2095 2218
2096 2218 2217
2112 2096 2217
2112 2217 2208
2120 2119 3374
2120 3374 3375
2095 2125 3162
2095 3162 2218
3376 2124 2126
3376 2126 3377
2128 2133 2132
2128 2132 2197
2197 2132 2189
2197 2189 2195
3374 2119 2189
3374 2189 2188
3374 2142 2141
3374 2141 3375
3375 2141 2148
3375 2148 3377
2131 2149 2192
2131 2192 2188
2188 2192 2142
2188 2142 3374
3164 3163 2140
3164 2140 2091
2084 2083 3164
2084 3164 2091
2203 2112 2208
2149 2134 2190
2079 2082 2187
2079 2187 2175
2127 2126 2124
2127 2124 2123
2135 2143 2146
2135 2146 2136
2136 2146 2148
2136 2148 2141
2152 2127 2123
2152 2123 2154
2156 2160 2163
2156 2163 2157
2157 2163 2170
2157 2170 2167
2079 2177 2174
2079 2174 2080
2187 2082 2182
2187 2182 2184
2174 2177 2170
2174 2170 2169
2161 2160 2830
2161 2830 2831
2831 2830 2152
2831 2152 2154
3377 2126 2120
3377 2120 3375
3377 2148 2147
3377 2147 3376
2217 2207 2208
2094 2122 2125
2094 2125 2095
2144 2139 2140
2144 2140 2145
2097 2153 2122
2097 2122 2094
2161 2173 2172
2161 2172 2162
2102 2173 2832
2102 2832 2825
2825 2832 2153
2825 2153 2097
2147 3163 3162
2147 3162 3376
3162 2125 2124
2145 2140 3163
2145 3163 2147
2104 2172 2101
2172 2169 2162
3162 2124 3376
2162 2170 2163
3378 3379 3380
3381 3378 3380
3382 3383 3384
3385 3379 3378
3385 3378 3386
3387 3383 3382
3388 3389 3390
3388 3390 3391
3392 3393 3394
3395 3396 3397
3395 3397 3398
3399 3400 3401
3399 3401 3402
3403 3404 3405
3403 3405 3406
3407 3408 3409
3407 3409 3410
3393 3411 3394
3412 3413 3414
3412 3414 3415
3416 3401 3400
3417 3418 3419
3417 3419 3420
3416 3421 3401
3422 3423 3424
3422 3424 3425
3426 3427 3428
3426 3428 3429
3390 3423 3422
3390 3422 3391
3381 3380 3430
3381 3430 3431
3412 3427 3426
3412 3426 3413
3432 3383 3387
3432 3387 3433
3408 3425 3424
3408 3424 3409
3394 3411 3434
3394 3434 3435
3419 3429 3428
3419 3428 3420
3421 3416 3436
3421 3436 3437
3438 3439 3440
3438 3440 3441
3442 3443 3444
3442 3444 3445
3446 3447 3448
3446 3448 3449
3450 3438 3441
3450 3441 3451
3452 3453 3454
3452 3454 3455
3456 3457 3458
3456 3458 3459
3460 3461 3462
3460 3462 3463
3460 3463 3464
3460 3464 3465
3466 3467 3468
3466 3468 3469
3470 3471 3472
3470 3472 3473
3474 3475 3476
3474 3476 3477
3478 3479 3448
3478 3448 3447
3442 3480 3481
3442 3481 3443
3473 3482 3483
3473 3483 3470
3484 3485 3486
3484 3486 3487
3488 3489 3490
3488 3490 3491
3486 3485 3492
3486 3492 3493
3494 3495 3496
3494 3496 3497
3498 3499 3500
3498 3500 3501
3502 3503 3504
3502 3504 3505
3498 3506 3507
3498 3507 3499
3508 3509 3510
3508 3510 3511
3512 3513 3514
3512 3514 3515
3516 3517 3518
3516 3518 3519
3494 3520 3521
3494 3521 3495
3522 3523 3524
3522 3524 3525
3526 3519 3518
3526 3518 3527
3511 3515 3514
3511 3514 3508
3474 3481 3480
3474 3480 3475
3478 3468 3467
3478 3467 3479
3512 3521 3520
3512 3520 3513
3516 3528 3529
3516 3529 3517
3530 3531 3532
3530 3532 3533
3534 3535 3536
3534 3536 3537
3538 3539 3540
3538 3540 3541
3542 3543 3544
3542 3544 3545
3546 3547 3548
3546 3548 3549
3550 3551 3552
3550 3552 3553
3554 3555 3556
3554 3556 3557
3558 3559 3560
3558 3560 3561
3562 3563 3564
3562 3564 3565
3566 3567 3559
3566 3559 3558
3568 3569 3563
3568 3563 3562
3570 3571 3565
3570 3565 3564
3572 3561 3560
3572 3560 3573
3530 3574 3575
3530 3575 3531
3538 3576 3577
3538 3577 3539
3542 3578 3579
3542 3579 3543
3550 3580 3581
3550 3581 3551
3566 3582 3583
3566 3583 3567
3568 3584 3585
3568 3585 3569
3570 3586 3587
3570 3587 3571
3573 3588 3589
3573 3589 3572
3535 3541 3540
3535 3540 3536
3537 3533 3532
3537 3532 3534
3546 3587 3586
3546 3586 3547
3583 3582 3549
3583 3549 3548
3590 3545 3544
3590 3544 3591
3592 3590 3591
3592 3591 3593
3593 3553 3552
3593 3552 3592
3594 3595 3555
3594 3555 3554
3556 3589 3588
3556 3588 3557
3596 3597 3598
3596 3598 3599
3600 3601 3602
3603 3604 3605
3603 3605 3606
3607 3608 3609
3610 3599 3598
3610 3598 3604
3611 3612 3613
3611 3613 3614
3605 3615 3616
3617 3607 3609
3617 3609 3597
3603 3610 3604
3597 3618 3619
3620 3600 3621
3600 3602 3621
3622 3623 3602
3622 3602 3624
3613 3612 3625
3626 3611 3627
3628 3629 3627
3630 3605 3624
3631 3598 3597
3623 3632 3621
3623 3621 3602
3615 3605 3604
3609 3627 3629
3604 3598 3631
3626 3633 3611
3606 3605 3630
3597 3609 3634
3604 3635 3636
3617 3597 3596
3625 3621 3632
3624 3602 3601
3620 3625 3612
3628 3627 3611
3628 3611 3614
3627 3608 3637
3622 3624 3616
3638 3639 3640
3638 3640 3641
3642 3643 3644
3642 3644 3645
3646 3647 3648
3646 3648 3649
3650 3651 3652
3650 3652 3653
3654 3655 3638
3654 3638 3641
3656 3657 3658
3656 3658 3659
3648 3660 3661
3648 3661 3649
3650 3662 3663
3650 3663 3651
3654 3647 3646
3654 3646 3655
3663 3662 3640
3663 3640 3639
3664 3665 3643
3664 3643 3642
3666 3667 3645
3666 3645 3644
3664 3657 3656
3664 3656 3665
3668 3659 3658
3668 3658 3669
3668 3669 3653
3668 3653 3652
3666 3661 3660
3666 3660 3667
3670 3671 3672
3670 3672 3673
3674 3675 3676
3674 3676 3677
3678 3679 3680
3678 3680 3681
3682 3683 3684
3682 3684 3685
3670 3673 3686
3670 3686 3687
3688 3689 3690
3688 3690 3691
3692 3693 3680
3692 3680 3679
3683 3694 3695
3683 3695 3684
3696 3697 3698
3696 3698 3699
3689 3700 3701
3689 3701 3690
3702 3703 3704
3702 3704 3705
3700 3678 3681
3700 3681 3701
3699 3698 3704
3699 3704 3703
3694 3706 3707
3694 3707 3695
3671 3688 3691
3671 3691 3672
3708 3682 3685
3708 3685 3709
3613 3625 3710
3625 3632 3710
3620 3621 3625
3620 3612 3633
3624 3601 3711
3626 3627 3637
3616 3624 3605
3611 3633 3612
3609 3608 3627
3609 3629 3634
3630 3624 3711
3597 3634 3618
3615 3604 3636
3604 3631 3635
3631 3597 3619
3712 3713 3714
3712 3714 3715
3716 3717 3718
3716 3718 3719
3720 3721 3722
3720 3722 3723
3724 3725 3726
3724 3726 3727
3728 3729 3730
3728 3730 3731
3732 3733 3734
3732 3734 3735
3736 3737 3738
3736 3738 3739
3740 3741 3742
3740 3742 3743
3445 3444 3714
3445 3714 3713
3717 3450 3451
3717 3451 3718
3465 3464 3721
3465 3721 3720
3724 3472 3471
3724 3471 3725
3493 3492 3729
3493 3729 3728
3733 3497 3496
3733 3496 3734
3737 3507 3506
3737 3506 3738
3741 3510 3509
3741 3509 3742
3449 3712 3715
3449 3715 3446
3452 3716 3719
3452 3719 3453
3723 3722 3457
3723 3457 3456
3727 3726 3466
3727 3466 3469
3731 3730 3489
3731 3489 3488
3527 3732 3735
3527 3735 3526
3505 3736 3739
3505 3739 3502
3740 3743 3522
3740 3522 3525
3385 3386 3382
3385 3382 3384
3744 3398 3397
3744 3397 3745
3399 3402 3393
3399 3393 3392
3403 3406 3746
3403 3746 3747
3484 3487 3748
3501 3500 3749
3440 3439 3750
3459 3458 3751
3455 3454 3752
3462 3461 3753
3491 3490 3754
3504 3503 3755
3756 3757 3758
3758 3759 3756
3760 3761 3762
3758 3763 3764
3764 3765 3758
3766 3767 3760
3768 3769 3770
3769 3768 3771
3772 3773 3774
3769 3775 3776
3775 3769 3777
3778 3774 3779
3780 3781 3782
3783 3780 3782
3784 3768 3785
3786 3768 3784
3787 3788 3789
3790 3791 3792
3790 3792 3793
3794 3795 3791
3794 3791 3790
3796 3797 3798
3799 3800 3801
3799 3801 3802
3781 3803 3782
3804 3805 3799
3799 3802 3804
3797 3806 3766
3791 3795 3765
3791 3765 3764
3807 3792 3791
3807 3791 3764
3808 3809 3810
3811 3786 3784
3811 3784 3808
3812 3789 3813
3803 3814 3782
3805 3815 3816
3817 3780 3783
3818 3781 3780
3781 3819 3803
3803 3820 3814
3821 3800 3822
3823 3801 3821
3823 3804 3802
3798 3795 3794
3824 3772 3778
3777 3788 3772
3788 3771 3789
3789 3811 3813
3759 3760 3825
3765 3760 3759
3765 3797 3766
3763 3826 3827
3763 3827 3807
3757 3828 3826
3757 3826 3763
3810 3829 3830
3809 3785 3831
3785 3770 3832
3785 3832 3831
3770 3776 3833
3793 3792 3834
3793 3834 3835
3834 3792 3807
3834 3807 3827
3779 3818 3817
3816 3806 3796
3806 3815 3836
3836 3821 3767
3767 3822 3761
3819 3812 3820
3837 3787 3819
3773 3837 3774
3761 3760 3767
3767 3766 3836
3773 3772 3788
3774 3778 3772
3788 3787 3773
3797 3796 3806
3789 3812 3787
3815 3805 3804
3780 3817 3818
3781 3818 3837
3819 3781 3837
3820 3803 3819
3800 3821 3801
3801 3823 3802
3804 3823 3815
3795 3798 3797
3772 3824 3777
3788 3777 3771
3811 3789 3786
3760 3765 3766
3797 3765 3795
3818 3779 3774
3806 3816 3815
3821 3836 3823
3822 3767 3821
3812 3819 3787
3787 3837 3773
3825 3760 3762
3774 3837 3818
3769 3771 3777
3775 3777 3824
3764 3763 3807
3758 3765 3759
3758 3757 3763
3756 3759 3825
3829 3810 3809
3809 3831 3829
3768 3770 3785
3770 3833 3832
3769 3776 3770
3789 3771 3786
3836 3815 3823
3766 3806 3836
3809 3808 3784
3784 3785 3809
3768 3786 3771
3838 3839 3840
3838 3840 3841
3842 3843 3844
3842 3844 3845
3846 3847 3848
3846 3848 3849
3850 3851 3852
3850 3852 3853
3854 3855 3856
3854 3856 3857
3858 3859 3860
3858 3860 3861
3841 3862 3863
3841 3863 3838
3845 3864 3865
3845 3865 3842
3849 3866 3867
3849 3867 3846
3846 3868 3869
3846 3869 3847
3846 3867 3870
3846 3870 3868
3860 3859 3871
3860 3871 3872
3873 3860 3872
3873 3872 3874
3875 3861 3860
3875 3860 3873
3876 3857 3856
3876 3856 3877
3878 3853 3852
3878 3852 3879
3880 3872 3871
3881 3869 3868
3881 3868 3870
3880 3874 3872
3877 3856 3861
3877 3861 3875
3865 3866 3849
3865 3849 3842
3849 3848 3843
3849 3843 3842
3855 3858 3861
3855 3861 3856
3879 3852 3857
3879 3857 3876
3863 3864 3845
3863 3845 3838
3845 3844 3839
3845 3839 3838
3851 3854 3857
3851 3857 3852
3840 3882 3883
3840 3883 3841
3841 3883 3884
3841 3884 3862
3885 3886 3853
3853 3886 3850
3885 3853 3878
3887 3888 3889
3887 3890 3891
3892 3893 3894
3892 3894 3895
3892 3896 3897
3892 3897 3898
3898 3897 3899
3900 3901 3902
3900 3902 3903
3904 3905 3906
3907 3908 3909
3907 3909 3910
3911 3912 3913
3904 3914 3915
3904 3915 3916
3903 3917 3918
3903 3918 3919
3897 3920 3921
3896 3922 3920
3896 3920 3897
3896 3923 3924
3896 3924 3922
3925 3904 3916
3925 3916 3926
3905 3904 3925
3891 3927 3928
3891 3928 3888
3929 3930 3931
3932 3933 3934
3935 3936 3917
3935 3917 3937
3938 3939 3940
3938 3940 3941
3941 3940 3942
3941 3942 3943
3944 3918 3917
3944 3917 3936
3899 3945 3936
3899 3936 3935
3946 3890 3947
3946 3948 3891
3921 3944 3936
3921 3936 3945
3914 3904 3906
3914 3906 3949
3949 3906 3950
3951 3952 3953
3907 3910 3954
3907 3954 3955
3912 3911 3956
3957 3958 3959
3957 3959 3960
3961 3962 3963
3964 3911 3965
3964 3965 3966
3967 3968 3962
3967 3962 3961
3969 3931 3930
3969 3930 3970
3910 3909 3971
3910 3971 3969
3972 3973 3953
3972 3953 3952
3964 3932 3934
3964 3934 3974
3894 3975 3913
3894 3913 3895
3963 3976 3977
3978 3889 3907
3978 3907 3955
3889 3979 3908
3889 3908 3907
3916 3915 3958
3916 3958 3957
3924 3923 3912
3924 3912 3980
3981 3933 3932
3929 3931 3982
3983 3984 3985
3986 3987 3988
3986 3988 3989
3987 3990 3988
3991 3992 3993
3991 3993 3994
3995 3996 3993
3995 3993 3992
3997 3998 3999
4000 4001 4002
4000 4002 4003
4004 4001 4000
4004 4000 4005
4006 4007 4008
4009 4003 4002
4009 4002 3996
4010 4011 4003
4010 4003 4009
4012 4013 4014
4012 4014 4015
4016 4017 4018
4019 4020 4021
4022 4023 4024
4025 4012 4015
4025 4015 4007
4026 4000 4003
4026 4003 4011
4027 4017 4016
4028 4020 4019
4029 4030 4031
4029 4031 4032
4005 4000 4026
4005 4026 4033
4034 4018 4017
4035 4036 4013
4035 4013 4012
4037 4038 4024
4037 4024 4023
4039 4027 4016
4039 4016 4040
4040 4041 4026
4040 4026 4011
4042 4041 4018
4042 4018 4034
4028 4019 4035
4028 4035 4043
4044 4045 3992
4044 3992 3991
3994 3993 4046
3994 4046 3887
4047 4048 4049
4047 4049 3999
4050 4051 3898
4050 3898 3899
3937 3902 4052
3937 4052 4053
3988 3990 4054
4055 4056 4057
4058 4059 4060
4061 4062 4063
4064 4065 4066
4064 4066 4067
4068 4069 3997
3998 4070 4047
3998 4047 3999
3992 4045 4071
3992 4071 3995
3993 3996 4046
4046 4072 4073
4046 4073 3890
4074 4056 4055
4075 4059 4058
3935 3937 4053
3935 4053 4076
3899 3935 4076
3899 4076 4050
3987 3986 4077
3987 4077 4078
4079 4080 4081
4082 4083 4048
4082 4048 4047
4084 4085 4063
4084 4063 4062
4086 4074 4055
4086 4055 4087
4087 4088 4071
4087 4071 4045
4089 4090 4065
4089 4065 4064
4091 4075 4058
4091 4058 4082
3892 3898 3893
4002 4092 4072
4002 4072 3996
4072 4092 4093
4072 4093 4073
4053 4052 4094
4053 4094 4095
4096 4097 4098
4096 4098 4099
4100 4101 4102
4100 4102 4103
4104 4103 4102
4002 4001 4105
4002 4105 4092
4092 4105 4106
4076 4053 4107
4108 4109 4110
4108 4110 4111
4050 4076 4107
4050 4107 4100
4093 3947 4073
4093 4106 4112
4111 4110 4113
4111 4113 4101
4114 4115 4116
4114 4116 4117
4116 4115 4112
4116 4112 4118
4118 4112 4106
4118 4106 4119
4119 4106 4105
4119 4105 4120
4120 4105 4001
4120 4001 4004
3938 4121 4115
3938 4115 4114
3890 4073 3947
3890 3887 4046
4122 4123 4124
4122 4124 4125
3928 4126 4123
4127 4128 4129
4127 4129 4130
4131 4132 4133
4134 4135 4136
4137 4138 4139
4140 4141 4142
4140 4142 4143
4144 4145 4146
4144 4146 4147
4148 4149 4145
4148 4145 4144
4148 4150 4151
4148 4151 4149
4152 4124 4123
4152 4123 4153
4123 4126 4154
4123 4154 4153
4126 4155 4156
4126 4156 4154
4132 4157 4133
4136 4135 4158
4159 4160 4161
4159 4161 4162
4155 3948 4163
4146 4159 4162
4146 4162 4147
4164 4165 4166
4164 4166 4167
4168 4156 4163
4168 4163 4169
4170 4154 4156
4170 4156 4168
4171 4153 4154
4171 4154 4170
4172 4152 4153
4172 4153 4171
4173 4150 4174
4173 4174 4175
4176 4177 4138
4176 4138 4137
4178 4179 4133
4178 4133 4157
4179 4124 4152
4179 4152 4180
4181 4180 4152
4181 4152 4172
4182 4173 4136
4182 4136 4158
4131 4183 4132
4141 4184 3919
4141 3919 4142
3944 4162 4161
3944 4161 3918
3921 4147 4162
3921 4162 3944
4128 4127 4185
4185 4127 4186
4155 4126 3928
4155 3928 3927
3948 4155 3927
4165 4187 3943
4165 3943 4166
4188 4144 3921
4189 4148 4188
4148 4189 4150
3946 3891 3890
3888 3887 3891
4019 4021 4036
4019 4036 4035
4032 4031 4038
4032 4038 4037
4011 4010 4039
4011 4039 4040
4016 4018 4041
4016 4041 4040
4033 4026 4041
4033 4041 4042
4058 4060 4083
4058 4083 4082
4078 4077 4085
4078 4085 4084
4045 4044 4086
4045 4086 4087
4055 4057 4088
4055 4088 4087
4080 4079 4090
4080 4090 4089
4047 4070 4091
4047 4091 4082
3981 3932 3964
3981 3964 3966
3984 3983 3968
3984 3968 3967
3954 3910 3969
3954 3969 3970
4190 3972 3952
4190 3952 4191
3960 3959 3973
3960 3973 3972
3956 3911 3964
3956 3964 3974
4134 4136 4173
4134 4173 4175
4130 4129 4177
4130 4177 4176
4125 4124 4179
4125 4179 4178
4131 4133 4179
4131 4179 4180
4183 4131 4180
4183 4180 4181
4151 4150 4173
4151 4173 4182
4107 4053 4095
3921 4144 4147
3928 4123 4122
4188 4148 4144
4150 4189 4174
4093 4112 3947
4008 4015 4104
4108 4095 4094
4108 4094 4098
4101 4113 4192
4101 4192 4102
4102 4192 4006
4102 4006 4008
4111 4107 4095
4111 4095 4108
4101 4100 4107
4101 4107 4111
4012 4025 4043
4012 4043 4035
4193 4194 3977
4068 3999 4049
4068 4049 4195
4195 3893 4068
3963 3977 4196
3892 3895 3923
3892 3923 3896
3912 3923 3895
3912 3895 3913
3977 3976 4193
3898 4051 3893
3893 4051 4069
3911 3913 3965
3965 3913 3975
3912 3956 3980
4197 4198 4199
4200 4201 4202
4050 4100 4203
4204 4205 4206
4204 4206 4207
4208 4209 4210
4208 4210 4211
4212 4213 4214
4212 4214 4203
4201 4215 4216
4201 4216 4217
4218 4219 4220
4218 4220 4221
4201 4200 4215
4222 4202 4201
4222 4201 4217
4211 4223 4224
4211 4224 4208
4203 4225 4226
4203 4226 4212
4227 4199 4228
4227 4228 4229
4230 4231 4232
4230 4232 4233
4234 4219 4218
4217 4216 4209
4217 4209 4208
4229 4228 4233
4229 4233 4232
4221 4220 4206
4221 4206 4205
4224 4222 4217
4224 4217 4208
4231 4230 4235
4226 4223 4211
4226 4211 4212
4211 4210 4213
4211 4213 4212
4198 4236 4228
4198 4228 4199
4237 4238 4230
4237 4230 4233
4236 4237 4233
4236 4233 4228
4050 4203 4214
4203 4100 4225
4197 4199 4227
4067 4066 4239
4240 4204 4207
4104 4015 4014
4241 4030 4029
3997 3999 4068
3998 3997 4242
4068 3893 4069
4067 4239 4243
4008 4007 4015
4046 3996 4072
4244 3957 3960
4244 3960 4245
4246 3979 3889
4245 3960 3972
4245 3972 4190
3926 3916 3957
3926 3957 4244
3931 3969 3971
3931 3971 3982
3928 4246 3888
3951 4191 3952
3897 3921 3945
3899 3897 3945
4155 4163 4156
4246 3889 3888
3887 3889 3978
3891 3948 3927
4092 4106 4093
4104 4102 4008
3963 3962 3976
4115 4121 3947
4115 3947 4112
4121 4247 3946
4121 3946 3947
3946 4247 4187
3946 4187 3948
3948 4187 4165
3948 4165 4163
4163 4165 4164
4163 4164 4169
3903 3902 3937
3903 3937 3917
3900 3903 3919
3900 3919 4184
4121 3938 3941
4121 3941 4247
4247 3941 3943
4247 3943 4187
4248 4052 3902
4248 3902 3901
4249 4094 4052
4249 4052 4248
4098 4097 4109
4098 4109 4108
4250 4114 4117
4250 4117 4251
3939 3938 4114
3939 4114 4250
4160 4143 4142
4160 4142 4161
4167 4166 4252
4167 4252 4253
4142 3919 3918
4142 3918 4161
4166 3943 3942
4166 3942 4252
4098 4094 4249
4098 4249 4099
4254 4255 4256
4257 4258 4259
4257 4259 4260
4261 4262 4263
4261 4263 4264
4265 4266 4267
4265 4267 4268
4269 4270 4271
4269 4271 4272
4273 4274 4275
4264 4263 4276
4264 4276 4277
4268 4267 4262
4268 4262 4261
4278 4272 4271
4278 4271 4279
4280 4281 4282
4280 4282 4283
4260 4284 4285
4260 4285 4257
4286 4287 4288
4286 4288 4289
4264 4290 4291
4264 4291 4261
4292 4293 4294
4292 4294 4295
4268 4296 4297
4268 4297 4265
4298 4299 4300
4298 4300 4301
4272 4302 4303
4272 4303 4269
4304 4305 4306
4304 4306 4307
4289 4288 4308
4289 4308 4309
4277 4310 4290
4277 4290 4264
4295 4294 4287
4295 4287 4286
4261 4291 4296
4261 4296 4268
4301 4300 4311
4301 4311 4312
4278 4265 4297
4278 4297 4313
4314 4274 4304
4314 4304 4307
4315 4316 4255
4315 4255 4317
4304 4273 4305
4318 4275 4274
4318 4274 4314
4258 4319 4320
4258 4320 4259
4263 4321 4322
4263 4322 4276
4262 4323 4321
4262 4321 4263
4267 4324 4323
4267 4323 4262
4266 4325 4324
4266 4324 4267
4279 4271 4326
4279 4326 4327
4270 4328 4326
4270 4326 4271
4329 4256 4255
4329 4255 4316
4330 4282 4281
4330 4281 4331
4332 4308 4288
4332 4288 4333
4333 4288 4287
4333 4287 4334
4334 4287 4294
4334 4294 4335
4335 4294 4293
4335 4293 4336
4337 4336 4293
4337 4293 4311
4338 4300 4299
4338 4299 4339
4273 4304 4274
4254 4317 4255
4307 4306 4284
4307 4284 4260
4330 4329 4316
4330 4316 4282
4283 4282 4316
4283 4316 4315
4320 4318 4314
4320 4314 4259
4259 4314 4307
4259 4307 4260
4331 4281 4308
4331 4308 4332
4309 4308 4281
4309 4281 4280
4322 4319 4258
4322 4258 4276
4276 4258 4257
4276 4257 4277
4257 4285 4310
4257 4310 4277
4269 4340 4341
4269 4341 4270
4342 4343 4344
4342 4344 4345
4269 4303 4346
4269 4346 4340
4270 4341 4347
4270 4347 4328
4348 4345 4344
4348 4344 4349
4350 4341 4340
4350 4340 4351
4352 4353 4354
4352 4354 4355
4340 4346 4356
4340 4356 4351
4357 4347 4341
4357 4341 4350
4358 4353 4352
4358 4352 4359
4360 4350 4351
4360 4351 4361
4362 4352 4355
4362 4355 4363
4351 4356 4364
4351 4364 4361
4365 4357 4350
4365 4350 4360
4359 4352 4362
4359 4362 4366
4265 4278 4279
4265 4279 4266
4312 4311 4293
4312 4293 4292
4272 4278 4313
4272 4313 4302
4266 4279 4327
4266 4327 4325
4338 4337 4311
4338 4311 4300
4367 4368 4369
4370 4371 4372
4373 4372 4371
4373 4371 4374
4375 4376 4377
4375 4377 4378
4379 4380 4381
4379 4381 4382
4383 4384 4385
4383 4385 4386
4387 4388 4389
4387 4389 4390
4391 4392 4393
4394 4395 4396
4397 4398 4399
4383 4386 4373
4383 4373 4374
4378 4400 4375
4400 4401 4375
4400 4402 4401
4390 4403 4387
4404 4405 4406
4407 4408 4409
4407 4409 4410
4411 4412 4413
4411 4413 4414
4415 4416 4417
4418 4419 4420
4418 4420 4421
4422 4423 4424
4425 4426 4420
4425 4420 4419
4427 4428 4429
4430 4431 4432
4433 4434 4435
4433 4435 4436
4437 4424 4423
4407 4405 4404
4407 4404 4408
4415 4417 4414
4415 4414 4413
4438 4432 4431
4438 4431 4439
4437 4423 4433
4437 4433 4436
4433 4423 4422
4433 4422 4440
4438 4439 4441
4438 4441 4442
4433 4440 4443
4433 4443 4434
4412 4411 4444
4412 4444 4445
4429 4441 4427
4425 4446 4447
4448 4449 4446
4448 4446 4450
4451 4452 4453
4451 4453 4454
4455 4456 4457
4426 4425 4458
4426 4459 4460
4461 4456 4455
4462 4463 4464
4465 4466 4467
4465 4467 4468
4446 4425 4469
4470 4471 4472
4470 4472 4454
4457 4456 4472
4457 4472 4471
4464 4473 4462
4474 4475 4476
4474 4476 4477
4478 4479 4480
4478 4480 4481
4482 4483 4484
4479 4478 4485
4479 4485 4486
4487 4488 4489
4487 4489 4490
4491 4484 4483
4491 4483 4492
4493 4494 4495
4493 4495 4469
4496 4495 4494
4496 4494 4497
4497 4494 4498
4497 4498 4499
4500 4501 4484
4500 4484 4491
4502 4429 4428
4502 4428 4503
4504 4429 4502
4504 4502 4505
4506 4507 4508
4506 4508 4509
4508 4507 4510
4508 4510 4511
4512 4513 4514
4512 4514 4515
4515 4514 4516
4515 4516 4517
4518 4519 4520
4518 4520 4521
4482 4484 4501
4522 4511 4510
4481 4480 4523
4510 4524 4522
4418 4421 4525
4418 4525 4370
4526 4370 4372
4527 4528 4529
4530 4531 4532
4530 4532 4533
4401 4402 4441
4401 4441 4534
4373 4535 4526
4373 4526 4372
4526 4535 4536
4526 4536 4410
4537 4534 4538
4537 4401 4534
4373 4386 4539
4373 4539 4535
4535 4539 4540
4535 4540 4536
4530 4541 4531
4542 4543 4544
4545 4542 4544
4546 4547 4548
4547 4549 4548
4550 4498 4494
4550 4494 4493
4550 4410 4409
4427 4402 4551
4427 4551 4552
4371 4553 4554
4555 4556 4557
4555 4557 4558
4559 4560 4561
4559 4561 4562
4374 4371 4554
4374 4554 4563
4402 4400 4564
4402 4564 4551
4565 4566 4567
4557 4556 4568
4562 4569 4559
4566 4570 4571
4566 4571 4567
4553 4370 4525
4553 4525 4572
4573 4374 4563
4573 4563 4574
4575 4576 4577
4575 4577 4578
4378 4579 4580
4378 4580 4581
4560 4573 4574
4560 4574 4561
4571 4570 4576
4571 4576 4575
4579 4555 4558
4579 4558 4580
4543 4542 4539
4543 4539 4386
4582 4583 4529
4582 4529 4528
4537 4547 4546
4537 4546 4375
4547 4537 4538
4547 4538 4549
4540 4539 4542
4540 4542 4545
4584 4585 4586
4584 4586 4587
4588 4589 4590
4591 4592 4593
4587 4586 4459
4587 4459 4458
4584 4587 4594
4584 4594 4595
4596 4597 4598
4596 4598 4599
4589 4600 4601
4458 4447 4594
4458 4594 4587
4599 4602 4603
4599 4603 4596
4588 4602 4599
4588 4599 4589
4604 4605 4606
4604 4606 4607
4608 4609 4610
4608 4610 4611
4593 4608 4611
4593 4611 4591
4612 4613 4614
4612 4614 4615
4616 4605 4604
4617 4614 4613
4617 4613 4618
4589 4601 4590
4619 4620 4621
4586 4460 4459
4622 4586 4585
4604 4607 4623
4564 4400 4378
4564 4378 4581
4384 4369 4368
4384 4368 4385
4380 4392 4391
4380 4391 4381
4376 4398 4397
4376 4397 4377
4388 4395 4394
4388 4394 4389
4469 4425 4493
4594 4447 4597
4594 4597 4596
4624 4617 4618
4624 4618 4625
4609 4607 4606
4609 4606 4610
4603 4595 4594
4603 4594 4596
4450 4446 4469
4450 4469 4626
4526 4418 4370
4526 4410 4418
4550 4418 4410
4446 4449 4447
4530 4533 4627
4537 4375 4401
4429 4442 4441
4441 4402 4427
4461 4628 4472
4461 4472 4456
4629 4630 4462
4629 4462 4473
4628 4451 4454
4628 4454 4472
4468 4467 4630
4468 4630 4629
4631 4470 4454
4631 4454 4453
4418 4550 4419
4550 4493 4419
4425 4419 4493
4426 4458 4459
4425 4447 4458
4586 4622 4460
4448 4450 4453
4448 4453 4452
4453 4450 4626
4453 4626 4631
4371 4370 4553
4486 4485 4487
4486 4487 4490
4492 4496 4497
4492 4497 4491
4491 4497 4499
4491 4499 4500
4506 4509 4504
4506 4504 4505
4518 4517 4516
4518 4516 4519
4632 4633 4466
4632 4466 4465
4477 4476 4633
4477 4633 4632
4634 4635 4636
4634 4636 4637
4638 4639 4640
4638 4640 4641
4636 4635 4639
4636 4639 4638
4642 4634 4637
4642 4637 4643
4644 4642 4643
4644 4643 4645
4646 4641 4640
4503 4474 4477
4503 4477 4502
4477 4647 4505
4477 4505 4502
4647 4648 4506
4647 4506 4505
4649 4524 4510
4649 4510 4507
4648 4649 4507
4648 4507 4506
4521 4520 4650
4651 4608 4652
4651 4653 4609
4651 4609 4608
4623 4607 4653
4654 4593 4592
4655 4476 4656
4655 4656 4657
4463 4462 4630
4463 4630 4658
4659 4466 4633
4659 4633 4660
4658 4630 4467
4658 4467 4661
4661 4467 4466
4661 4466 4659
4660 4633 4476
4660 4476 4655
4607 4609 4653
4475 4656 4476
4619 4612 4615
4619 4615 4620
4589 4599 4600
4608 4593 4652
4599 4598 4600
4593 4654 4652
4662 4663 4664
4665 4666 4667
4668 4669 4667
4668 4667 4666
4670 4671 4672
4670 4672 4673
4674 4675 4676
4674 4676 4677
4678 4679 4680
4678 4680 4681
4682 4683 4684
4682 4684 4685
4686 4687 4688
4689 4690 4691
4692 4693 4694
4678 4669 4668
4678 4668 4679
4671 4670 4695
4695 4670 4696
4695 4696 4697
4683 4682 4698
4699 4700 4701
4702 4703 4704
4702 4704 4705
4706 4707 4708
4706 4708 4709
4710 4711 4712
4713 4714 4715
4713 4715 4716
4717 4718 4719
4720 4716 4715
4720 4715 4721
4722 4723 4724
4725 4726 4727
4728 4729 4730
4728 4730 4731
4732 4719 4718
4702 4705 4699
4702 4699 4701
4710 4708 4707
4710 4707 4711
4733 4734 4727
4733 4727 4726
4732 4729 4728
4732 4728 4719
4728 4735 4717
4728 4717 4719
4733 4736 4737
4733 4737 4734
4728 4731 4738
4728 4738 4735
4709 4739 4740
4709 4740 4706
4723 4722 4737
4720 4741 4742
4743 4744 4742
4743 4742 4745
4746 4747 4748
4746 4748 4749
4750 4751 4752
4721 4753 4720
4721 4754 4755
4756 4750 4752
4757 4758 4759
4760 4761 4762
4760 4762 4763
4742 4764 4720
4765 4747 4766
4765 4766 4767
4751 4767 4766
4751 4766 4752
4758 4757 4768
4769 4770 4771
4769 4771 4772
4773 4774 4775
4773 4775 4776
4777 4778 4779
4776 4780 4781
4776 4781 4773
4782 4783 4784
4782 4784 4785
4786 4787 4779
4786 4779 4778
4788 4764 4789
4788 4789 4790
4791 4792 4790
4791 4790 4789
4792 4793 4794
4792 4794 4790
4795 4786 4778
4795 4778 4796
4797 4798 4724
4797 4724 4723
4799 4800 4797
4799 4797 4723
4801 4802 4803
4801 4803 4804
4803 4805 4806
4803 4806 4804
4807 4808 4809
4807 4809 4810
4808 4811 4812
4808 4812 4809
4813 4814 4815
4813 4815 4816
4777 4796 4778
4817 4806 4805
4774 4818 4775
4806 4817 4819
4713 4665 4820
4713 4820 4714
4821 4666 4665
4822 4823 4824
4825 4826 4827
4825 4827 4828
4696 4829 4737
4696 4737 4697
4668 4666 4821
4668 4821 4830
4821 4703 4831
4821 4831 4830
4832 4833 4829
4832 4829 4696
4668 4830 4834
4668 4834 4679
4830 4831 4835
4830 4835 4834
4825 4828 4836
4837 4838 4839
4840 4838 4837
4841 4842 4843
4843 4842 4844
4845 4788 4790
4845 4790 4794
4845 4704 4703
4722 4846 4847
4722 4847 4697
4667 4848 4849
4850 4851 4852
4850 4852 4853
4854 4855 4856
4854 4856 4857
4669 4858 4848
4669 4848 4667
4697 4847 4859
4697 4859 4695
4860 4861 4862
4852 4863 4853
4855 4854 4864
4862 4861 4865
4862 4865 4866
4849 4867 4820
4849 4820 4665
4868 4869 4858
4868 4858 4669
4870 4871 4872
4870 4872 4873
4671 4874 4875
4671 4875 4876
4857 4856 4869
4857 4869 4868
4865 4870 4873
4865 4873 4866
4876 4875 4851
4876 4851 4850
4839 4679 4834
4839 4834 4837
4877 4824 4823
4877 4823 4878
4832 4670 4841
4832 4841 4843
4843 4844 4833
4843 4833 4832
4835 4840 4837
4835 4837 4834
4879 4880 4881
4879 4881 4882
4883 4884 4885
4886 4887 4888
4880 4753 4755
4880 4755 4881
4879 4889 4890
4879 4890 4880
4891 4892 4893
4891 4893 4894
4885 4895 4896
4753 4880 4890
4753 4890 4741
4892 4891 4897
4892 4897 4898
4883 4885 4892
4883 4892 4898
4899 4900 4901
4899 4901 4902
4903 4904 4905
4903 4905 4906
4887 4886 4904
4887 4904 4903
4907 4908 4909
4907 4909 4910
4911 4899 4902
4912 4913 4910
4912 4910 4909
4885 4884 4895
4914 4915 4916
4881 4755 4754
4917 4882 4881
4899 4918 4900
4859 4874 4671
4859 4671 4695
4681 4680 4664
4681 4664 4663
4677 4676 4686
4677 4686 4688
4673 4672 4692
4673 4692 4694
4685 4684 4689
4685 4689 4691
4764 4788 4720
4890 4891 4894
4890 4894 4741
4919 4920 4913
4919 4913 4912
4906 4905 4901
4906 4901 4900
4897 4891 4890
4897 4890 4889
4744 4921 4764
4744 4764 4742
4821 4665 4713
4821 4713 4703
4845 4703 4713
4742 4741 4745
4825 4922 4826
4832 4696 4670
4723 4737 4736
4737 4722 4697
4756 4752 4766
4756 4766 4923
4924 4768 4757
4924 4757 4925
4923 4766 4747
4923 4747 4746
4761 4924 4925
4761 4925 4762
4926 4748 4747
4926 4747 4765
4713 4716 4845
4845 4716 4788
4720 4788 4716
4721 4755 4753
4720 4753 4741
4881 4754 4917
4743 4749 4748
4743 4748 4744
4748 4926 4921
4748 4921 4744
4667 4849 4665
4780 4783 4782
4780 4782 4781
4787 4786 4792
4787 4792 4791
4786 4795 4793
4786 4793 4792
4801 4800 4799
4801 4799 4802
4813 4816 4812
4813 4812 4811
4927 4760 4763
4927 4763 4928
4770 4927 4928
4770 4928 4771
4929 4930 4931
4929 4931 4932
4933 4934 4935
4933 4935 4936
4931 4933 4936
4931 4936 4932
4937 4938 4930
4937 4930 4929
4939 4940 4938
4939 4938 4937
4941 4935 4934
4798 4797 4770
4798 4770 4769
4770 4797 4800
4770 4800 4942
4942 4800 4801
4942 4801 4943
4944 4804 4806
4944 4806 4819
4943 4801 4804
4943 4804 4944
4814 4945 4815
4946 4947 4903
4946 4903 4906
4946 4906 4948
4918 4948 4900
4949 4888 4887
4950 4951 4952
4950 4952 4771
4759 4953 4925
4759 4925 4757
4954 4955 4928
4954 4928 4763
4953 4956 4762
4953 4762 4925
4956 4954 4763
4956 4763 4762
4955 4950 4771
4955 4771 4928
4900 4948 4906
4772 4771 4952
4914 4916 4908
4914 4908 4907
4885 4896 4892
4903 4947 4887
4892 4896 4893
4887 4947 4949
4957 4958 4959
4957 4959 4960
4961 4962 4958
4961 4958 4957
4963 4964 4965
4963 4965 4966
4960 4959 4967
4960 4967 4968
4969 4970 4971
4969 4971 4972
4973 4974 4975
4973 4975 4976
4977 4978 4979
4977 4979 4980
4980 4979 4981
4980 4981 4982
4983 4984 4985
4983 4985 4986
4820 4987 4988
4820 4988 4714
4572 4989 4987
4572 4987 4990
4991 4992 4993
4991 4993 4994
4995 4996 4997
4998 4999 5000
4999 5001 5000
5002 5003 5004
5005 5006 5007
5008 5009 5010
5008 5011 5012
5008 5012 5009
5011 5008 5013
5011 5013 5014
5013 5008 5010
5013 5010 5015
5016 5007 5006
5016 5006 5017
5018 5019 5004
5018 5004 5003
5020 5021 5022
5020 5022 5001
4995 5023 4996
5024 5025 4996
5024 4996 5023
5026 5027 5025
5026 5025 5024
5028 5029 5027
5028 5027 5026
5030 5031 5029
5030 5029 5028
5032 5033 5031
5032 5031 5030
5034 5035 5033
5034 5033 5032
5036 5037 5038
5036 5038 5039
5040 5041 5042
5043 5044 5045
5046 5047 5048
5049 5050 5051
5049 5051 4997
5052 5011 5014
5052 5014 5053
5039 5038 5054
5039 5054 5055
5012 5011 5052
5012 5052 5056
4996 5049 4997
5025 5057 5047
5027 5058 5044
5031 5059 5029
5031 5033 5038
5031 5038 5037
5060 5061 5035
5060 5035 5062
5063 4999 4998
5051 4995 4997
5015 5010 5007
5015 5007 5016
5006 5019 5017
5018 5003 5022
5018 5022 5021
5063 5020 5001
5063 5001 4999
5036 5042 5059
5036 5059 5037
5058 5040 5045
5057 5043 5048
5050 5049 5047
5050 5047 5046
5006 5004 5019
4996 5025 5049
5025 5047 5049
5025 5027 5057
5027 5044 5057
5027 5029 5058
5029 5041 5058
5031 5037 5059
5059 5041 5029
5005 5002 5006
5002 5004 5006
5002 5064 5003
5064 5022 5003
5001 5022 5064
5001 5064 5000
5041 5059 5042
5058 5041 5040
5044 5058 5045
5057 5044 5043
5047 5057 5048
5005 5007 5010
5009 5005 5010
5065 5066 5067
5065 5067 5068
5069 5070 5071
5069 5071 5072
5073 5074 5075
5073 5075 5076
5077 5078 5079
5077 5079 5080
5062 5035 5081
5062 5081 5082
5083 5084 5085
5083 5085 5086
5087 5088 5089
5087 5089 5090
5091 5092 5093
5091 5093 5094
5080 5095 5096
5080 5096 5077
5082 5081 5097
5082 5097 5098
5084 5099 5100
5084 5100 5085
5101 5102 5103
5101 5103 5104
5105 5106 5107
5105 5107 5108
5095 5109 5110
5095 5110 5096
5111 5112 5113
5111 5113 5114
5115 5116 5117
5118 5119 5120
5120 5119 5121
5122 5123 5124
5125 5126 5127
5128 5129 5130
5128 5130 5131
5128 5131 5132
5132 5133 5134
5132 5134 5128
5134 5135 5129
5134 5129 5128
5136 5137 5127
5136 5127 5126
5138 5124 5123
5138 5123 5139
5140 5121 5141
5140 5141 5142
5115 5117 5143
5144 5143 5117
5144 5117 5145
5146 5144 5145
5146 5145 5147
5148 5146 5147
5148 5147 5149
5150 5148 5149
5150 5149 5151
5152 5150 5151
5152 5151 5153
5154 5152 5153
5154 5153 5155
5156 5157 5158
5156 5158 5159
5160 5161 5162
5163 5164 5165
5166 5167 5168
5169 5116 5170
5169 5170 5171
5172 5173 5133
5172 5133 5132
5157 5174 5175
5157 5175 5158
5131 5176 5172
5131 5172 5132
5117 5116 5169
5145 5168 5177
5147 5165 5178
5151 5149 5179
5151 5159 5158
5151 5158 5153
5158 5175 5155
5158 5155 5153
5180 5118 5120
5170 5116 5115
5135 5136 5126
5135 5126 5129
5127 5137 5139
5138 5142 5141
5138 5141 5124
5180 5120 5121
5180 5121 5140
5156 5159 5179
5156 5179 5161
5178 5164 5160
5177 5167 5163
5171 5166 5168
5171 5168 5169
5127 5139 5123
5117 5169 5145
5145 5169 5168
5145 5177 5147
5147 5177 5165
5147 5178 5149
5149 5178 5162
5151 5179 5159
5179 5149 5162
5125 5127 5122
5122 5127 5123
5122 5124 5181
5181 5124 5141
5121 5181 5141
5121 5119 5181
5162 5161 5179
5178 5160 5162
5165 5164 5178
5177 5163 5165
5168 5167 5177
5125 5129 5126
5130 5129 5125
5182 5183 5184
5182 5184 5185
5186 5187 5188
5186 5188 5189
5190 5191 5192
5190 5192 5193
5194 5195 5196
5194 5196 5197
5193 5198 5199
5193 5199 5200
5201 5202 5203
5201 5203 5204
5189 5205 5206
5189 5206 5207
5208 5209 5210
5208 5210 5211
5197 5196 5212
5197 5212 5206
5213 5214 5198
5213 5198 5215
5216 5217 5218
5216 5218 5219
5207 5206 5220
5207 5220 5221
5222 5208 5211
5222 5211 5223
5206 5212 5224
5206 5224 5225
5226 5203 5215
5226 5215 5227
