byte offset: 0
first index: 0
index count: 6552
topology: trianglelist
format: DXGI_FORMAT_R16_UINT

0 1 2
3 4 5
2 5 6
7 8 9
7 9 5
5 9 10
5 10 6
6 10 11
0 2 12
2 6 13
14 13 15
6 11 16
6 16 13
13 16 17
13 17 18
18 17 19
20 21 22
23 24 25
22 25 26
27 28 29
27 29 25
25 29 30
25 30 26
26 30 31
20 22 32
22 26 33
34 33 35
26 31 36
26 36 33
33 36 37
33 37 38
38 37 39
40 41 42
41 43 44
41 44 42
42 44 45
43 11 10
43 10 44
44 10 9
44 9 45
45 9 8
40 46 41
46 47 48
46 48 41
41 48 43
47 19 17
47 17 48
48 17 16
48 16 43
43 16 11
49 50 51
50 52 53
50 53 51
51 53 54
52 31 30
52 30 53
53 30 29
53 29 54
54 29 28
49 55 50
55 56 57
55 57 50
50 57 52
56 39 37
56 37 57
57 37 36
57 36 52
52 36 31
1 5 2
2 13 12
21 25 22
22 33 32
13 18 15
24 27 25
4 7 5
33 38 35
1 3 5
13 14 12
21 23 25
33 34 32
58 59 60
61 62 63
62 61 64
65 66 67
68 69 70
71 72 73
74 75 76
77 78 74
73 79 77
80 81 71
82 83 84
85 86 87
88 66 89
86 90 91
91 90 92
88 93 94
95 58 96
73 97 71
98 99 76
74 100 77
77 101 73
102 98 103
104 105 80
106 107 105
89 59 95
108 109 110
68 81 69
111 112 113
114 115 111
113 116 111
114 86 117
86 85 90
114 111 118
92 62 119
120 121 122
123 124 125
121 126 122
122 126 125
120 124 127
124 123 113
64 128 108
119 64 129
66 65 59
130 103 131
99 100 74
130 102 103
132 107 133
134 135 136
133 58 137
138 137 60
138 60 139
140 61 63
140 63 141
142 128 61
142 61 140
143 65 67
143 67 144
68 70 145
68 145 146
147 79 72
147 72 148
149 131 75
149 75 150
150 75 78
150 78 151
151 78 79
151 79 147
148 72 81
148 81 152
153 82 84
153 84 154
155 85 87
155 87 156
157 88 89
157 89 158
159 117 91
159 91 160
160 91 92
160 92 161
162 134 93
162 93 163
164 95 96
164 96 165
166 104 97
166 97 167
168 99 98
168 98 169
170 101 100
170 100 171
167 97 101
167 101 170
169 98 102
169 102 172
173 105 104
173 104 166
174 106 105
174 105 173
158 89 95
158 95 164
129 110 175
129 175 176
152 81 68
152 68 146
177 127 112
177 112 178
178 112 115
178 115 179
118 116 180
118 180 181
179 115 117
179 117 159
141 63 85
141 85 155
87 118 181
87 181 156
161 92 119
161 119 182
183 121 120
183 120 184
185 123 125
185 125 186
126 121 183
126 183 187
186 125 126
186 126 187
184 120 127
184 127 177
116 123 185
116 185 180
182 119 129
182 129 176
139 60 65
139 65 143
188 130 131
188 131 149
171 100 99
171 99 168
102 130 188
102 188 172
165 96 189
165 189 190
145 70 191
145 191 192
189 106 174
189 174 190
175 110 135
175 135 193
135 134 162
135 162 193
192 191 137
192 137 138
163 93 88
163 88 157
93 134 136
69 191 70
80 132 69
81 80 69
107 189 96
107 96 133
106 189 107
107 132 80
107 80 105
69 133 191
69 132 133
136 135 110
109 108 194
154 84 194
154 194 195
109 136 110
109 83 136
94 83 82
67 82 153
67 153 144
93 136 94
136 83 94
195 194 128
195 128 142
114 118 87
111 115 112
111 116 118
113 112 127
113 123 116
125 124 122
127 124 113
120 122 124
87 86 114
86 91 117
114 117 115
90 85 63
63 62 90
119 62 64
92 90 62
64 61 128
129 64 108
108 110 129
108 128 194
109 194 84
84 83 109
94 82 67
67 66 94
88 94 66
59 65 60
89 66 59
133 137 191
96 58 133
58 60 137
95 59 58
71 81 72
71 97 104
104 80 71
73 72 79
73 101 97
77 79 78
77 100 101
74 78 75
99 74 76
76 75 131
98 76 103
131 103 76
196 197 198
199 200 201
202 203 204
205 206 207
197 208 209
210 211 212
213 214 211
215 212 216
217 218 219
220 217 221
222 223 224
225 226 227
228 229 226
197 230 231
232 233 234
230 197 209
235 218 217
214 218 236
203 237 238
221 217 219
239 199 240
241 237 203
242 204 203
206 243 244
232 245 246
200 247 248
249 240 199
250 240 198
251 198 240
252 216 253
216 254 255
256 253 257
253 258 257
214 236 259
212 260 254
211 259 260
218 214 261
206 205 223
262 257 263
257 264 265
246 266 233
241 267 237
200 268 269
199 239 247
270 271 272
222 272 243
224 273 270
270 204 271
229 228 274
275 229 276
209 263 257
253 255 258
258 264 257
267 277 245
197 196 208
196 278 208
208 278 263
209 208 263
245 277 279
267 245 232
280 268 246
268 248 266
245 279 246
196 251 281
196 281 282
201 269 283
201 283 284
202 273 285
202 285 286
205 287 288
205 288 289
210 215 290
210 290 291
213 210 291
213 291 292
290 215 252
290 252 293
219 261 294
219 294 295
220 221 296
220 296 297
224 223 298
224 298 299
227 275 300
227 300 301
228 302 303
228 303 304
231 230 305
231 305 306
234 233 307
234 307 308
305 230 265
305 265 309
235 220 297
235 297 310
236 235 310
236 310 311
238 234 308
238 308 312
296 221 219
296 219 295
239 250 313
239 313 314
241 202 286
241 286 315
242 238 312
242 312 316
317 244 318
317 318 319
248 247 320
248 320 321
249 201 284
249 284 322
313 250 231
313 231 306
281 251 249
281 249 322
293 252 256
293 256 323
255 254 324
255 324 325
323 256 262
323 262 326
259 236 311
259 311 327
254 260 328
254 328 324
328 260 259
328 259 327
294 261 213
294 213 292
298 223 205
298 205 289
326 262 263
326 263 329
309 265 264
309 264 330
233 266 331
233 331 307
332 267 241
332 241 315
283 269 280
283 280 333
320 247 239
320 239 314
272 271 334
272 334 335
336 243 272
336 272 335
285 273 224
285 224 299
334 271 242
334 242 316
337 274 338
337 338 339
300 275 340
300 340 341
342 258 255
342 255 325
330 264 258
330 258 342
277 267 332
277 332 343
278 196 282
278 282 344
329 263 278
329 278 344
345 279 277
345 277 343
333 280 279
333 279 345
331 266 248
331 248 321
226 229 227
226 225 302
301 225 227
302 225 303
274 337 276
276 346 340
338 274 228
338 228 304
341 340 317
341 317 319
207 346 287
244 317 207
287 337 339
287 339 288
318 244 243
318 243 336
275 276 340
276 337 346
229 274 276
227 229 275
228 226 302
340 346 317
287 346 337
205 207 287
207 317 346
206 244 207
206 223 222
222 224 270
222 243 206
270 272 222
270 273 204
202 204 273
271 204 242
241 203 202
242 203 238
238 237 234
237 267 232
232 234 237
246 233 232
280 246 279
269 268 280
268 266 246
201 200 269
200 248 268
197 231 198
196 198 251
250 198 231
249 199 201
199 247 200
239 240 250
251 240 249
230 209 265
257 265 209
256 257 262
252 253 256
216 255 253
215 216 252
212 254 216
210 212 215
213 211 210
211 260 212
214 259 211
261 214 213
219 218 261
236 218 235
235 217 220
347 348 349
347 349 350
348 351 352
348 352 349
353 354 355
353 355 356
357 358 359
357 359 360
358 361 362
358 362 359
361 363 364
361 364 362
365 366 367
365 367 368
366 369 370
366 370 367
369 371 372
369 372 370
371 373 374
371 374 372
373 375 376
373 376 374
375 347 350
375 350 376
377 378 379
378 380 379
380 381 379
382 383 384
383 385 384
385 386 384
386 387 384
388 389 390
389 391 390
392 393 379
393 394 379
395 396 397
398 399 400
401 402 403
404 405 401
406 407 408
409 410 411
399 412 413
402 414 415
416 417 418
407 406 417
419 407 416
420 402 405
419 421 422
423 424 425
412 426 427
428 429 430
431 432 433
434 435 436
437 438 439
439 440 437
437 441 429
420 405 442
443 444 445
443 440 439
439 446 444
428 438 437
429 447 448
449 450 451
452 453 454
455 456 457
458 459 460
461 462 463
464 465 466
455 467 468
456 455 468
469 470 471
472 473 474
418 434 475
470 469 476
470 426 477
451 478 472
479 480 423
399 481 482
483 484 410
426 470 485
412 486 426
399 398 412
487 435 434
488 489 490
404 489 405
432 431 448
491 432 492
432 491 493
493 494 433
488 495 496
497 398 400
497 400 498
403 499 500
403 500 401
501 404 401
501 401 500
502 406 408
502 408 503
504 409 411
504 411 505
506 481 413
506 413 507
414 508 509
414 509 445
494 510 511
494 511 512
513 416 418
513 418 514
515 487 406
515 406 502
516 419 416
516 416 513
414 420 517
414 517 508
518 495 421
518 421 519
520 423 425
520 425 521
507 413 427
507 427 522
523 428 430
523 430 524
525 431 433
525 433 526
527 483 435
527 435 528
529 446 438
529 438 530
531 441 440
531 440 532
533 447 441
533 441 531
420 442 534
420 534 517
535 443 445
535 445 509
532 440 443
532 443 535
536 537 446
536 446 529
530 438 428
530 428 523
538 492 447
538 447 533
539 478 450
539 450 540
541 452 479
541 479 542
457 456 543
458 460 544
540 450 545
540 545 546
547 548 549
547 549 550
551 462 552
551 552 553
543 456 554
543 554 555
521 425 471
521 471 556
557 558 473
557 473 559
514 418 475
514 475 560
561 562 558
561 558 557
556 471 477
556 477 563
559 473 478
559 478 539
542 479 423
542 423 520
564 484 565
564 565 566
522 427 485
522 485 567
563 477 486
563 486 568
568 486 398
568 398 497
528 435 487
528 487 515
569 490 570
569 570 571
570 404 501
570 501 571
524 430 431
524 431 525
572 491 492
572 492 538
511 510 491
511 491 572
526 433 494
526 494 512
573 574 564
573 564 566
534 442 495
534 495 518
545 450 449
575 453 452
576 577 462
576 462 551
550 549 452
550 452 541
578 579 458
578 458 544
494 493 510
468 461 580
581 582 548
581 548 547
552 462 461
484 483 527
484 527 565
484 564 410
482 583 574
498 400 574
498 574 573
584 585 481
584 481 506
489 496 405
489 570 490
404 570 489
489 488 496
415 444 537
499 403 537
499 537 536
422 488 490
421 495 488
503 408 490
503 490 569
519 421 419
519 419 516
583 482 585
505 411 585
505 585 584
583 564 574
436 410 409
560 475 409
560 409 504
483 410 436
583 410 564
421 488 422
496 495 442
442 405 496
401 405 402
402 420 414
403 402 415
415 414 445
415 537 403
445 444 415
444 446 537
439 438 446
443 439 444
437 440 441
428 437 429
430 429 448
429 441 447
448 447 492
448 431 430
433 432 493
492 432 448
493 491 510
419 422 407
422 490 408
408 407 422
416 407 417
418 417 434
417 406 487
475 434 436
487 434 417
436 435 483
436 409 475
411 410 583
583 585 411
482 481 585
482 574 400
400 399 482
399 413 481
412 427 413
412 398 486
470 476 485
470 477 471
426 485 427
426 486 477
469 471 425
474 473 558
425 424 469
472 478 473
451 450 478
423 480 424
586 449 451
545 449 587
468 467 552
468 580 554
456 468 554
549 588 575
552 461 468
463 462 577
575 452 549
589 590 591
592 593 594
595 596 597
598 599 600
601 602 603
604 605 606
607 608 609
604 610 611
612 613 614
605 615 606
616 617 618
619 620 621
622 623 624
625 626 627
628 629 610
614 608 630
631 618 632
633 634 615
618 631 616
617 616 635
623 622 636
595 637 638
639 640 641
642 643 644
645 646 629
624 623 647
637 648 649
614 613 608
607 650 608
598 651 652
653 598 654
655 656 602
633 601 657
607 658 646
650 607 645
625 659 599
599 653 626
660 661 662
663 664 665
666 619 667
666 591 668
665 660 669
591 670 671
672 673 601
674 606 634
675 643 642
649 676 677
674 628 606
643 675 678
640 652 679
639 654 652
635 680 681
635 681 682
683 590 589
683 589 684
685 592 594
685 594 686
647 687 688
647 688 689
690 651 600
690 600 691
692 693 673
692 673 694
695 605 604
695 604 696
697 658 609
697 609 698
696 604 611
696 611 699
700 613 612
700 612 701
702 672 605
702 605 695
701 612 617
701 617 703
620 704 705
620 705 706
622 624 707
708 627 626
708 626 709
710 657 706
710 706 705
711 629 628
711 628 712
713 632 630
713 630 714
715 631 632
715 632 713
716 634 633
716 633 717
681 680 631
681 631 715
703 617 635
703 635 682
648 718 719
648 719 720
721 595 638
721 638 722
723 639 641
723 641 724
725 642 644
725 644 726
727 645 629
727 629 711
624 647 689
676 648 720
676 720 728
698 609 613
698 613 700
714 630 650
714 650 729
730 679 651
730 651 690
731 653 654
731 654 732
733 656 655
733 655 734
717 633 657
717 657 710
699 611 658
699 658 697
729 650 645
729 645 727
691 600 659
691 659 735
709 626 653
709 653 731
736 737 662
736 662 738
739 740 663
739 663 741
684 589 667
684 667 742
743 744 668
743 668 745
669 746 747
669 747 665
745 668 671
745 671 748
655 693 692
655 692 734
694 673 672
694 672 702
749 674 634
749 634 716
663 665 747
663 747 741
735 659 740
735 740 739
686 594 642
686 642 725
750 676 728
750 728 751
628 674 749
628 749 712
641 678 752
641 752 724
726 644 679
726 679 730
732 654 639
732 639 723
635 616 680
687 647 623
753 718 597
688 687 596
688 596 754
755 753 622
755 622 707
596 687 636
719 718 753
719 753 755
718 648 637
754 596 595
754 595 721
693 655 602
706 657 603
621 602 656
601 673 602
621 603 602
661 625 627
738 662 627
738 627 708
740 659 625
663 740 664
664 661 660
664 660 665
740 661 664
619 666 744
704 620 744
704 744 743
619 621 656
742 667 656
742 656 733
670 591 590
670 660 737
746 669 590
746 590 683
671 737 736
671 736 748
602 673 693
621 620 706
619 656 667
666 667 589
619 744 620
706 603 621
657 601 603
633 615 601
634 606 615
672 601 615
604 606 610
611 610 646
628 610 606
629 646 610
645 607 646
608 650 630
646 658 611
607 609 658
608 613 609
614 630 632
612 614 618
618 617 612
632 618 614
616 631 680
666 668 744
589 591 666
591 671 668
670 590 669
669 660 670
660 662 737
670 737 671
661 627 662
740 625 661
626 625 599
653 599 598
599 659 600
598 600 651
654 598 652
652 651 679
639 652 640
641 640 643
640 679 644
644 643 640
643 678 641
675 642 594
677 676 750
594 593 675
649 648 676
638 637 649
718 637 597
595 597 637
753 597 636
636 622 753
596 636 597
687 623 636
605 672 615
756 757 758
759 760 761
757 762 760
763 764 765
763 760 764
760 766 764
760 762 766
762 767 766
756 768 757
757 769 762
770 771 769
762 772 767
762 769 772
769 773 772
769 774 773
774 775 773
776 777 778
779 780 781
777 782 780
783 784 785
783 780 784
780 786 784
780 782 786
782 787 786
776 788 777
777 789 782
790 791 789
782 792 787
782 789 792
789 793 792
789 794 793
794 795 793
796 797 798
798 799 800
798 797 799
797 801 799
800 766 767
800 799 766
799 764 766
799 801 764
801 765 764
796 798 802
802 803 804
802 798 803
798 800 803
804 773 775
804 803 773
803 772 773
803 800 772
800 767 772
805 806 807
807 808 809
807 806 808
806 810 808
809 786 787
809 808 786
808 784 786
808 810 784
810 785 784
805 807 811
811 812 813
811 807 812
807 809 812
813 793 795
813 812 793
812 792 793
812 809 792
809 787 792
758 757 760
757 768 769
778 777 780
777 788 789
769 771 774
781 780 783
761 760 763
789 791 794
758 760 759
769 768 770
778 780 779
789 788 790
814 815 816
817 818 819
819 820 817
821 822 823
824 825 826
827 828 829
830 831 832
833 830 834
828 833 835
836 827 837
838 839 840
841 842 843
844 845 823
843 846 847
846 848 847
844 849 850
851 852 814
828 827 853
854 831 855
830 833 856
833 828 857
858 859 854
860 836 861
862 861 863
845 851 816
864 865 866
824 826 837
867 868 869
870 867 871
868 867 872
870 873 843
843 847 841
870 874 867
848 875 819
876 877 878
879 880 881
878 877 882
877 880 882
876 883 881
881 868 879
820 864 884
875 885 820
823 816 821
886 887 859
855 830 856
886 859 858
888 889 863
890 891 892
889 893 814
815 893 894
815 894 895
818 817 896
818 896 897
817 884 898
817 898 896
822 821 899
822 899 900
824 901 902
824 902 825
829 835 903
829 903 904
832 887 905
832 905 906
834 832 906
834 906 907
835 834 907
835 907 903
837 829 904
837 904 908
839 838 909
839 909 910
842 841 911
842 911 912
845 844 913
845 913 914
846 873 915
846 915 916
848 846 916
848 916 917
850 890 918
850 918 919
852 851 920
852 920 921
853 860 922
853 922 923
854 855 924
854 924 925
856 857 926
856 926 927
857 853 923
857 923 926
858 854 925
858 925 928
860 861 929
860 929 922
861 862 930
861 930 929
851 845 914
851 914 920
885 931 932
885 932 865
824 837 908
824 908 901
869 883 933
869 933 934
871 869 934
871 934 935
874 936 937
874 937 872
873 871 935
873 935 915
841 818 897
841 897 911
842 912 936
842 936 874
875 848 917
875 917 938
876 878 939
876 939 940
880 879 941
880 941 942
939 878 882
939 882 943
882 880 942
882 942 943
883 876 940
883 940 933
872 937 941
872 941 879
885 875 938
885 938 931
821 815 895
821 895 899
887 886 944
887 944 905
855 856 927
855 927 924
858 928 944
858 944 886
945 852 921
945 921 946
947 825 902
947 902 948
945 946 930
945 930 862
892 865 932
892 932 949
892 949 918
892 918 890
893 947 948
893 948 894
844 850 919
844 919 913
850 891 890
826 825 947
836 826 888
837 826 836
863 852 945
863 889 852
862 863 945
863 836 888
863 861 836
826 947 889
826 889 888
891 865 892
866 950 864
950 839 910
950 910 951
866 865 891
866 891 840
849 838 840
822 900 909
822 909 838
850 849 891
891 849 840
884 950 951
884 951 898
870 842 874
867 869 871
867 874 872
868 883 869
868 872 879
880 877 881
883 868 881
876 881 877
842 870 843
843 873 846
870 871 873
847 818 841
818 847 819
875 820 819
848 819 847
820 884 817
885 864 820
864 885 865
864 950 884
866 839 950
839 866 840
849 822 838
822 849 823
844 823 849
816 815 821
845 816 823
889 947 893
852 889 814
814 893 815
851 814 816
827 829 837
827 860 853
860 827 836
828 835 829
828 853 857
833 834 835
833 857 856
830 832 834
855 831 830
831 887 832
854 859 831
887 831 859
952 953 954
955 956 957
958 959 960
961 962 963
954 964 965
966 967 968
969 968 970
971 972 967
973 974 975
976 977 973
978 979 980
981 982 983
984 983 985
954 986 987
988 989 990
987 964 954
991 973 975
970 992 975
960 993 994
977 974 973
995 996 955
997 960 994
998 960 959
963 999 1000
988 1001 1002
957 1003 1004
1005 955 996
1006 953 996
1007 996 953
1008 1009 972
972 1010 1011
1012 1013 1009
1009 1013 1014
970 1015 992
967 1011 1016
968 1016 1015
975 1017 970
963 980 961
1018 1019 1013
1013 1020 1021
1001 990 1022
997 994 1023
957 1024 1025
955 1004 995
1026 1027 1028
978 1000 1027
979 1026 1029
1026 1028 959
985 1030 984
1031 1032 985
964 1013 1019
1009 1014 1010
1014 1013 1021
1023 1002 1033
954 965 952
952 965 1034
965 1019 1034
964 1019 965
1002 1035 1033
1023 988 1002
1036 1001 1025
1025 1022 1003
1002 1001 1035
952 1037 1038
952 1038 1007
956 1039 1040
956 1040 1024
958 1041 1042
958 1042 1029
961 1043 1044
961 1044 1045
966 1046 1047
966 1047 971
969 1048 1046
969 1046 966
1008 971 1047
1008 1047 1049
974 1050 1051
974 1051 1017
976 1052 1053
976 1053 977
979 1054 1055
979 1055 980
1056 1031 982
1056 982 1057
984 1058 1059
984 1059 1060
986 1061 1062
986 1062 987
989 1063 1064
989 1064 990
1020 987 1062
1020 1062 1065
991 1066 1052
991 1052 976
992 1067 1066
992 1066 991
993 1068 1063
993 1063 989
974 977 1053
974 1053 1050
995 1069 1070
995 1070 1006
997 1071 1041
997 1041 958
998 1072 1068
998 1068 993
1073 1074 1075
1073 1075 999
1003 1076 1077
1003 1077 1004
1005 1078 1039
1005 1039 956
986 1006 1070
986 1070 1061
1005 1007 1038
1005 1038 1078
1012 1008 1049
1012 1049 1079
1010 1080 1081
1010 1081 1011
1018 1012 1079
1018 1079 1082
1015 1083 1067
1015 1067 992
1011 1081 1084
1011 1084 1016
1015 1016 1084
1015 1084 1083
969 1017 1051
969 1051 1048
961 980 1055
961 1055 1043
1019 1018 1082
1019 1082 1085
1021 1020 1065
1021 1065 1086
1087 1022 990
1087 990 1064
997 1023 1088
997 1088 1071
1036 1024 1040
1036 1040 1089
995 1004 1077
995 1077 1069
1027 1090 1091
1027 1091 1028
1027 1000 1092
1027 1092 1090
979 1029 1042
979 1042 1054
998 1028 1091
998 1091 1072
1093 1094 1095
1093 1095 1030
1096 1031 1056
1096 1056 1097
1010 1014 1098
1010 1098 1080
1014 1021 1086
1014 1086 1098
1033 1099 1088
1033 1088 1023
1034 1100 1037
1034 1037 952
1034 1019 1085
1034 1085 1100
1033 1035 1101
1033 1101 1099
1035 1036 1089
1035 1089 1101
1003 1022 1087
1003 1087 1076
983 982 985
983 1060 981
1057 982 981
1060 1059 981
1030 1032 1093
1032 1096 1102
984 1030 1095
984 1095 1058
1073 1096 1097
1073 1097 1074
962 1045 1102
999 962 1073
1045 1044 1094
1045 1094 1093
1000 999 1075
1000 1075 1092
1031 1096 1032
1032 1102 1093
985 1032 1030
982 1031 985
984 1060 983
1096 1073 1102
1045 1093 1102
961 1045 962
962 1102 1073
963 962 999
963 978 980
978 1026 979
978 963 1000
1026 978 1027
1026 959 1029
958 1029 959
1028 998 959
997 958 960
998 993 960
993 989 994
994 988 1023
988 994 989
1001 988 990
1036 1035 1001
1024 1036 1025
1025 1001 1022
956 1024 957
957 1025 1003
954 953 986
952 1007 953
1006 986 953
1005 956 955
955 957 1004
995 1006 996
1007 1005 996
987 1020 964
1013 964 1020
1012 1018 1013
1008 1012 1009
972 1009 1010
971 1008 972
967 972 1011
966 971 967
969 966 968
968 967 1016
970 968 1015
1017 969 970
974 1017 975
992 991 975
991 976 973
1103 1104 1105
1103 1105 1106
1106 1105 1107
1106 1107 1108
1109 1110 1111
1109 1111 1112
1113 1114 1115
1113 1115 1116
1116 1115 1117
1116 1117 1118
1118 1117 1119
1118 1119 1120
1121 1122 1123
1121 1123 1124
1124 1123 1125
1124 1125 1126
1126 1125 1127
1126 1127 1128
1128 1127 1129
1128 1129 1130
1130 1129 1131
1130 1131 1132
1132 1131 1104
1132 1104 1103
1133 1134 1135
1135 1134 1136
1136 1134 1137
1138 1139 1140
1140 1139 1141
1141 1139 1142
1142 1139 1143
1144 1145 1146
1146 1145 1147
1148 1134 1149
1149 1134 1150
1151 1152 1153
1154 1155 1156
1157 1158 1159
1160 1157 1161
1162 1163 1164
1165 1166 1167
1156 1168 1169
1159 1170 1171
1172 1173 1174
1164 1174 1162
1175 1172 1164
1176 1161 1159
1175 1177 1178
1179 1180 1181
1169 1182 1183
1184 1185 1186
1187 1188 1189
1190 1191 1192
1193 1194 1195
1194 1193 1196
1193 1186 1197
1176 1198 1161
1199 1200 1201
1199 1194 1196
1194 1201 1202
1184 1193 1195
1186 1203 1204
1205 1206 1207
1208 1209 1210
1211 1212 1213
1214 1215 1216
1217 1218 1219
1220 1221 1222
1211 1223 1224
1213 1223 1211
1225 1226 1227
1228 1229 1230
1173 1231 1190
1227 1232 1225
1227 1233 1183
1206 1228 1234
1235 1179 1236
1156 1237 1238
1239 1167 1240
1183 1241 1227
1169 1183 1242
1156 1169 1154
1243 1190 1192
1244 1245 1246
1160 1161 1246
1189 1203 1187
1247 1248 1189
1189 1249 1247
1249 1188 1250
1244 1251 1252
1155 1154 1253
1155 1253 1254
1158 1157 1255
1158 1255 1256
1157 1160 1257
1157 1257 1255
1163 1162 1258
1163 1258 1259
1166 1165 1260
1166 1260 1261
1168 1238 1262
1168 1262 1263
1171 1200 1264
1171 1264 1265
1266 1267 1250
1266 1250 1268
1173 1172 1269
1173 1269 1270
1162 1243 1271
1162 1271 1258
1172 1175 1272
1172 1272 1269
1171 1265 1273
1171 1273 1176
1178 1252 1274
1178 1274 1275
1180 1179 1276
1180 1276 1277
1182 1168 1263
1182 1263 1278
1185 1184 1279
1185 1279 1280
1188 1187 1281
1188 1281 1282
1192 1239 1283
1192 1283 1284
1195 1202 1285
1195 1285 1286
1196 1197 1287
1196 1287 1288
1197 1204 1289
1197 1289 1287
1176 1273 1290
1176 1290 1198
1200 1199 1291
1200 1291 1264
1199 1196 1288
1199 1288 1291
1202 1292 1293
1202 1293 1285
1184 1195 1286
1184 1286 1279
1204 1248 1294
1204 1294 1289
1207 1234 1295
1207 1295 1296
1235 1208 1297
1235 1297 1298
1212 1299 1213
1214 1300 1215
1301 1207 1296
1301 1296 1302
1303 1304 1305
1303 1305 1306
1307 1219 1308
1307 1308 1309
1310 1213 1299
1310 1299 1311
1226 1180 1277
1226 1277 1312
1230 1313 1314
1230 1314 1315
1231 1173 1270
1231 1270 1316
1313 1317 1318
1313 1318 1314
1233 1226 1312
1233 1312 1319
1234 1230 1315
1234 1315 1295
1179 1235 1298
1179 1298 1276
1320 1321 1322
1320 1322 1240
1241 1182 1278
1241 1278 1323
1242 1233 1319
1242 1319 1324
1154 1242 1324
1154 1324 1253
1243 1192 1284
1243 1284 1271
1325 1245 1326
1325 1326 1327
1325 1327 1257
1325 1257 1160
1187 1185 1280
1187 1280 1281
1248 1247 1328
1248 1328 1294
1247 1267 1266
1247 1266 1328
1250 1188 1282
1250 1282 1268
1320 1329 1330
1320 1330 1321
1252 1198 1290
1252 1290 1274
1301 1205 1207
1331 1208 1210
1219 1332 1333
1219 1333 1308
1208 1303 1306
1208 1306 1297
1214 1334 1335
1214 1335 1300
1250 1267 1249
1223 1336 1217
1304 1337 1338
1304 1338 1305
1307 1217 1219
1240 1322 1283
1240 1283 1239
1240 1167 1320
1237 1329 1339
1329 1155 1254
1329 1254 1330
1238 1340 1341
1238 1341 1262
1246 1161 1251
1246 1245 1325
1160 1246 1325
1246 1251 1244
1170 1292 1201
1292 1158 1256
1292 1256 1293
1177 1245 1244
1178 1244 1252
1245 1163 1259
1245 1259 1326
1175 1178 1275
1175 1275 1272
1339 1340 1237
1340 1166 1261
1340 1261 1341
1339 1329 1320
1191 1165 1167
1165 1231 1316
1165 1316 1260
1239 1191 1167
1339 1320 1167
1178 1177 1244
1251 1198 1252
1198 1251 1161
1157 1159 1161
1159 1171 1176
1158 1170 1159
1170 1200 1171
1170 1158 1292
1200 1170 1201
1201 1292 1202
1194 1202 1195
1199 1201 1194
1193 1197 1196
1184 1186 1193
1185 1203 1186
1186 1204 1197
1203 1248 1204
1203 1185 1187
1188 1249 1189
1248 1203 1189
1249 1267 1247
1175 1164 1177
1177 1163 1245
1163 1177 1164
1172 1174 1164
1173 1190 1174
1174 1243 1162
1231 1191 1190
1243 1174 1190
1191 1239 1192
1191 1231 1165
1166 1339 1167
1339 1166 1340
1237 1340 1238
1237 1155 1329
1155 1237 1156
1156 1238 1168
1169 1168 1182
1169 1242 1154
1227 1241 1232
1227 1226 1233
1183 1182 1241
1183 1233 1242
1225 1180 1226
1229 1313 1230
1180 1225 1181
1228 1230 1234
1206 1234 1207
1179 1181 1236
1342 1206 1205
1301 1343 1205
1223 1307 1224
1223 1310 1336
1213 1310 1223
1303 1331 1344
1307 1223 1217
1218 1332 1219
1331 1303 1208
1345 1346 1347
1348 1349 1350
1351 1352 1353
1354 1355 1356
1357 1358 1359
1360 1361 1362
1363 1364 1365
1360 1366 1367
1368 1369 1370
1362 1361 1371
1372 1373 1374
1375 1376 1377
1378 1379 1380
1381 1382 1383
1384 1367 1385
1369 1386 1365
1387 1388 1373
1389 1371 1390
1373 1372 1387
1374 1391 1372
1380 1392 1378
1351 1393 1394
1395 1396 1397
1398 1399 1400
1401 1385 1402
1379 1403 1380
1394 1404 1405
1369 1365 1370
1363 1365 1406
1354 1407 1408
1409 1410 1354
1411 1359 1412
1389 1413 1357
1363 1402 1414
1406 1401 1363
1381 1356 1415
1356 1383 1409
1416 1417 1418
1419 1420 1421
1422 1423 1375
1422 1424 1346
1420 1425 1416
1346 1426 1427
1428 1357 1429
1430 1390 1361
1431 1398 1400
1404 1432 1433
1430 1361 1384
1400 1434 1431
1397 1435 1407
1395 1407 1410
1436 1437 1391
1436 1391 1438
1345 1347 1439
1345 1439 1440
1349 1348 1441
1349 1441 1442
1403 1443 1444
1403 1444 1445
1355 1408 1446
1355 1446 1447
1429 1448 1449
1429 1449 1450
1360 1362 1451
1360 1451 1452
1364 1414 1453
1364 1453 1454
1366 1360 1452
1366 1452 1455
1368 1370 1456
1368 1456 1457
1362 1428 1458
1362 1458 1451
1374 1368 1457
1374 1457 1459
1377 1460 1461
1377 1461 1462
1378 1463 1379
1383 1382 1464
1383 1464 1465
1460 1413 1466
1460 1466 1461
1384 1385 1467
1384 1467 1468
1386 1388 1469
1386 1469 1470
1388 1387 1471
1388 1471 1469
1389 1390 1472
1389 1472 1473
1387 1437 1436
1387 1436 1471
1391 1374 1459
1391 1459 1438
1405 1474 1475
1405 1475 1476
1393 1351 1477
1393 1477 1478
1396 1395 1479
1396 1479 1480
1399 1398 1481
1399 1481 1482
1385 1401 1483
1385 1483 1467
1379 1443 1403
1433 1484 1474
1433 1474 1405
1370 1364 1454
1370 1454 1456
1406 1386 1470
1406 1470 1485
1408 1435 1486
1408 1486 1446
1410 1409 1487
1410 1487 1488
1411 1412 1489
1411 1489 1490
1413 1389 1473
1413 1473 1466
1414 1366 1455
1414 1455 1453
1401 1406 1485
1401 1485 1483
1415 1355 1447
1415 1447 1491
1465 1487 1409
1465 1409 1383
1417 1492 1493
1417 1493 1494
1419 1495 1496
1419 1496 1497
1423 1345 1440
1423 1440 1498
1424 1499 1500
1424 1500 1501
1425 1420 1502
1425 1502 1503
1426 1424 1501
1426 1501 1504
1411 1490 1449
1411 1449 1448
1428 1429 1450
1428 1450 1458
1390 1430 1505
1390 1505 1472
1419 1497 1502
1419 1502 1420
1495 1415 1491
1495 1491 1496
1398 1349 1442
1398 1442 1481
1506 1507 1484
1506 1484 1433
1384 1468 1505
1384 1505 1430
1396 1480 1508
1396 1508 1434
1435 1399 1482
1435 1482 1486
1395 1410 1488
1395 1488 1479
1391 1437 1372
1445 1380 1403
1509 1352 1476
1353 1445 1444
1353 1444 1510
1378 1509 1511
1378 1511 1463
1353 1392 1445
1509 1476 1475
1509 1475 1511
1476 1394 1405
1351 1353 1510
1351 1510 1477
1448 1359 1411
1460 1358 1413
1376 1412 1359
1357 1359 1429
1376 1359 1358
1418 1382 1381
1382 1417 1494
1382 1494 1464
1495 1381 1415
1419 1421 1495
1421 1416 1418
1421 1420 1416
1495 1421 1418
1375 1499 1422
1499 1377 1462
1499 1462 1500
1375 1412 1376
1412 1423 1498
1412 1498 1489
1427 1347 1346
1427 1492 1416
1347 1425 1503
1347 1503 1439
1426 1504 1493
1426 1493 1492
1359 1448 1429
1376 1460 1377
1375 1423 1412
1422 1345 1423
1375 1377 1499
1460 1376 1358
1413 1358 1357
1389 1357 1371
1390 1371 1361
1428 1371 1357
1360 1367 1361
1366 1402 1367
1384 1361 1367
1385 1367 1402
1401 1402 1363
1365 1386 1406
1402 1366 1414
1363 1414 1364
1365 1364 1370
1369 1388 1386
1368 1373 1369
1373 1368 1374
1388 1369 1373
1372 1437 1387
1422 1499 1424
1345 1422 1346
1346 1424 1426
1427 1425 1347
1425 1427 1416
1416 1492 1417
1427 1426 1492
1418 1417 1382
1495 1418 1381
1383 1356 1381
1409 1354 1356
1356 1355 1415
1354 1408 1355
1410 1407 1354
1407 1435 1408
1395 1397 1407
1396 1400 1397
1397 1399 1435
1399 1397 1400
1400 1396 1434
1431 1349 1398
1432 1506 1433
1349 1431 1350
1404 1433 1405
1393 1404 1394
1476 1352 1394
1351 1394 1352
1509 1392 1352
1392 1509 1378
1353 1352 1392
1445 1392 1380
1362 1371 1428
