byte offset: 0
first index: 0
index count: 15999
topology: trianglelist
format: DXGI_FORMAT_R16_UINT

0 1 2
0 2 3
1 0 4
1 4 5
6 7 8
6 8 9
10 8 7
10 7 11
12 13 14
12 14 15
16 10 11
16 11 17
16 17 18
16 18 19
20 21 22
20 22 23
23 22 24
23 24 25
26 27 28
26 28 29
30 31 32
33 34 35
36 37 38
36 38 39
40 41 42
40 42 43
44 45 46
44 46 47
48 49 31
50 51 52
50 52 53
25 24 54
25 54 55
56 55 54
56 54 57
58 35 59
60 61 62
60 62 63
64 65 66
67 68 69
67 69 70
31 30 48
71 72 21
71 21 20
9 73 74
9 74 6
75 76 77
78 79 80
78 80 81
81 80 82
81 82 83
84 85 86
84 86 87
88 86 85
88 85 89
90 91 92
90 92 93
91 79 78
91 78 92
94 95 96
97 98 99
97 99 100
101 102 103
101 103 104
105 106 107
89 108 109
89 109 88
108 110 111
108 111 109
107 112 113
94 96 114
115 90 93
115 93 116
87 117 118
87 118 84
87 119 120
87 120 117
66 121 122
83 82 123
83 123 124
110 125 126
110 126 111
127 119 128
22 21 128
88 109 24
88 24 22
24 109 111
24 111 54
100 38 57
100 57 126
100 99 39
100 39 38
35 129 59
130 131 132
130 132 133
48 30 52
48 52 69
15 134 70
15 70 51
73 9 27
73 27 135
27 9 8
27 8 28
28 8 10
28 10 136
137 136 10
137 10 16
47 138 139
47 139 19
140 141 142
140 142 143
103 41 40
103 40 144
102 145 41
102 41 103
82 146 147
82 147 123
80 148 146
80 146 82
149 150 2
149 2 151
29 79 91
29 91 26
152 153 154
152 154 77
153 155 156
153 156 154
107 113 105
33 35 58
157 158 159
157 159 160
161 162 163
161 163 164
165 166 167
165 167 168
169 170 171
169 171 172
169 160 159
169 159 170
159 158 173
159 173 174
162 175 176
162 176 163
168 167 177
168 177 178
171 170 179
171 179 180
170 159 174
170 174 179
174 173 181
174 181 182
175 183 184
175 184 176
178 177 185
178 185 186
179 187 188
179 188 180
179 174 182
179 182 187
116 157 160
116 160 115
117 161 164
117 164 118
120 189 166
120 166 165
122 169 172
122 172 190
115 160 169
115 169 122
191 192 193
191 193 194
42 41 145
42 145 138
45 195 196
45 196 46
98 197 198
98 198 99
104 103 144
104 144 199
99 198 200
99 200 39
46 42 138
46 138 47
86 128 119
86 119 87
4 201 202
4 202 5
18 44 47
18 47 19
57 38 37
57 37 56
123 102 101
123 101 124
125 97 100
125 100 126
123 147 145
123 145 102
57 54 111
57 111 126
19 139 137
19 137 16
182 181 106
182 106 105
183 96 95
185 114 186
188 187 113
188 113 112
187 182 105
187 105 113
15 51 50
15 50 12
61 60 203
61 203 204
205 67 70
205 70 134
61 204 206
61 206 207
15 14 65
15 65 134
64 205 134
64 134 65
13 74 73
13 73 14
63 62 72
63 72 71
131 208 209
131 209 132
14 73 135
14 135 65
210 211 212
210 212 213
214 215 216
214 216 217
218 219 220
218 220 221
222 223 221
222 221 220
224 225 226
224 226 227
228 229 223
228 223 222
230 229 228
230 228 231
232 233 234
232 234 235
233 236 237
233 237 234
238 239 240
238 240 241
211 238 241
211 241 212
242 243 244
245 246 247
248 249 250
248 250 251
252 253 254
252 254 255
256 257 258
256 258 259
260 244 261
262 263 264
262 264 265
236 266 267
236 267 237
267 266 268
267 268 269
270 271 272
273 274 275
273 275 276
277 278 279
280 281 282
280 282 283
244 260 242
284 232 235
284 235 285
219 218 286
219 286 287
288 289 240
290 291 292
290 292 293
294 295 296
294 296 297
298 299 300
298 300 301
302 303 301
302 301 300
304 305 306
304 306 307
307 306 290
307 290 293
308 309 310
311 312 313
311 313 314
315 316 317
315 317 318
319 320 321
303 302 322
303 322 323
323 322 324
323 324 325
320 326 327
308 328 309
305 304 329
305 329 330
299 298 331
299 331 332
299 332 333
299 333 334
335 278 336
335 336 337
338 339 340
338 340 341
325 324 342
325 342 343
344 345 346
234 302 347
302 234 237
302 237 322
324 322 237
324 237 267
269 248 312
269 312 342
312 248 251
312 251 313
246 272 348
349 350 351
349 351 352
262 242 260
262 260 282
227 263 281
227 281 353
287 354 355
287 355 219
239 238 356
239 356 357
238 211 358
238 358 356
215 228 222
215 222 359
214 360 257
214 257 231
361 362 363
361 363 364
317 365 254
317 254 253
318 317 253
318 253 366
341 340 217
341 217 216
297 296 213
297 213 212
367 297 212
367 212 241
241 240 368
241 368 367
368 240 289
368 289 369
369 289 370
369 370 371
320 319 326
245 270 246
372 373 374
372 374 375
376 377 378
376 378 379
380 381 382
380 382 383
384 385 386
384 386 387
374 373 384
374 384 387
388 375 374
388 374 389
379 378 390
379 390 391
392 380 383
392 383 393
394 387 386
394 386 395
389 374 387
389 387 394
396 388 389
396 389 397
391 390 398
399 392 393
399 393 400
394 395 401
394 401 402
397 389 394
397 394 402
330 329 373
330 373 372
332 331 377
332 377 376
382 333 332
382 332 376
337 336 385
337 385 384
329 337 384
329 384 373
288 240 239
251 250 403
251 403 404
366 253 252
366 252 360
259 258 405
259 405 406
314 313 407
314 407 408
365 317 316
365 316 409
313 251 404
313 404 407
410 361 364
410 364 411
334 347 300
334 300 299
214 217 366
214 366 360
230 231 257
230 257 256
412 413 414
412 414 415
340 339 315
340 315 318
343 342 312
343 312 311
366 217 340
366 340 318
269 342 324
269 324 267
215 214 231
215 231 228
321 396 397
321 397 319
398 416 310
399 400 328
326 402 401
326 401 327
319 397 402
319 402 326
227 226 264
227 264 263
417 273 276
417 276 418
419 353 281
419 281 280
418 276 420
418 420 421
227 353 279
227 279 224
277 279 353
277 353 419
225 224 287
225 287 286
285 275 274
285 274 284
350 349 345
350 345 344
224 279 354
224 354 287
29 28 136
29 136 148
66 135 27
52 30 32
422 59 204
422 204 203
68 49 48
68 48 69
423 424 425
423 425 426
69 52 51
69 51 70
265 243 242
265 242 262
271 417 418
271 418 272
283 282 260
283 260 261
348 272 418
348 418 421
282 281 263
282 263 262
278 355 354
75 77 154
43 427 428
43 428 40
196 429 427
196 427 43
40 428 430
40 430 144
200 431 432
200 432 433
195 434 429
195 429 196
197 435 436
197 436 198
144 430 437
144 437 199
198 436 431
198 431 200
254 438 439
254 439 255
255 439 440
255 440 405
365 441 438
365 438 254
403 442 443
403 443 404
405 440 444
405 444 406
407 445 446
407 446 408
409 447 441
409 441 365
404 443 445
404 445 407
279 278 354
347 448 285
285 448 449
285 449 275
275 449 420
275 420 276
347 334 450
334 333 451
334 451 450
333 382 381
333 381 451
234 347 235
347 302 300
393 383 379
393 379 391
400 393 391
400 391 398
309 400 398
383 382 376
383 376 379
246 348 247
452 453 454
452 454 455
455 454 352
455 352 351
456 453 452
270 272 246
398 310 309
328 400 309
189 120 119
189 119 127
161 165 168
161 168 162
162 168 178
162 178 175
175 178 186
175 186 183
117 120 165
117 165 161
186 96 183
129 35 34
61 207 457
61 457 62
133 425 424
133 424 130
457 458 72
457 72 62
129 206 204
129 204 59
426 459 423
52 32 53
58 59 422
183 95 184
186 114 96
458 128 72
208 460 209
22 128 88
88 128 86
66 65 135
66 122 190
347 285 235
72 128 21
398 390 416
461 462 463
461 464 465
461 465 462
464 461 466
464 466 467
461 468 469
461 469 466
470 471 472
470 472 473
474 475 470
474 470 473
476 477 478
476 478 479
467 466 480
467 480 481
466 469 482
466 482 480
483 475 474
483 474 484
481 485 486
481 486 467
467 486 487
467 487 464
464 487 488
464 488 465
479 478 489
479 489 490
490 491 492
490 492 479
479 492 493
479 493 476
494 492 491
494 491 495
496 497 498
496 498 499
500 501 502
503 504 505
506 507 508
509 510 511
509 511 512
512 513 514
512 514 509
515 516 517
515 517 518
510 519 511
520 521 522
520 522 523
524 525 526
524 526 527
528 529 530
528 530 531
532 533 534
532 534 535
534 516 515
534 515 535
531 530 536
531 536 537
538 539 540
541 542 529
541 529 528
537 536 533
537 533 532
506 543 544
513 545 546
513 546 514
547 548 549
547 549 550
551 552 553
551 553 554
555 556 542
555 542 541
557 558 559
551 554 560
551 560 561
539 562 563
562 546 545
562 545 564
508 565 566
508 507 565
567 568 569
567 569 570
571 572 573
571 573 574
575 576 577
578 570 569
568 567 572
568 572 571
574 573 579
580 581 582
580 582 583
584 585 586
584 586 587
588 589 590
588 590 591
592 593 594
592 594 595
596 586 585
596 585 597
598 599 600
601 602 603
601 603 604
605 602 606
605 606 607
608 609 610
608 610 611
591 612 613
591 613 614
601 590 589
601 589 615
593 592 616
593 616 617
604 618 590
604 590 601
600 619 598
584 587 608
584 608 611
620 621 622
620 622 623
614 613 624
614 624 623
605 625 626
605 626 627
625 605 607
625 607 628
629 630 631
629 631 632
633 634 635
633 635 636
629 637 638
629 638 639
640 500 641
640 641 642
639 643 644
645 646 647
645 647 648
649 650 646
649 646 645
649 651 652
649 652 650
644 643 652
644 652 651
639 504 630
639 630 629
501 634 633
501 633 496
504 644 505
581 580 648
581 648 647
653 645 648
653 648 654
655 649 645
655 645 653
656 651 649
656 649 655
505 644 651
505 651 656
637 629 632
637 632 657
640 642 658
640 658 659
635 634 640
635 640 659
634 501 500
634 500 640
660 661 662
663 664 665
663 665 666
667 668 669
667 669 670
667 671 672
667 672 668
673 674 675
673 675 676
664 677 678
664 678 665
670 669 674
670 674 673
679 680 681
679 681 682
671 683 684
671 684 685
686 687 662
688 689 690
688 690 691
678 677 688
678 688 691
692 693 694
692 694 695
696 697 698
696 698 682
664 663 699
664 699 700
701 702 703
701 703 704
703 702 676
703 676 675
663 705 706
663 706 699
670 707 708
670 708 667
667 708 683
667 683 671
709 710 711
709 711 712
713 714 715
713 715 716
677 664 700
677 700 717
718 713 716
718 716 719
673 710 707
673 707 670
705 701 704
705 704 706
714 720 721
714 721 715
719 722 685
719 685 718
723 686 662
723 662 724
692 689 725
692 725 726
688 677 717
688 717 727
724 662 661
724 661 698
687 660 662
728 713 718
728 718 729
685 684 729
685 729 718
671 685 722
671 722 672
665 678 730
665 730 731
678 691 732
678 732 730
733 647 646
733 646 734
731 735 666
731 666 665
736 737 738
736 738 739
740 741 742
740 742 743
744 740 743
744 743 745
739 742 741
739 741 736
650 746 734
650 734 646
747 748 749
747 749 750
751 752 753
751 753 754
745 755 756
745 756 744
757 758 759
757 759 760
752 761 762
752 762 753
761 757 760
761 760 762
763 732 691
763 691 764
758 763 764
758 764 759
765 766 767
768 769 584
768 584 611
712 770 610
712 610 771
772 709 712
772 712 771
770 768 611
770 611 610
733 773 709
733 709 772
774 775 776
774 776 746
765 777 766
778 730 732
779 731 730
597 585 735
597 735 731
585 584 769
585 769 735
755 745 752
755 752 751
742 739 758
742 758 757
745 743 761
745 761 752
743 742 757
743 757 761
738 780 763
739 738 763
739 763 758
728 781 782
728 782 783
784 663 666
784 666 785
770 712 711
770 711 786
786 787 768
786 768 770
785 769 768
785 768 787
735 769 785
735 785 666
779 778 788
779 788 789
778 780 790
778 790 788
791 792 793
794 616 592
794 592 795
795 592 595
795 595 796
593 625 628
593 628 594
625 593 617
625 617 626
797 756 755
797 755 798
798 755 751
798 751 799
799 751 754
799 754 800
801 802 803
801 803 804
805 806 807
805 807 808
809 806 810
809 810 811
812 813 814
812 814 815
816 817 818
816 818 819
820 818 821
822 823 824
822 824 825
826 824 823
826 823 827
827 828 829
827 829 826
828 830 831
828 831 829
832 833 834
832 834 835
836 837 838
836 838 839
840 841 842
840 842 839
843 515 844
845 846 847
848 837 844
849 850 833
849 833 832
835 834 851
835 851 852
853 854 850
853 850 849
855 856 857
855 857 858
851 846 859
851 859 852
859 845 860
557 861 862
843 863 854
843 854 853
555 860 857
555 857 547
860 555 541
860 541 859
864 833 850
864 850 865
866 867 868
866 868 869
854 863 870
854 870 871
863 872 873
863 873 870
874 875 876
834 877 878
834 878 851
833 864 877
833 877 834
879 880 881
879 881 882
883 884 885
883 885 886
882 881 887
882 887 888
886 885 889
886 889 890
891 892 884
891 884 883
893 894 880
893 880 879
895 866 869
895 869 896
897 898 899
897 899 900
901 902 903
901 903 904
888 887 905
888 905 906
865 850 854
865 854 871
907 908 909
907 909 910
872 911 868
872 868 873
869 868 911
869 911 842
912 870 913
870 873 914
870 914 915
846 916 917
846 917 847
896 869 842
896 842 841
918 919 920
918 920 913
851 878 916
851 916 846
873 868 867
873 867 914
548 856 921
548 921 922
923 813 817
923 817 816
815 814 810
815 810 924
925 926 909
925 909 927
906 905 898
906 898 897
928 929 930
928 930 931
891 561 560
891 560 892
932 583 933
932 933 934
935 933 582
936 937 938
936 938 939
937 940 941
937 941 938
942 943 944
942 944 945
946 942 945
946 945 947
948 949 940
948 940 937
950 948 937
950 937 936
943 942 933
943 933 935
934 933 942
934 942 946
951 952 953
951 953 954
954 953 955
954 955 956
953 957 958
953 958 955
952 959 957
952 957 953
960 961 948
960 948 950
962 951 954
962 954 477
477 954 956
477 956 478
961 963 949
961 949 948
583 932 964
583 964 580
580 964 654
580 654 648
498 497 631
498 631 965
966 497 496
966 496 633
966 633 636
966 636 967
681 680 720
681 720 968
969 538 970
971 543 506
506 544 507
972 973 974
972 974 975
976 977 922
976 922 978
979 980 981
979 981 982
979 693 983
979 983 984
985 986 921
985 921 987
978 986 988
978 988 989
990 976 978
990 978 989
991 980 979
991 979 984
992 988 986
992 986 985
973 993 994
973 994 974
980 792 995
980 995 981
989 988 861
989 861 559
558 990 989
558 989 559
793 792 980
793 980 991
862 861 988
862 988 992
993 996 994
792 791 995
861 557 559
527 526 972
527 972 975
693 979 982
693 982 694
922 921 986
922 986 978
922 977 549
922 549 548
693 692 726
693 726 983
987 921 856
987 856 855
847 908 907
523 522 525
523 525 524
547 550 556
547 556 555
689 692 695
689 695 690
689 688 727
689 727 725
858 857 845
547 857 856
547 856 548
997 998 999
997 999 1000
1000 999 930
1000 930 1001
1002 926 998
1002 998 997
1003 929 1004
1003 1004 1005
902 901 890
902 890 889
1006 1007 1008
680 679 1009
680 1009 1010
596 597 789
945 944 961
947 945 961
947 961 960
636 635 697
636 697 696
638 637 782
638 782 781
638 1011 643
967 1012 1013
967 1013 657
659 1014 697
659 697 635
967 636 696
967 696 1012
643 1011 774
643 774 652
1015 1016 825
1017 1018 1016
639 638 643
734 1019 773
734 773 733
746 776 1019
746 1019 734
771 1020 772
772 581 647
772 647 733
746 650 652
746 652 774
638 781 1021
638 1021 1011
1011 1021 775
1011 775 774
610 609 1020
610 1020 771
682 681 1012
682 1012 696
683 776 775
683 775 684
698 661 679
698 679 682
708 1019 776
708 776 683
698 697 1014
698 1014 724
729 1021 781
729 781 728
684 775 1021
684 1021 729
783 714 713
783 713 728
783 782 1013
783 1013 968
707 773 1019
707 1019 708
1022 1023 1024
1022 1024 1025
1023 1026 1027
1023 1027 1024
1028 1029 1030
1028 1030 1031
1032 1033 1029
1032 1029 1028
484 474 1034
473 472 1035
473 1035 1036
1037 1038 1039
1037 1039 1040
1041 1042 1043
1041 1043 1044
1045 1046 1035
1045 1035 1047
1048 1045 1047
1048 1047 1049
1050 1051 1052
1053 1054 1055
1053 1055 1056
1057 1058 1059
1057 1059 1060
1061 1062 1063
1061 1063 1036
1064 1065 1066
1064 1066 1067
1056 1055 1068
1056 1068 1052
1040 1039 1042
1040 1042 1041
1058 1048 1049
1058 1049 1059
1069 1070 1071
1044 1043 1054
1044 1054 1053
1065 1057 1060
1065 1060 1066
1072 1073 1074
1072 1074 1075
1073 1071 1070
1073 1070 1074
1076 1077 1078
1037 472 471
1079 1080 1081
1082 1083 1084
1082 1084 1085
1078 1077 1086
1078 1086 1087
1088 1089 1090
1091 1092 1093
1091 1093 1094
1095 1096 1097
1095 1097 1098
1091 1099 1100
1091 1100 1092
1099 1101 1102
1099 1102 1100
1103 1104 1105
1103 1105 1106
1107 1108 1109
1110 1111 1112
1110 1112 1113
1094 1093 1114
1094 1114 1115
1114 1116 1015
1114 1015 1117
1109 1118 1105
1109 1105 1119
1120 1121 1122
1120 1122 1123
1096 1095 1124
1096 1124 1125
1101 1110 1113
1101 1113 1102
1122 1121 1126
1122 1126 1127
1111 1103 1106
1111 1106 1112
1128 1129 1130
1128 1130 1131
1090 1089 1130
1090 1130 1129
484 1034 1132
484 1132 1133
1134 1117 1135
1134 1135 1136
1137 1138 1139
1137 1139 1140
829 831 1141
829 1141 1142
1143 1144 1138
1143 1138 1137
1145 826 829
1145 829 1142
1146 1147 1144
1146 1144 1143
1148 824 826
1148 826 1145
1149 1150 1151
1149 1151 1152
1153 1154 1155
1153 1155 1156
1157 1158 1159
1157 1159 1160
1161 1162 1157
1161 1157 1160
1038 471 1163
1164 1162 1124
1039 1038 1165
1166 1167 1168
1166 1168 1169
1158 1017 1116
1158 1116 1159
1170 1171 1172
1170 1172 1173
1174 1175 1176
1177 1178 1179
1177 1179 1180
1181 1182 1183
1181 1183 1184
1185 1184 1177
1172 1186 1187
1172 1187 1173
1188 1189 1190
1172 1171 1191
1172 1191 1192
1193 1194 1195
1193 1195 1196
1195 1197 1198
1195 1198 1196
1199 1200 1201
1199 1201 1202
1203 1204 1205
1203 1205 1206
1207 1208 1209
1207 1209 1210
1211 1212 1213
1211 1213 1214
1215 1216 1217
1218 1207 1210
1218 1210 1219
1192 1191 1208
1192 1208 1207
1196 1211 1214
1196 1214 1193
1198 1220 1221
1198 1221 1222
1192 1207 1223
1217 1216 1224
1209 1225 1226
1209 1226 1210
1227 1197 1195
1227 1195 1228
1229 1230 1231
1229 1231 1232
1233 1234 1230
1233 1230 1229
1222 1235 1212
1222 1212 1211
1198 1222 1211
1198 1211 1196
1236 1232 1231
1236 1231 1237
835 531 537
835 537 832
839 842 911
839 911 836
839 838 1238
839 1238 840
844 872 863
844 863 843
836 911 872
836 872 844
832 537 532
832 532 849
852 528 531
852 531 835
849 532 535
849 535 853
853 535 515
853 515 843
859 541 528
859 528 852
724 1014 1239
724 1239 723
658 1239 1014
658 1014 659
1240 1009 679
1240 679 661
686 1241 687
499 501 496
1242 1243 1244
1245 1243 1242
1246 1247 1248
632 631 497
632 497 966
657 632 966
657 966 967
720 680 1010
720 1010 721
968 720 714
968 714 783
970 971 969
657 1013 782
657 782 637
968 1013 1012
968 1012 681
939 938 1023
939 1023 1022
938 941 1026
938 1026 1023
957 1028 1031
957 1031 958
959 1032 1028
959 1028 957
602 605 627
602 627 603
602 601 615
602 615 606
780 738 737
780 737 790
780 732 763
780 778 732
1249 1250 908
1251 1252 894
1251 894 893
575 1253 1254
575 1254 576
806 1255 1256
806 1256 807
806 805 924
806 924 810
813 923 1257
813 1257 814
817 1258 821
817 821 818
813 812 1258
813 1258 817
814 1257 811
814 811 810
820 819 818
598 795 796
598 619 794
598 794 795
597 779 789
845 859 846
1252 1251 1259
1252 1259 1260
845 847 907
908 1250 909
926 1002 910
926 910 909
929 1003 1001
929 1001 930
998 1261 1262
998 1262 999
999 1262 931
999 931 930
926 925 1261
926 1261 998
929 928 1263
929 1263 1004
874 1264 875
847 917 1249
778 779 730
1265 1266 1267
1265 1267 1268
1266 1269 1270
1266 1270 1267
489 1265 1268
489 1268 1271
1272 1273 1274
1272 1274 1275
1269 1272 1275
1269 1275 1270
1247 1276 1277
779 597 731
591 614 1278
591 1278 588
623 622 1278
623 1278 614
590 618 612
590 612 591
623 624 1279
623 1279 620
620 1279 1280
620 1280 1281
582 1281 1280
1282 621 620
1282 620 1281
581 772 1020
1020 582 581
1200 1199 1283
1200 1283 1284
1186 1172 1192
1186 1192 1223
1285 1286 1287
1285 1287 1288
1285 1289 1290
1285 1290 1286
1289 1291 1162
1289 1162 1290
1292 1288 1287
1292 1287 1293
1174 1176 1294
1204 1295 1296
1204 1296 1233
1295 463 1296
1205 1229 1297
1224 1297 1232
1224 1232 1236
1173 1298 1299
1173 1299 1170
1228 1195 1194
1228 1194 1300
1301 1302 1197
1301 1197 1227
1173 1187 1303
1173 1303 1298
1228 1304 1305
1228 1305 1227
1284 1283 1306
1284 1306 1307
1180 1185 1177
1179 1178 1304
1179 1304 1308
1182 1309 1305
1182 1305 1183
1310 1176 1175
1310 1175 1311
1310 1312 1294
1310 1294 1176
1178 1177 1184
1178 1184 1183
1313 1314 1190
1313 1190 1189
1034 1063 1062
1034 1062 1315
1036 1035 1046
1036 1046 1061
1047 1035 472
1049 1047 1037
1049 1037 1040
1059 1041 1044
1059 1044 1060
1063 474 473
1063 473 1036
1067 1066 1053
1067 1053 1056
1049 1040 1041
1049 1041 1059
1066 1060 1044
1066 1044 1053
1034 1315 1316
1034 1316 1132
1317 1318 1319
1317 1319 1140
1143 1137 1320
1143 1320 1321
1143 1321 1322
1143 1322 1146
1153 1323 1324
1153 1324 1325
1149 1326 1318
1149 1318 1317
1327 1328 1329
1327 1329 1330
1050 1331 1051
1092 1160 1159
1092 1159 1093
1127 1126 1332
1127 1332 1333
1092 1100 1161
1092 1161 1160
1100 1102 1125
1100 1125 1161
1106 1105 1118
1106 1118 1334
1113 1112 1097
1113 1097 1096
1093 1159 1116
1093 1116 1114
1117 1134 1115
1117 1115 1114
1335 1334 1118
1335 1118 1336
1337 1333 1332
1337 1332 1338
1102 1113 1096
1102 1096 1125
1098 1097 1334
1098 1334 1335
1112 1106 1334
1112 1334 1097
1117 1015 825
1117 825 1135
1339 1340 1341
1339 1341 1141
1145 1142 1342
1145 1342 1343
1145 1343 1344
1145 1344 1148
1345 1346 1347
1345 1347 1348
1349 1350 1340
1349 1340 1339
1351 1352 1353
1351 1353 1354
1355 1356 1357
1119 1105 1104
1119 1104 1358
1068 1050 1052
1119 1107 1109
1358 1107 1119
1359 1360 1330
1359 1330 1361
1361 1362 1363
1361 1363 1156
1364 1365 1366
1364 1366 1367
1317 1368 1150
1317 1150 1149
1330 1329 1362
1330 1362 1361
1354 1365 1364
1354 1364 1351
1360 1369 1327
1360 1327 1330
1156 1155 1359
1156 1359 1361
1156 1363 1323
1156 1323 1153
1366 1346 1345
1366 1345 1367
1133 1132 1146
1133 1146 1322
1136 1135 1148
1136 1148 1344
1132 1316 1147
1132 1147 1146
1135 825 824
1135 824 1148
1052 1051 1067
1052 1067 1056
1108 1336 1118
1108 1118 1109
1331 1064 1067
1331 1067 1051
1356 1120 1123
1356 1123 1357
1140 1139 1368
1140 1368 1317
1140 1319 1320
1140 1320 1137
1141 1341 1342
1141 1342 1142
1152 1151 1370
1152 1370 1325
1152 1371 1326
1152 1326 1149
1372 1373 1350
1372 1350 1349
1325 1324 1371
1325 1371 1152
1348 1347 1373
1348 1373 1372
1325 1370 1154
1325 1154 1153
660 1240 661
630 504 503
630 503 1374
965 631 630
965 630 1374
502 641 500
499 502 501
504 639 644
1375 1376 476
1375 476 493
476 1376 962
476 962 477
1377 1378 1379
1380 1381 1377
1380 1377 1379
1382 1164 1124
1382 1124 1383
1082 1039 1165
1082 1165 1083
1384 1385 1166
1075 1382 1383
1075 1383 1072
1081 1386 1381
1081 1381 1380
1085 1084 1087
1085 1087 1086
1128 1131 1384
1038 1037 471
1387 919 918
1387 918 1388
1389 1390 1018
1389 1018 1391
1392 1387 1388
1392 1388 1393
803 1389 1391
803 1391 804
1157 1291 801
1157 801 804
1394 802 801
1394 801 1395
1203 1396 1295
1289 1395 801
1289 801 1291
1204 1233 1229
1204 1229 1205
1394 1395 1397
1394 1397 1398
1397 1395 1289
1397 1289 1285
1399 1398 1397
1399 1397 1400
1400 1397 1285
1400 1285 1288
1401 1206 1205
1224 1402 1401
1224 1401 1297
1225 1399 1400
1225 1400 1226
1403 1404 1237
1403 1237 1231
1226 1400 1288
1226 1288 1292
1237 1212 1235
1237 1235 1236
1224 1236 1235
1224 1235 1217
1162 1161 1124
1161 1125 1124
1405 1080 1079
1157 1162 1291
1406 1407 1408
1406 1408 1409
1393 1388 1410
1393 1410 1411
1408 1393 1411
1408 1411 1409
1407 1406 1412
1407 1412 1413
1413 1412 808
1413 808 807
807 1256 1414
807 1414 1413
1413 1414 1415
1413 1415 1407
1407 1415 1416
1407 1416 1408
1393 1408 1416
1393 1416 1392
1417 1418 1234
1417 1234 1419
1420 1421 1422
1423 1424 1425
1423 1425 1426
1420 1422 1427
1424 1428 1220
1424 1220 1425
1429 1430 1431
1429 1431 1432
1430 1433 1434
1430 1434 1431
1435 1436 1437
1435 1437 1438
1439 1440 1431
1439 1431 1434
1441 1442 1435
1441 1435 1438
1427 1422 1440
1427 1440 1439
1443 1437 1436
1443 1436 1444
1445 1432 1431
1445 1431 1440
1445 1440 1422
1445 1422 1421
1446 1443 1444
1446 1444 1447
1448 1442 1441
1426 1449 1450
1426 1450 1423
1451 1218 1219
1451 1219 1452
1453 1454 1450
1453 1450 1449
1455 1454 1453
1221 1217 1235
1221 1235 1222
1198 1197 1302
1198 1302 1220
1185 1181 1184
1220 1428 1221
1223 1456 1430
1223 1430 1429
1456 1457 1433
1456 1433 1430
1293 1452 1219
1293 1219 1292
1219 1210 1226
1219 1226 1292
1457 1456 1218
1457 1218 1451
1207 1218 1223
1218 1456 1223
1458 1459 1460
1458 1460 1461
1462 1463 1464
1462 1464 1465
1466 1467 1468
1463 1462 1469
1463 1469 1470
1459 1458 1471
1459 1471 1472
1473 1459 1472
1473 1472 1474
1475 1473 1474
1475 1474 1476
1477 1475 1476
1477 1476 1478
1479 1477 1478
1479 1478 1480
1481 1479 1480
1481 1480 1482
1483 1484 1485
1483 1485 1486
1466 1468 1487
1488 1489 1473
1488 1473 1475
1490 1488 1475
1490 1475 1477
1491 1490 1477
1491 1477 1479
1479 1481 1492
1479 1492 1491
1486 1485 1493
1486 1493 1494
1495 1496 1497
1495 1497 1498
1499 1500 1501
1499 1501 1502
1502 1501 1503
1502 1503 1504
1505 1506 1507
1500 1508 1509
1500 1509 1501
1501 1509 1510
1501 1510 1503
1505 1507 1511
1482 1512 1513
1482 1513 1481
1481 1513 1514
1481 1514 1492
1468 1467 1515
1468 1515 1516
1517 1487 1468
1517 1468 1516
1462 1516 1515
1462 1515 1469
1465 1517 1516
1465 1516 1462
1461 1464 1463
1461 1463 1458
1470 1471 1458
1470 1458 1463
1518 1519 1495
1518 1495 1520
1489 1460 1459
1489 1459 1473
1496 1495 1519
1496 1519 1521
1520 1495 1498
1520 1498 1522
1522 1498 1523
1522 1523 1524
1498 1497 1525
1498 1525 1523
1524 1523 1526
1524 1526 1527
1523 1525 1528
1523 1528 1526
1527 1526 1500
1527 1500 1499
1526 1528 1508
1526 1508 1500
1529 1530 1531
1529 1531 1532
1533 1534 1535
1536 1537 1538
1539 1540 1541
1542 1543 1544
1542 1544 1545
1543 1542 1546
1543 1546 1547
1548 1549 1550
1548 1550 1551
1545 1544 1552
1553 1554 1555
1553 1555 1556
1555 1554 1548
1555 1548 1551
1557 1558 1559
1557 1559 1560
1561 1562 1563
1558 1553 1556
1558 1556 1559
1539 1564 1565
1547 1546 1566
1547 1566 1567
1568 1569 1570
1568 1570 1571
1572 1569 1568
1572 1568 1573
1563 1574 1575
1575 1576 1567
1575 1567 1566
1540 1577 1578
1540 1578 1541
1579 1580 1581
1579 1581 1582
1583 1584 1585
1583 1585 1586
1587 1588 1589
1587 1589 1590
1591 1581 1580
1582 1583 1586
1582 1586 1579
1584 1589 1588
1584 1588 1585
1592 1593 1594
1592 1594 1595
1596 1597 1598
1596 1598 1599
1600 1601 1602
1600 1602 1603
1604 1605 1606
1599 1598 1607
1599 1607 1608
1609 1610 1611
1612 1613 1614
1612 1614 1615
1616 1617 1618
1616 1618 1615
1619 1620 1621
1619 1621 1622
1623 1624 1603
1623 1603 1625
1612 1626 1601
1612 1601 1600
1627 1628 1629
1627 1629 1604
1613 1612 1630
1610 1609 1631
1622 1621 1597
1622 1597 1596
1632 1633 1634
1632 1634 1635
1623 1625 1636
1616 1637 1638
1616 1638 1639
1639 1640 1617
1641 1642 1643
1641 1643 1644
1645 1646 1647
1645 1647 1648
1641 1649 1650
1641 1650 1651
1652 1653 1654
1652 1654 1533
1649 1655 1656
1657 1658 1659
1657 1659 1660
1661 1657 1660
1661 1660 1662
1663 1664 1661
1663 1661 1662
1655 1664 1663
1655 1663 1656
1649 1641 1644
1649 1644 1538
1535 1529 1647
1535 1647 1646
1538 1537 1655
1595 1659 1658
1595 1658 1592
1665 1666 1658
1665 1658 1657
1667 1665 1657
1667 1657 1661
1668 1667 1661
1668 1661 1664
1537 1668 1664
1537 1664 1655
1642 1641 1651
1642 1651 1669
1652 1670 1671
1652 1671 1653
1652 1646 1645
1652 1645 1670
1646 1652 1533
1646 1533 1535
1672 1673 1674
1675 1676 1677
1675 1677 1678
1675 1678 1679
1675 1679 1680
1681 1682 1683
1681 1683 1684
1676 1681 1684
1676 1684 1677
1685 1686 1687
1685 1687 1688
1680 1689 1690
1680 1690 1691
1692 1673 1693
1694 1686 1695
1694 1695 1696
1697 1698 1699
1697 1699 1700
1699 1683 1682
1699 1682 1700
1701 1702 1703
1701 1703 1704
1676 1675 1705
1676 1705 1706
1675 1680 1691
1675 1691 1705
1681 1707 1708
1709 1710 1711
1709 1711 1712
1713 1714 1710
1713 1710 1709
1681 1676 1706
1681 1706 1707
1704 1703 1698
1704 1698 1697
1712 1711 1715
1712 1715 1716
1714 1713 1689
1714 1689 1717
1673 1692 1718
1673 1718 1719
1674 1673 1719
1674 1719 1695
1693 1673 1672
1713 1709 1720
1713 1720 1721
1689 1713 1721
1689 1721 1690
1680 1679 1717
1680 1717 1689
1722 1723 1724
1722 1724 1725
1725 1724 1726
1725 1726 1727
1660 1659 1728
1660 1728 1729
1723 1722 1730
1723 1730 1731
1732 1733 1734
1732 1734 1735
1736 1737 1738
1736 1738 1739
1740 1741 1737
1740 1737 1736
1733 1732 1739
1733 1739 1738
1662 1660 1729
1662 1729 1742
1743 1744 1745
1743 1745 1746
1747 1748 1749
1747 1749 1750
1741 1740 1751
1741 1751 1752
1753 1754 1755
1753 1755 1756
1750 1749 1757
1750 1757 1758
1758 1757 1754
1758 1754 1753
1759 1760 1727
1759 1727 1726
1756 1755 1760
1756 1760 1759
1706 1761 1762
1763 1764 1765
1596 1766 1767
1596 1767 1622
1768 1769 1770
1768 1770 1619
1769 1771 1772
1769 1772 1770
1622 1767 1768
1622 1768 1619
1773 1774 1775
1773 1775 1742
1763 1765 1743
1776 1726 1724
1777 1724 1723
1608 1723 1778
1608 1778 1779
1599 1779 1766
1599 1766 1596
1752 1747 1750
1752 1750 1741
1738 1753 1756
1738 1756 1733
1741 1750 1758
1741 1758 1737
1737 1758 1753
1737 1753 1738
1734 1759 1780
1733 1756 1759
1733 1759 1734
1781 1782 1720
1781 1720 1783
1704 1784 1701
1776 1785 1780
1786 1787 1604
1786 1604 1629
1787 1788 1605
1787 1605 1604
1627 1606 1640
1627 1640 1639
1639 1638 1628
1639 1628 1627
1789 1790 1752
1789 1752 1751
1790 1791 1747
1790 1747 1752
1791 1792 1748
1791 1748 1747
1793 1794 1795
1793 1795 1796
1797 1798 1799
1797 1799 1800
1801 1802 1803
1801 1803 1800
1804 1805 1806
1804 1806 1807
1808 1809 1810
1808 1810 1811
1812 1813 1810
1814 1815 1816
1814 1816 1817
1818 1819 1817
1818 1817 1816
1819 1818 1820
1819 1820 1821
1821 1820 1822
1821 1822 1823
1824 1825 1826
1827 1828 1829
1827 1829 1830
1831 1832 1833
1831 1833 1830
1549 1548 1834
1835 1836 1837
1549 1834 1838
1825 1839 1840
1825 1840 1841
1842 1824 1826
1842 1826 1843
1839 1844 1845
1839 1845 1840
1837 1842 1843
1837 1843 1846
1844 1847 1848
1844 1848 1845
1849 1850 1839
1849 1839 1825
1851 1852 1853
1851 1853 1854
1844 1855 1856
1844 1856 1847
1847 1856 1857
1847 1857 1858
1859 1860 1861
1824 1842 1862
1824 1862 1863
1825 1824 1849
1864 1865 1866
1864 1866 1867
1868 1869 1870
1868 1870 1871
1865 1872 1873
1865 1873 1866
1869 1874 1875
1869 1875 1870
1876 1868 1871
1876 1871 1877
1878 1864 1867
1878 1867 1879
1880 1881 1852
1880 1852 1851
1882 1883 1884
1882 1884 1885
1886 1887 1888
1886 1888 1889
1872 1890 1891
1872 1891 1873
1839 1850 1855
1839 1855 1844
1892 1893 1894
1892 1894 1895
1858 1857 1853
1858 1853 1896
1852 1831 1896
1852 1896 1853
1897 1898 1899
1899 1900 1901
1899 1901 1857
1837 1836 1902
1837 1902 1903
1881 1832 1831
1881 1831 1852
1897 1904 1905
1897 1905 1898
1842 1837 1903
1842 1903 1862
1857 1901 1854
1857 1854 1853
1906 1808 1811
1906 1811 1807
1805 1907 1803
1805 1803 1806
1908 1909 1894
1908 1894 1910
1890 1882 1885
1890 1885 1891
1911 1912 1913
1911 1913 1914
1876 1877 1572
1876 1572 1573
1915 1916 1917
1915 1917 1593
1918 1594 1593
1918 1593 1917
1919 1920 1921
1919 1921 1922
1922 1921 1923
1922 1923 1924
1925 1926 1927
1928 1929 1926
1928 1926 1925
1930 1922 1924
1930 1924 1931
1932 1919 1922
1932 1922 1930
1927 1918 1925
1916 1928 1925
1916 1925 1917
1933 1934 1935
1933 1935 1936
1934 1937 1938
1934 1938 1935
1935 1938 1939
1935 1939 1940
1936 1935 1940
1936 1940 1941
1942 1932 1930
1942 1930 1943
1944 1945 1934
1944 1934 1933
1945 1946 1937
1945 1937 1934
1943 1930 1931
1943 1931 1947
1593 1592 1948
1593 1948 1915
1592 1658 1666
1592 1666 1948
1643 1532 1531
1643 1531 1949
1529 1532 1950
1529 1950 1647
1950 1951 1648
1950 1648 1647
1716 1688 1687
1716 1687 1952
1562 1561 1953
1954 1955 1956
1957 1539 1565
1539 1541 1564
1836 1892 1895
1958 1959 1960
1958 1960 1961
1959 1962 1913
1959 1913 1960
1963 1958 1961
1963 1961 1910
1964 1965 1966
1964 1966 1914
1889 1875 1874
1889 1874 1886
1967 1968 1969
1688 1970 1971
1688 1971 1685
1608 1607 1972
1608 1972 1777
1973 1926 1943
1943 1926 1929
1943 1929 1942
1696 1645 1648
1696 1648 1694
1781 1651 1650
1781 1650 1782
1650 1656 1974
1951 1669 1975
1951 1975 1976
1670 1645 1696
1670 1696 1977
1694 1648 1951
1694 1951 1976
1656 1663 1775
1656 1775 1974
1814 1978 1979
1980 1981 1982
1649 1656 1650
1729 1728 1761
1729 1761 1983
1742 1729 1983
1742 1983 1773
1984 1770 1772
1984 1772 1985
1772 1728 1985
1742 1775 1663
1742 1663 1662
1650 1974 1986
1650 1986 1782
1974 1775 1774
1974 1774 1986
1619 1770 1984
1619 1984 1620
1976 1687 1686
1976 1686 1694
1691 1690 1774
1691 1774 1773
1695 1686 1685
1695 1685 1674
1705 1691 1773
1705 1773 1983
1695 1719 1977
1695 1977 1696
1721 1720 1782
1721 1782 1986
1690 1721 1986
1690 1986 1774
1783 1720 1709
1783 1709 1712
1783 1952 1975
1783 1975 1781
1706 1705 1983
1706 1983 1761
1987 1988 1989
1987 1989 1990
1991 1992 1988
1991 1988 1987
1993 1994 1995
1996 1993 1995
1996 1995 1997
1998 1999 2000
1998 2000 2001
2002 2003 2004
2002 2004 2005
2006 2007 2008
2009 2010 2011
2012 2013 2004
2012 2004 2014
2015 2016 2013
2015 2013 2012
2017 2018 2019
2020 2021 2022
2020 2022 2023
2024 2025 2026
2024 2026 2027
2028 2003 1998
2028 1998 2029
2030 2031 2032
2030 2032 2033
2023 2018 2034
2023 2034 2020
2010 2006 2035
2027 2026 2016
2027 2016 2015
2036 2037 2038
2021 2009 2011
2021 2011 2022
2033 2032 2025
2033 2025 2024
2039 2040 2041
2039 2041 2042
2038 2037 2040
2038 2040 2039
2043 2044 2045
2046 2047 2005
2048 2049 2050
2048 2050 2051
2052 2053 2054
2052 2054 2055
2056 2045 2044
2056 2044 2057
2058 2059 2060
2061 2062 2063
2061 2063 2064
2065 2066 2067
2065 2067 2068
2069 2070 2061
2069 2061 2064
2071 2072 2070
2071 2070 2069
2073 2074 2075
2073 2075 2076
2077 2078 2079
2080 2081 2082
2080 2082 2083
2062 2084 2085
2062 2085 2063
1982 1981 2085
1982 2085 2086
2073 2087 2078
2073 2078 2088
2089 2090 2091
2066 2092 2093
2066 2093 2067
2083 2082 2072
2083 2072 2071
2091 2094 2095
2076 2075 2081
2076 2081 2080
2096 2097 2098
2096 2098 2099
2059 2097 2096
2059 2096 2060
2000 2100 2101
2000 2101 2001
2102 2103 2104
2102 2104 2086
2105 2106 2107
2105 2107 2108
1820 2109 2110
1820 2110 1822
2106 2111 2112
2106 2112 2107
1820 1818 2113
1820 2113 2109
2111 2114 2115
2111 2115 2112
1818 1816 2116
1818 2116 2113
2117 2118 2119
2117 2119 2120
2121 2122 2123
2121 2123 2124
2125 2126 2127
2125 2127 2128
2125 2129 2130
2125 2130 2126
2007 2131 2047
2132 2093 2129
2006 2133 2007
2134 2135 2136
2128 2127 1981
2128 1981 1980
2137 2138 2139
2137 2139 2140
2141 2142 2143
2144 2145 2146
2144 2146 2147
2148 2149 2150
2148 2150 2151
2152 2144 2149
2139 2138 2153
2139 2153 2154
2155 2156 2157
2158 2159 2160
2161 2162 2163
2161 2163 2164
2165 2166 2167
2165 2167 2168
2169 2170 2171
2164 2163 2172
2164 2172 2173
2162 2174 2175
2162 2175 2163
2176 2177 2166
2176 2166 2165
2170 2178 2179
2170 2179 2180
2175 2181 2163
2182 2183 2184
2161 2164 2185
2161 2185 2186
2168 2167 2187
2168 2187 2188
2189 2190 2191
2189 2191 2192
2193 2194 2195
2193 2195 2196
2197 2193 2196
2197 2196 2198
2199 2197 2198
2199 2198 2200
2168 2201 2180
2168 2180 2165
2165 2180 2179
2165 2179 2176
2195 2194 2202
2195 2202 2188
2203 1841 2204
2203 2204 2205
1830 1829 1896
1830 1896 1831
1830 1833 2206
1830 2206 1827
2207 1848 1847
2207 1847 1858
1829 2207 1858
1829 1858 1896
1841 1840 2208
1841 2208 2204
1840 1845 2209
1840 2209 2208
1845 1848 2210
1845 2210 2209
1719 1718 2211
1719 2211 1977
1671 1670 1977
1671 1977 2211
2212 1674 1685
2212 1685 1971
1692 1693 2213
1530 1529 1535
2214 1987 1990
2214 1990 2215
1991 1987 2214
1991 2214 2216
1995 2217 2218
1997 1995 2219
1532 1643 1642
1532 1642 1950
1950 1642 1669
1950 1669 1951
1716 1715 1970
1716 1970 1688
1712 1716 1952
1712 1952 1783
1953 2220 1957
1781 1975 1669
1781 1669 1651
1976 1975 1952
1976 1952 1687
1988 1921 1920
1988 1920 1989
1992 1923 1921
1992 1921 1988
1940 1939 1994
1940 1994 1993
1941 1940 1993
1941 1993 1996
1615 1614 1637
1615 1637 1616
1612 1615 1618
1612 1618 1626
1780 2221 1735
1780 1735 1734
1780 1759 1726
1780 1726 1776
2222 1895 2223
2224 1878 1879
2224 1879 2225
1587 1590 2226
1587 2226 2227
1800 1799 2228
1800 2228 1801
1800 1803 1907
1800 1907 1797
1807 1806 2229
1807 2229 1906
1811 1810 1813
1811 1813 2230
1807 1811 2230
1807 2230 1804
1806 1803 1802
1806 1802 2229
1812 1810 1809
1609 1611 1788
1609 1788 1787
1786 1631 1609
1786 1609 1787
1835 1837 1846
2225 2231 2232
2225 2232 2224
1835 1892 1836
1895 1894 1909
1895 1909 2223
1910 1894 1893
1910 1893 1963
1914 1913 1962
1914 1962 1964
1961 1960 2233
1961 2233 2234
1960 1913 1912
1960 1912 2233
1910 1961 2234
1910 2234 1908
1914 1966 2235
1914 2235 1911
1859 1861 2236
1836 1895 2222
1836 2222 1902
1776 1724 1777
2237 2238 2239
2237 2239 2240
2241 2242 2238
2241 2238 2237
2240 2239 2243
2240 2243 2244
2245 2246 2247
2245 2247 2248
2248 2247 2242
2248 2242 2241
2249 2250 2251
1777 1723 1608
1625 1603 1602
1625 1602 2252
1633 1625 2252
1633 2252 1634
1600 1603 1624
1600 1624 1630
1633 1632 2253
1633 2253 1636
1632 2254 2255
1632 2255 2253
2254 2256 2257
1632 1635 2256
1632 2256 2254
2258 2259 2260
2258 2260 2261
2262 2263 2264
2262 2264 2265
2266 2267 2262
2266 2262 2265
2129 2268 2267
2129 2267 2266
2264 2263 2269
2264 2269 2270
2141 2271 2142
2272 2160 2197
2273 2274 2199
2275 2276 2193
2194 2276 2184
2194 2184 2202
2138 2137 2277
2138 2277 2278
2191 2279 2280
2191 2280 2192
2281 2190 2189
2281 2189 2282
2283 2153 2138
2283 2138 2278
2191 2190 2284
2191 2284 2285
2286 2260 2259
2286 2259 2287
2145 2144 2152
2285 2147 2146
2285 2146 2288
2151 2150 2284
2151 2284 2289
2290 2291 2143
2290 2143 2142
2271 2292 2290
2271 2290 2142
2147 2150 2149
2147 2149 2144
2156 2293 2294
2156 2294 2157
2029 1998 2001
2029 2001 2295
2014 2004 2003
2014 2003 2028
2005 2004 2013
2046 2013 2016
2046 2016 2008
2026 2025 2011
2026 2011 2035
1998 2003 1999
2022 2032 2031
2022 2031 2023
2016 2026 2035
2016 2035 2008
2011 2025 2032
2011 2032 2022
2001 2101 2296
2001 2296 2295
2297 2108 2298
2297 2298 2299
2300 2107 2112
2300 2112 2301
2112 2115 2302
2112 2302 2301
2123 2303 2304
2123 2304 2305
2119 2297 2299
2119 2299 2306
2307 2308 2309
2307 2309 2310
2017 2019 2311
2064 2063 2127
2064 2127 2126
2095 2312 2313
2130 2069 2064
2130 2064 2126
2092 2071 2069
2092 2069 2130
2087 2073 2076
2087 2076 2314
2065 2080 2083
2065 2083 2066
2063 2085 1981
2063 1981 2127
2086 2085 2084
2086 2084 2102
2315 2316 2087
2315 2087 2314
2313 2312 2317
2313 2317 2318
2066 2083 2071
2066 2071 2092
2068 2315 2314
2068 2314 2065
2314 2076 2080
2314 2080 2065
2086 2104 1815
2086 1815 1982
2319 2110 2320
2319 2320 2321
2322 2109 2113
2322 2113 2323
2113 2116 2324
2113 2324 2323
2325 2326 2327
2325 2327 2328
2329 2319 2321
2329 2321 2330
2331 2332 2333
2331 2333 2334
2335 2336 2337
2074 2073 2088
2074 2088 2338
2034 2018 2017
2088 2078 2077
2338 2088 2077
2339 2340 2308
2339 2308 2341
2342 2343 2340
2342 2340 2124
2344 2345 2346
2344 2346 2347
2118 2348 2297
2118 2297 2119
2343 2309 2308
2343 2308 2340
2334 2333 2346
2334 2346 2345
2341 2308 2307
2341 2307 2349
2339 2121 2124
2339 2124 2340
2305 2342 2124
2305 2124 2123
2344 2347 2325
2344 2325 2328
2115 2101 2100
2115 2100 2302
2116 2104 2103
2116 2103 2324
2114 2296 2101
2114 2101 2115
1816 1815 2104
1816 2104 2116
2031 2019 2018
2031 2018 2023
2079 2078 2087
2079 2087 2316
2311 2019 2031
2311 2031 2030
2337 2336 2090
2337 2090 2089
2348 2105 2108
2348 2108 2297
2300 2298 2108
2300 2108 2107
2322 2320 2110
2322 2110 2109
2350 2117 2120
2350 2120 2303
2306 2351 2120
2306 2120 2119
2330 2352 2353
2330 2353 2329
2351 2304 2303
2351 2303 2120
2352 2327 2326
2352 2326 2353
2122 2350 2303
2122 2303 2123
1672 1674 2212
1644 2354 1536
1644 1536 1538
1644 1643 1949
1644 1949 2354
1534 1533 1654
1530 1535 1534
1538 1655 1649
2355 2356 2357
2355 2357 2358
2357 1945 1944
2357 1944 2358
2243 2359 2360
2243 2360 2244
2361 2362 2363
2361 2364 2365
2361 2365 2362
2366 2367 2093
2366 2093 2132
2052 2055 2133
2052 2133 2006
2368 2369 2135
2042 2041 2367
2042 2367 2366
2364 2050 2049
2364 2049 2365
2057 2054 2053
2057 2053 2056
2368 2099 2098
2368 2098 2369
2007 2047 2370
2371 2372 1905
2371 1905 1904
2373 2374 2375
2373 2375 2376
2377 2378 2372
2377 2372 2371
1793 1796 2374
1793 2374 2373
1795 2268 1796
1795 1794 2379
1795 2379 2380
2158 2160 2272
1795 2380 2267
1795 2267 2268
2197 2160 2275
2379 2381 2382
2379 2382 2380
2382 2262 2267
2382 2267 2380
2383 2384 2382
2383 2382 2381
2384 2263 2262
2384 2262 2382
2385 2276 2275
2385 2182 2276
2186 2185 2384
2186 2384 2383
2195 2188 2187
2195 2187 2386
2185 2269 2263
2185 2263 2384
2188 2202 2201
2188 2201 2168
2201 2202 2184
2201 2184 2171
2129 2093 2130
2130 2093 2092
1978 2376 2375
1978 2375 1979
2048 2051 2387
2048 2387 2388
2125 2268 2129
2389 2390 2391
2392 2393 2394
2392 2394 2395
2391 2390 2395
2391 2395 2394
2396 2389 2397
2396 2397 2398
2399 2273 2199
2399 2199 2200
1798 2396 2398
1798 2398 1799
1799 2398 2400
1799 2400 2228
2398 2397 2401
2398 2401 2400
2397 2402 2401
2402 2378 2377
2402 2377 2403
2404 2195 2386
2404 2386 2405
2200 2198 2406
2200 2406 2407
2196 2405 2406
2196 2406 2198
2397 2391 2402
2389 2391 2397
2408 2409 2410
2411 2412 2413
2411 2413 2414
2408 2415 2409
2414 2413 2178
2414 2178 2416
2417 2418 2419
2417 2419 2420
2421 2422 2418
2421 2418 2417
2423 2424 2425
2423 2425 2426
2417 2427 2428
2417 2428 2421
2423 2429 2430
2423 2430 2424
2427 2409 2415
2427 2415 2428
2426 2425 2431
2426 2431 2432
2417 2420 2433
2417 2433 2427
2433 2410 2409
2433 2409 2427
2432 2431 2434
2432 2434 2435
2436 2430 2429
2437 2438 2412
2437 2412 2411
2439 2440 2173
2439 2173 2172
2441 2438 2437
2441 2437 2442
2443 2441 2442
2201 2171 2170
2201 2170 2180
2152 2149 2148
2169 2416 2170
2418 2444 2181
2418 2181 2419
2422 2445 2444
2422 2444 2418
2173 2440 2270
2173 2270 2269
2173 2269 2185
2173 2185 2164
2445 2439 2172
2445 2172 2444
2163 2181 2172
2172 2181 2444
2257 1985 1595
2257 1595 1594
1777 1972 1785
1777 1785 1776
1780 1785 2221
1985 1659 1595
1985 1728 1659
489 1271 2446
489 2446 490
2140 2139 2175
2140 2175 2174
2192 2280 2177
2192 2177 2176
2189 2192 2176
2189 2176 2179
2261 2447 2448
2261 2448 2258
2154 2181 2175
2154 2175 2139
2282 2189 2179
2282 2179 2178
2278 2277 2291
2278 2291 2290
2278 2290 2292
2278 2292 2283
2285 2284 2150
2285 2150 2147
2287 2294 2293
2287 2293 2286
2285 2288 2279
2285 2279 2191
2289 2284 2190
2289 2190 2281
1298 1310 1311
1298 1311 1299
1298 1303 1312
1298 1312 1310
1304 1178 1183
1304 1183 1305
1307 1306 1314
1307 1314 1313
1304 1228 1300
1304 1300 1308
1309 1301 1227
1309 1227 1305
2449 2450 2273
2449 2273 2399
2449 2399 2451
784 2452 701
784 701 705
2452 2453 702
2452 702 701
2453 2454 676
2453 676 702
676 2454 710
676 710 673
707 710 709
707 709 773
663 784 705
2455 1521 1519
2455 1519 2456
2456 1519 1518
1017 1015 1116
2457 2458 2459
2457 2459 2460
2461 2462 2463
2461 2463 2464
2465 2464 2463
2465 2463 2466
2467 2468 2460
2467 2460 2459
2458 2457 2466
2469 2470 2471
2469 2471 2472
2473 2469 2472
2473 2472 2474
2475 2476 2477
2475 2477 2478
2479 2480 2476
2481 2482 2478
2481 2478 2477
2483 2484 2485
2483 2485 2486
2487 2488 2489
2487 2489 2490
2482 2481 2485
2482 2485 2484
2491 2492 2493
2491 2493 2494
2495 2496 2497
2495 2497 2498
2492 2491 2499
2496 2495 2500
2496 2500 2501
2502 2503 2504
2502 2504 2505
2503 2506 2507
2503 2507 2504
2508 2509 2510
2508 2510 2511
2512 2513 2514
2506 2508 2511
2506 2511 2507
2509 2515 2516
2509 2516 2510
2515 2517 2518
2515 2518 2516
2517 2519 2518
2520 2521 2522
2523 2524 2525
2523 2525 2526
2527 2523 2526
2527 2526 2528
2529 2527 2528
2529 2528 2530
2531 2529 2530
2531 2530 2532
2533 2531 2532
2533 2532 2534
2535 2533 2534
2535 2534 2536
2537 2538 2539
2519 2514 2513
2519 2513 2540
2541 2542 2543
2541 2543 2544
2544 2543 2545
2545 2546 2547
2547 2548 2549
2547 2549 2550
2550 2549 2551
2552 2553 2554
2552 2554 2551
2555 2554 2553
2556 2557 2558
2556 2558 2559
2555 2560 2557
2555 2557 2556
2560 2553 2561
2560 2561 2562
2563 2564 2565
2563 2565 2566
2567 2568 2569
2567 2569 2570
2571 2572 2573
2571 2573 2565
2574 2575 2564
2574 2564 2576
2577 2578 2579
2557 2580 2581
2557 2581 2558
2560 2562 2580
2560 2580 2557
2561 2582 2583
2561 2583 2562
2584 2568 2585
2584 2585 2586
2565 2564 2575
2565 2575 2571
2587 2585 2568
2587 2568 2567
2586 2552 2549
2586 2549 2584
2570 2569 2573
2570 2573 2572
2577 2588 2589
2590 2507 2511
2590 2511 2591
2592 2593 2513
2510 2516 2594
2510 2594 2595
2516 2518 2596
2516 2596 2594
2591 2511 2510
2591 2510 2595
2597 2504 2507
2597 2507 2590
2598 2596 2540
2559 2558 2599
2559 2599 2600
2558 2581 2601
2558 2601 2599
2552 2586 2561
2552 2561 2553
2540 2513 2593
2540 2593 2598
2585 2587 2602
2585 2602 2582
2586 2585 2582
2586 2582 2561
2603 2604 2605
2606 2607 2608
2606 2608 2609
2610 2611 2612
2610 2612 2613
2604 2614 2615
2616 2617 2618
2616 2618 2619
2620 2621 2622
2620 2622 2623
2624 2625 2607
2624 2607 2606
2626 2627 2628
2613 2612 2629
2613 2629 2630
2621 2613 2630
2621 2630 2622
2631 2632 2633
2631 2633 2634
2632 2620 2623
2632 2623 2633
2635 2636 2637
2635 2637 2638
2639 2640 2641
2639 2642 2643
2639 2643 2644
2645 2619 2646
2631 2634 2647
2631 2647 2618
2648 2612 2611
2648 2611 2649
2649 2611 2650
2649 2650 2651
2652 2629 2612
2652 2612 2648
2653 2654 2655
2656 2657 2658
2656 2658 2659
2660 2655 2654
2660 2654 2661
2657 2660 2661
2657 2661 2658
2662 2663 2664
2662 2664 2665
2663 2656 2659
2663 2659 2664
2666 2667 2668
2669 2662 2665
2669 2665 2670
2625 2624 2671
2625 2671 2672
2673 2674 2651
2673 2651 2650
2637 2636 2675
2637 2675 2676
2637 2677 2678
2637 2678 2638
2679 2680 2681
2679 2681 2676
2676 2681 2677
2676 2677 2637
2682 2683 2684
2682 2684 2685
2686 2687 2688
2686 2688 2689
2689 2688 2683
2689 2683 2682
2690 2691 2692
2690 2692 2693
2685 2684 2694
2685 2694 2695
2685 2696 2697
2685 2697 2682
2689 2698 2699
2689 2699 2686
2682 2697 2698
2682 2698 2689
2691 2690 2695
2691 2695 2694
2690 2700 2701
2690 2701 2695
2695 2701 2696
2695 2696 2685
2702 2703 2704
2686 2699 2705
2706 2687 2707
2708 2709 2710
2708 2710 2711
2712 2713 2714
2712 2714 2715
2711 2710 2713
2711 2713 2712
2716 2627 2717
2716 2717 2718
2719 2720 2721
2722 2723 2715
2722 2715 2714
2628 2627 2716
2686 2724 2707
2725 2726 2727
2725 2727 2728
2728 2727 2729
2728 2729 2730
2731 2732 2733
2731 2733 2734
2735 2736 2726
2735 2726 2725
2737 2738 2736
2737 2736 2735
2739 2734 2733
2740 2741 2742
2740 2742 2743
2744 2745 2746
2744 2746 2747
2747 2746 2741
2747 2741 2740
2748 2749 2750
2748 2750 2751
2749 2752 2753
2749 2753 2750
2754 2748 2751
2754 2751 2755
2756 2754 2755
2756 2755 2757
2758 2759 2760
2758 2760 2761
2762 2763 2764
2757 2760 2759
2757 2759 2756
2765 2766 2745
2765 2745 2744
2672 2678 2677
2672 2677 2625
2607 2681 2680
2607 2680 2608
2625 2677 2681
2625 2681 2607
2651 2624 2606
2651 2606 2649
2649 2606 2609
2649 2609 2648
2648 2609 2767
2648 2767 2652
2724 2705 2768
2724 2768 2628
2716 2707 2724
2716 2724 2628
2706 2707 2716
2706 2716 2718
2769 2653 2770
2769 2770 2771
2674 2671 2624
2674 2624 2651
2772 2773 2774
2775 2776 2777
2775 2777 2778
2779 2780 2781
2779 2781 2782
2465 2783 2784
2465 2784 2464
2780 2783 2465
2780 2465 2781
2785 2461 2464
2785 2464 2784
2786 2787 2461
2788 2789 2790
2791 2792 2776
2791 2776 2775
2457 2793 2782
2457 2782 2781
2781 2465 2457
2794 2791 2775
2794 2775 2795
2796 2789 2788
2797 2779 2782
2797 2782 2795
2793 2794 2795
2793 2795 2782
2798 2799 2800
2798 2800 2801
2802 2803 2804
2805 2806 2807
2805 2807 2808
2809 2810 2811
2809 2811 2812
2812 2811 2813
2812 2813 2814
2815 2816 2817
2818 2819 2810
2818 2810 2809
2820 2821 2822
2820 2822 2823
2824 2825 2826
2824 2826 2827
2657 2828 2829
2657 2829 2830
2672 2769 2827
2831 2829 2828
2831 2828 2832
2655 2660 2833
2655 2833 2834
2834 2770 2655
2831 2832 2835
2831 2835 2836
2837 2838 2839
2840 2841 2842
2840 2842 2843
2844 2845 2846
2844 2846 2847
2841 2844 2847
2841 2847 2842
2843 2848 2849
2843 2849 2840
2821 2850 2851
2831 2836 2852
2831 2852 2853
2830 2829 2854
2830 2854 2846
2853 2854 2829
2853 2829 2831
2660 2657 2830
2660 2830 2833
2846 2855 2833
2846 2833 2830
2822 2836 2835
2822 2835 2823
2856 2852 2836
2856 2836 2822
2857 2858 2859
2857 2859 2860
2839 2849 2848
2839 2848 2837
2822 2821 2861
2822 2861 2856
2862 2863 2864
2862 2864 2865
2709 2866 2867
2709 2867 2868
2869 2868 2867
2869 2867 2870
2871 2872 2873
2874 2875 2876
2874 2876 2877
2877 2876 2878
2877 2878 2879
2880 2881 2882
2880 2882 2883
2884 2885 2875
2884 2875 2874
2886 2887 2865
2864 2863 2888
2864 2888 2889
2890 2865 2864
2890 2864 2891
2892 2893 2894
2895 2896 2897
2895 2897 2898
2899 2900 2901
2899 2901 2902
2901 2900 2903
2901 2903 2904
2904 2903 2905
2904 2905 2906
2907 2908 2909
2907 2909 2910
2911 2912 2913
2911 2913 2914
2915 2916 2917
2918 2919 2920
2918 2920 2921
2898 2897 2906
2898 2906 2905
2922 2913 2912
2922 2912 2923
2924 2925 2926
2924 2926 2927
2928 2910 2909
2928 2909 2929
2930 2931 2932
2930 2932 2933
2934 2935 2936
2934 2936 2937
2915 2917 2921
2915 2921 2920
2938 2866 2882
2879 2878 2938
2879 2938 2939
2940 2771 2770
2940 2770 2487
2838 2837 2941
2839 2838 2942
2871 2873 2943
2872 2871 2944
2888 2869 2870
2888 2870 2889
2945 2946 2919
2945 2919 2918
2638 2678 2826
2638 2826 2860
2947 2948 2949
2947 2949 2950
2951 2952 2953
2951 2953 2954
2484 2483 2955
2484 2955 2956
2951 2954 2957
2951 2957 2958
2959 2953 2952
2959 2952 2960
2960 2955 2483
2960 2483 2959
2961 2962 2963
2961 2963 2964
2965 2966 2478
2965 2478 2482
2966 2967 2968
2966 2968 2969
2970 2957 2971
2970 2971 2972
2963 2958 2957
2963 2957 2970
2973 2974 2975
2973 2975 2976
2972 2841 2840
2972 2840 2977
2954 2953 2978
2954 2978 2979
2488 2855 2980
2488 2980 2489
2949 2948 2981
2949 2981 2982
2952 2951 2983
2952 2983 2984
2956 2985 2986
2956 2986 2965
2951 2958 2987
2951 2987 2983
2960 2952 2984
2960 2984 2988
2955 2960 2988
2955 2988 2989
2970 2990 2964
2970 2964 2963
2965 2986 2967
2965 2967 2966
2966 2969 2475
2966 2475 2478
2958 2963 2962
2958 2962 2987
2947 2991 2992
2947 2992 2948
2981 2993 2994
2981 2994 2973
2990 2993 2992
2990 2992 2964
2969 2968 2995
2482 2484 2956
2482 2956 2965
2956 2955 2989
2956 2989 2985
2996 2997 2998
2996 2998 2999
3000 3001 3002
3000 3002 3003
3004 3005 3006
3004 3006 3007
2879 3008 3009
2879 3009 2877
3002 3001 3010
3002 3010 3011
3006 3005 3012
3006 3012 3009
3013 3014 3015
3013 3015 3016
3017 3018 3019
3017 3019 3008
3007 3006 3019
3007 3019 3020
3003 3002 3021
3003 3021 3022
3023 3024 3025
3023 3025 3011
3026 3027 3028
3026 3028 3029
3027 3030 3031
3027 3031 3028
2985 2989 2787
2985 2787 3032
3003 3033 3034
3003 3034 3000
3007 3035 3036
3007 3036 3004
3020 3037 3035
3020 3035 3007
3004 3036 3038
3004 3038 3022
3039 3040 3041
3039 3041 3042
3043 3044 3037
3043 3037 3020
2967 2986 3045
2967 3045 3046
2787 2786 3047
2787 3047 3032
2997 2579 2578
2997 2578 2998
2968 2967 3046
2968 3046 3048
2968 3048 3049
2968 3049 2995
3050 3051 3052
2517 3053 2519
3054 3055 3056
3054 3056 3057
3058 3059 3060
3058 3060 3061
2555 3045 3032
2555 3032 3047
3053 3062 2514
3053 2514 2519
2474 2472 3063
2474 3063 3064
3065 3066 2471
3065 2471 2467
2984 3067 2466
2984 2466 2463
3067 3068 2458
3067 2458 2466
3068 3069 2459
3068 2459 2458
2463 2462 2988
2463 2988 2984
2467 2459 3069
2467 3069 3065
2462 2461 2787
3052 3070 3071
3072 3073 3074
3072 3074 3075
2462 2989 2988
3076 3077 3078
3076 3078 3079
2776 2788 2790
2776 2790 2777
2806 2805 2815
2806 2815 2817
2804 2803 2799
2804 2799 2798
2773 3080 3081
2773 3081 2774
2788 2776 2792
2788 2792 2796
2599 2601 3082
2599 3082 3083
2579 2600 3083
2995 3049 2997
2479 2995 2997
3084 2858 2480
3084 2480 2996
3085 2643 2635
3085 2635 2859
3086 2636 2635
2636 3086 3087
2636 3087 2675
2578 2577 3088
2578 3088 3089
2640 2639 2644
2641 2640 3090
3091 3092 3093
3091 3093 3094
3095 3096 2679
3095 2679 3097
3096 3098 2680
3096 2680 2679
2582 2602 3099
2582 3099 2583
2583 3099 3100
2583 3100 3101
3101 3100 3102
3101 3102 3103
3103 3102 3104
3103 3104 3105
3106 3105 3104
3106 3104 3107
3106 3107 2588
3106 2588 2577
2578 3089 2998
3108 2999 3089
2641 3094 3109
2641 3090 3091
2641 3091 3094
3079 3078 2814
3079 2814 2813
2577 2579 3083
3097 3093 3092
3097 3092 3095
3054 3110 3111
3054 3111 3055
3112 3113 3061
3112 3061 3060
3114 3115 3116
3114 3116 3117
3116 3118 3119
3116 3119 3117
3112 3119 3118
3120 3121 3122
3120 3122 3123
3124 3125 3126
3124 3126 3127
3128 3129 3130
3128 3130 3131
3125 3132 3133
3125 3133 3126
3134 3135 3129
3134 3129 3128
3132 3136 3137
3132 3137 3133
2466 2457 2465
3052 3071 3050
3112 3118 3113
3138 3139 3140
3138 3140 3141
3142 3143 3144
3142 3144 3145
3142 3145 3146
3142 3146 3147
3148 3147 3146
3148 3146 3149
3150 3148 3149
3150 3149 3151
3152 3150 3151
3152 3151 3153
2795 2775 2778
2795 2778 2797
2808 2807 2819
2808 2819 2818
3057 3056 3050
3057 3050 3071
2472 2471 3066
2472 3066 3063
2801 2800 3115
2801 3115 3114
3080 3124 3127
3080 3127 3081
3131 3130 3121
3131 3121 3120
3073 3152 3153
3073 3153 3074
2467 2471 2470
2467 2470 2468
3154 2512 2514
3154 2514 3062
3155 3156 3157
3155 3157 3158
3159 3160 3157
3159 3157 3156
3139 3138 3160
3139 3160 3159
3141 3140 3161
3141 3161 3162
2964 2992 2991
2964 2991 2961
3163 2994 2977
3163 2977 2840
2948 2992 2993
2948 2993 2981
3022 3021 3005
3022 3005 3004
3005 3021 3025
3005 3025 3012
3164 3031 3030
3164 3030 3165
3022 3038 3033
3022 3033 3003
3162 3161 3040
3162 3040 3039
3166 3167 3168
3166 3168 3169
2923 3166 3169
2923 3169 2922
3170 3171 2946
3170 2946 2945
3172 3173 3171
3172 3171 3170
3174 3175 2857
3174 2857 2825
3175 2480 2858
3175 2858 2857
3176 3174 2825
3176 2825 2824
2490 3177 2940
2490 2940 2487
2486 2490 2489
2486 2489 3178
3177 3176 2824
3177 2824 2940
2845 2980 2855
2845 2855 2846
3178 2489 2980
3178 2980 2978
2996 2999 3108
2996 3108 3084
2996 2480 2479
2979 2845 2844
2979 2844 2971
3089 2999 2998
2479 2997 2996
3174 2477 2476
3174 2476 3175
3176 2481 2477
3176 2477 3174
2486 2485 3177
2486 3177 2490
3177 2485 2481
3177 2481 3176
2972 2971 2844
2972 2844 2841
2972 2977 2990
2972 2990 2970
2979 2978 2980
2979 2980 2845
2974 2973 2994
2974 2994 3163
3006 3009 3008
3006 3008 3019
3009 3012 2874
3009 2874 2877
3011 3025 3021
3011 3021 3002
2990 2977 2994
2990 2994 2993
3012 3025 3024
3012 3024 2874
2483 2486 3178
2483 3178 2959
2959 3178 2978
2959 2978 2953
2979 2971 2957
2979 2957 2954
3011 3010 3179
3011 3179 3023
2981 2973 2976
2981 2976 2982
2476 2480 3175
2969 2995 2479
2895 2894 2893
2895 2893 2896
2865 2887 2862
2850 2821 2820
2821 2851 2861
2886 2865 2890
2644 2643 3085
2644 3085 3180
3180 3085 3084
3180 3084 3108
2640 2644 3180
2640 3180 3089
3089 3180 3108
2479 2476 2475
2969 2479 2475
3181 3182 2753
3181 2753 2752
2668 2667 2669
2668 2669 2670
2721 2720 2723
2721 2723 2722
2758 2761 3183
2764 2763 2766
2764 2766 2765
2614 3184 3185
3186 3187 2730
3186 2730 2729
2827 2826 2678
2827 2678 2672
2827 2771 2940
2827 2940 2824
2860 2859 2635
2860 2635 2638
2860 2826 2825
2860 2825 2857
3085 2859 2858
3085 2858 3084
2568 2584 3188
2568 3188 2569
2584 2549 2548
2584 2548 3188
3189 2576 2564
2563 3190 3191
3192 3193 3194
3192 3194 3195
2546 3196 2566
2546 2566 3197
2566 3196 2563
3193 3198 3199
3193 3199 3194
3200 3201 3202
3200 3202 3203
3202 3204 3205
3202 3205 3203
3206 3207 3208
3206 3208 3209
3210 3200 3203
3210 3203 3211
3203 3205 3212
3203 3212 3211
3209 3208 3213
3209 3213 3214
3215 3210 3211
3215 3211 3216
3211 3212 3217
3211 3217 3216
3214 3213 3218
3214 3218 3219
3215 3216 3220
3216 3217 3220
3219 3218 3221
2569 3188 3197
2569 3197 2573
2546 3197 3188
2546 3188 2548
2613 2621 3222
2613 3222 2610
3185 3223 3224
3185 3224 2615
3225 3226 3227
3225 3227 3228
3229 3225 3228
3229 3228 3230
3231 3232 3226
3231 3226 3225
3233 3231 3225
3233 3225 3229
3234 3235 3236
3234 3236 3237
3238 3234 3237
3238 3237 3239
3240 3241 3242
3243 3240 3242
3228 3227 3235
3228 3235 3234
3230 3228 3234
3230 3234 3238
2609 2608 3244
2609 3244 2767
3244 2608 2680
3244 2680 3098
2577 2589 3088
3106 2577 3082
2494 2493 3245
2493 2501 3245
3246 2522 2505
3246 2505 3247
2536 2539 2538
2536 2538 2535
3103 2581 2580
3103 2580 3101
3101 2580 2562
3101 2562 2583
3105 2601 2581
3105 2581 3103
3106 3082 2601
3106 2601 3105
3082 2577 3083
3248 3208 3207
3248 3207 3249
3250 3213 3208
3250 3208 3248
3251 3218 3213
3251 3213 3250
3207 3252 3253
3207 3253 3249
3252 3195 3254
3252 3254 3253
3221 3218 3251
2675 3087 3093
2675 3093 3097
2641 3109 2639
2639 3109 2642
2676 2675 3097
2676 3097 2679
3087 3109 3094
3087 3094 3093
2642 3109 3087
2642 3087 3086
2643 2642 3086
3086 2635 2643
3083 2600 2599
3189 3191 3255
3189 3255 3256
3255 3191 3257
3255 3257 3258
3192 3195 3252
3192 3252 3259
3256 3255 3202
3256 3202 3201
3202 3255 3258
3202 3258 3204
3259 3252 3207
3259 3207 3206
3260 3261 3262
3260 3262 3263
3264 3265 3266
3264 3266 3267
3268 3222 2621
3268 2621 2620
2615 3224 3269
2615 3269 2605
3269 3268 3270
3269 3270 3271
2605 3269 3271
2605 3271 3272
3271 3270 3273
3274 3272 3271
3274 3271 3275
3273 2631 3232
3273 3232 3231
3276 3273 3231
3276 3231 3233
3264 3274 3275
3264 3275 3265
2632 3270 3268
2632 3268 2620
2631 3273 3270
2631 3270 2632
3222 3268 3269
3222 3269 3224
3222 3224 3223
3222 3223 2610
3223 2650 2610
3185 2673 2650
3185 2650 3223
3237 3236 3241
3237 3241 3240
3239 3237 3240
3239 3240 3243
3277 3278 3279
3277 3280 3281
3277 3281 3278
3280 3282 3283
3280 3283 3281
3282 3284 3285
3282 3285 3283
3284 3286 3287
3284 3287 3285
3286 3288 3289
3286 3289 3287
3278 3281 3290
3278 3290 3291
3281 3283 3292
3281 3292 3290
3283 3285 3293
3283 3293 3292
3285 3287 3294
3285 3294 3293
3287 3289 3295
3287 3295 3296
3289 3297 3298
3289 3298 3295
3279 3278 3291
3299 3300 3301
3299 3301 3302
3303 3304 3305
3303 3305 3306
3307 3308 3309
3307 3309 3310
3311 3312 3307
3311 3307 3310
3313 3314 3315
3313 3315 3303
3300 3313 3316
3300 3316 3317
3313 3300 3299
3313 3299 3314
3301 3300 3317
3301 3317 3318
3302 3301 3319
2672 2671 3320
3320 2671 2674
3320 2674 3321
3321 2674 2673
3321 2673 3184
3322 2603 2605
3323 3199 3198
2556 3046 3045
2556 3045 2555
2559 3048 3046
2559 3046 2556
2600 3049 3048
2600 3048 2559
3032 3045 2986
3032 2986 2985
2462 2787 2989
2579 3049 2600
2997 3049 2579
3110 3324 3118
3110 3118 3111
3134 3325 3326
3134 3326 3135
3324 3113 3118
3327 3328 3329
3327 3329 3330
3331 3329 3328
3331 3328 3332
3333 3334 3335
3333 3335 3336
3337 3338 3339
3337 3339 3340
3333 3336 3339
3333 3339 3338
3341 3337 3340
3341 3340 3342
2914 2932 2931
2914 2931 2911
2937 2936 2925
2937 2925 2924
2873 2872 2885
2873 2885 2884
2786 2461 2785
2487 2770 2834
2487 2834 2488
2488 2834 2833
2488 2833 2855
2653 2655 2770
3343 2867 2866
3343 2866 2938
3344 2870 2867
3344 2867 3343
3013 2882 2881
3013 2881 3014
3014 2881 3345
3014 3345 3346
2882 2866 2709
3345 3347 3348
3349 2889 2870
3349 2870 3344
2864 2889 3349
2864 3349 2891
2497 2496 2499
2496 2501 2493
2496 2493 2492
3245 2501 2500
2566 2565 2573
2566 2573 3197
2541 3350 2542
3351 3352 3353
3297 3354 3298
2618 2617 2631
2693 2692 3355
2693 3355 2704
2690 2693 3356
2690 3356 2700
2732 2731 2738
2732 2738 2737
2646 2619 2618
2646 2618 2647
2693 2704 2703
2693 2703 3356
2616 2619 2645
2704 3355 2702
3357 3358 3261
3357 3261 3260
3312 3305 3304
3312 3304 3307
3304 3359 3308
3304 3308 3307
3263 3262 3360
3310 3309 3361
3311 3310 3361
3267 3266 3358
3267 3358 3357
3313 3303 3306
3313 3306 3316
3304 3303 3315
3304 3315 3359
2505 2522 2521
2505 2521 2502
2520 2522 3246
3247 2505 2504
3247 2504 2597
3288 3362 3289
2592 2513 2512
2626 2628 2768
3347 3363 3364
3347 3364 3348
2883 2709 2708
2882 2709 2883
3013 2939 2938
3015 3014 3346
3015 3346 3365
3365 3346 3348
3365 3348 3366
3366 3348 3364
3366 3364 3367
2879 2939 3017
2879 3017 3008
2938 2882 3013
3018 3016 3043
3366 3367 3368
3366 3368 3369
3058 3061 3016
3058 3016 3015
3015 3365 3370
3015 3370 3058
3365 3366 3370
3013 3017 2939
3013 3016 3017
3019 3018 3043
3019 3043 3020
3043 3061 3044
3043 3016 3061
3017 3016 3018
518 517 3371
1681 1708 1682
2197 2275 2193
2160 2159 2275
2158 2272 3372
2091 2095 3373
2134 2136 3374
2368 2135 2134
1636 1625 1633
1630 1612 1600
2615 2614 3185
3185 3184 2673
2547 2546 2548
2563 3196 3190
3191 3190 3257
1973 1943 1947
3375 3376 3377
3375 3377 3378
3379 3377 3376
3379 3376 3380
3381 3379 3380
3381 3380 3382
3381 3382 2232
3383 3384 3385
3383 3385 3386
3387 3388 3386
3387 3386 3385
3389 3390 3388
3389 3388 3387
3375 3378 3390
3375 3390 3389
3391 3392 3384
3391 3384 3383
3381 2232 2231
1639 1617 1616
1604 1606 1627
3393 3394 3395
3393 3395 3396
3397 3398 3399
3397 3399 3400
3401 3402 3394
3401 3394 3393
3400 3403 3404
3400 3404 3397
3403 3405 3406
3403 3406 3404
3407 3408 3406
3407 3406 3405
3407 3409 3410
3407 3410 3408
3402 3401 3410
3402 3410 3409
3396 3395 2227
3396 2227 2226
2499 2491 3411
2499 2496 2492
3412 3413 3414
3412 3414 3415
3416 3417 3418
3416 3418 3419
3415 3416 3419
3415 3419 3412
3418 3417 3420
3418 3420 3421
3421 3420 3422
3421 3422 3423
3423 3422 3424
3423 3424 3425
3425 3424 1260
3425 1260 1259
3426 3414 3413
3426 3413 3427
3428 3429 3430
3428 3430 3431
3432 3433 3434
3432 3434 3435
3436 3437 3431
3436 3431 3430
3438 3439 3437
3438 3437 3436
3440 3441 3439
3440 3439 3438
3440 3434 3433
3440 3433 3441
3442 3432 3443
3442 3443 3444
1253 3442 3444
1253 3444 1254
1203 1295 1204
577 576 579
579 573 577
2272 2197 2199
3369 3445 3370
3370 3445 3059
3370 3059 3058
2518 2519 2540
2540 2596 2518
3446 3447 3448
3446 3448 3449
2525 2524 3446
3449 3448 3450
3450 3448 3451
3452 3453 3076
3454 3455 3452
3456 3457 3455
3076 3453 3077
3456 3455 3454
3452 3455 3453
3370 3366 3369
2551 2549 2552
2881 2880 3458
2881 3458 3345
3458 3347 3345
2686 2707 2687
3459 3460 3187
3461 3462 3460
3462 3461 3463
3461 3460 3459
3462 3463 3464
3465 3466 3467
3468 3469 3466
3182 3181 3469
3182 3469 3468
3467 3466 3470
3468 3466 3465
3345 3348 3346
3446 2524 3447
3459 3187 3186
2827 2769 2771
3189 2563 3191
3189 2564 2563
2451 3471 3472
2451 3472 2449
2449 3472 3473
2449 3473 2450
3474 2002 2005
3474 3475 1999
3474 1999 2002
2005 2013 2046
2357 3476 1946
2357 1946 1945
1999 2003 2002
3471 3477 3478
3471 3478 3472
3472 3478 3479
3472 3479 3473
1999 3475 3480
1999 3480 2000
2273 2450 2274
3477 3471 3481
3477 3481 3482
3471 2451 3483
3471 3483 3481
2451 2399 3484
2451 3484 3483
3484 2399 2200
3484 2200 2407
3474 2005 2047
2007 2133 2131
2035 2006 2008
2011 2010 2035
2008 2007 2046
3485 3486 3487
3485 3487 3488
3489 3490 3491
3489 3491 3492
3493 3494 3495
3496 3497 3498
3496 3498 3499
3500 3501 3502
3500 3502 3503
2393 2392 3501
3501 2392 3502
2401 2402 2403
2238 1938 1937
2238 1937 2239
2242 1939 1938
2242 1938 2238
2239 1937 1946
2239 1946 2243
2246 2217 1994
2246 1994 2247
2247 1994 1939
2247 1939 2242
2243 1946 3476
2243 3476 2359
2249 2218 2250
2360 2359 3504
2360 3504 3505
3506 3505 3504
3506 3504 3507
2359 3476 3508
2359 3508 3504
3504 3508 3509
3504 3509 3507
2214 2215 3510
2216 2214 3510
2219 2218 2249
2251 2250 2246
2251 2246 2245
2250 2218 2217
598 796 599
465 488 1417
465 1417 1419
956 955 1266
956 1266 1265
955 958 1269
955 1269 1266
478 956 1265
478 1265 489
1031 1030 1273
1031 1273 1272
958 1031 1272
958 1272 1269
1247 1277 1248
1231 1230 3511
1231 3511 1403
1230 1234 1418
1230 1418 3511
1212 1237 1404
1212 1404 1213
465 1419 1296
465 1296 462
1233 1296 1419
1233 1419 1234
1047 472 1037
3512 3513 3514
3512 3514 3515
3516 3517 3518
3516 3518 3519
3520 491 490
3520 490 2446
1980 2375 2374
1980 2374 2128
2128 2374 1796
2128 1796 2125
1979 2375 1980
1814 1979 1815
1796 2268 2125
1899 1898 1900
1165 1038 1163
1166 1385 1167
1016 1018 3521
1391 1018 1017
1391 1017 1158
804 1391 1158
804 1158 1157
822 1016 3521
913 870 915
825 1016 822
1017 1016 1015
3521 1018 1390
844 837 836
1296 463 462
1034 474 1063
847 1249 908
909 1250 927
1384 1131 1385
1081 1080 1386
1405 1079 3522
1297 1229 1232
2605 2604 2615
3271 3273 3276
2091 2090 2094
2095 2313 3373
1979 1980 1982
2545 2543 2546
845 857 860
1401 1205 1297
1224 1216 1402
1215 1217 1221
1221 1428 1215
1828 2207 1829
2207 2210 1848
844 515 848
837 848 518
848 515 518
1828 3523 2207
3523 2210 2207
2686 2705 2724
3524 3525 3526
3524 3526 3527
3527 3526 2356
3527 2356 2355
3528 3529 3525
2000 3480 3530
2000 3530 2100
2100 3530 3531
2100 3531 2302
3479 3478 3532
3479 3532 3533
3533 3532 3534
3477 3532 3478
3506 3507 3535
3506 3535 3536
3503 3537 3538
3503 3538 3500
3539 3540 3541
3542 3543 3544
3535 3507 3529
3529 3507 3509
3476 2357 2356
3476 2356 3508
3508 2356 3526
3508 3526 3509
3509 3526 3525
3509 3525 3529
3528 3525 3524
2254 1594 2255
2254 2257 1594
1927 1926 1973
1925 1918 1917
1995 1994 2217
3545 3546 3547
3545 3547 3548
3549 3550 3551
3549 3551 3552
3553 3554 3555
3553 3555 3556
3557 3558 3559
3557 3559 3560
3561 3562 3563
3561 3563 3564
3565 3566 3567
3568 3569 3570
961 944 963
1281 582 1020
1281 1020 1282
3571 3572 3573
3571 3573 3574
3571 1375 493
3571 493 3572
3573 3575 3574
582 933 583
3572 494 3576
3572 3576 3573
493 492 494
493 494 3572
3577 3578 3579
3580 495 491
3580 491 3520
494 495 3576
3581 3582 3583
1025 1024 1242
1025 1242 1244
1024 1027 1245
1024 1245 1242
1030 1029 1248
1248 1029 1033
1248 1033 1246
1274 1273 1276
1273 1030 1277
3584 495 3580
3576 495 3584
2610 2650 2611
1030 1248 1277
1276 1273 1277
2250 2217 2246
2219 1995 2218
2199 2274 2272
1815 1979 1982
1957 2220 1539
1953 1561 2220
1563 1562 1574
1575 1574 1576
540 539 563
563 562 564
970 538 540
969 971 506
2555 2553 2560
2169 2171 2183
2170 2416 2178
2184 2183 2171
2385 2275 2159
2193 2276 2194
2276 2182 2184
3585 3586 3587
3585 3587 3588
3589 3588 3587
3590 3591 3592
3590 3592 3593
3590 3593 3594
3595 3596 3591
3595 3591 3590
3594 3595 3590
3586 3597 3598
3586 3598 3587
3589 3587 3598
3586 3585 3599
3586 3599 3600
3592 3591 3601
3592 3601 3602
3591 3596 3603
3591 3603 3601
3604 3597 3586
3604 3586 3600
3605 3606 3607
3605 3607 3608
3609 3610 3611
3609 3611 3612
3610 3613 3614
3610 3614 3611
3608 3607 3615
3608 3615 3616
3600 3599 3605
3600 3605 3608
3601 3610 3609
3601 3609 3602
3601 3603 3613
3601 3613 3610
3600 3608 3616
3600 3616 3604
3606 3617 3618
3606 3618 3607
3612 3611 3619
3612 3619 3620
3611 3614 3621
3611 3621 3619
3607 3618 3622
3607 3622 3615
3623 3624 3625
3623 3625 3626
3627 3628 3629
3627 3629 3630
3628 3631 3632
3628 3632 3629
3626 3625 3633
3626 3633 3634
3624 3635 3636
3624 3636 3625
3630 3629 3637
3630 3637 3638
3629 3632 3639
3629 3639 3637
3625 3636 3640
3625 3640 3633
3641 3623 3626
3641 3626 3642
3643 3644 3628
3643 3628 3627
3644 3645 3631
3644 3631 3628
3642 3626 3634
3642 3634 3646
3618 3617 3641
3618 3641 3642
3620 3619 3644
3620 3644 3643
3621 3645 3644
3621 3644 3619
3618 3642 3646
3618 3646 3622
3647 3648 3649
3647 3649 3650
3651 3649 3648
3652 3653 3654
3652 3654 3655
3652 3656 3653
3657 3652 3655
3657 3655 3658
3656 3652 3657
3650 3649 3659
3650 3659 3660
3651 3659 3649
3650 3661 3662
3650 3662 3647
3654 3663 3664
3654 3664 3655
3655 3664 3665
3655 3665 3658
3650 3660 3666
3650 3666 3661
3667 3668 3669
3667 3669 3670
3671 3672 3673
3671 3673 3674
3675 3676 3672
3675 3672 3671
3668 3677 3678
3668 3678 3669
3667 3662 3661
3667 3661 3668
3664 3663 3673
3664 3673 3672
3676 3665 3664
3676 3664 3672
3661 3666 3677
3661 3677 3668
3670 3669 3679
3670 3679 3680
3681 3671 3674
3681 3674 3682
3683 3675 3671
3683 3671 3681
3669 3678 3684
3669 3684 3679
3685 3686 3687
3685 3687 3688
3689 3690 3691
3689 3691 3692
3693 3694 3690
3693 3690 3689
3686 3695 3696
3686 3696 3687
3688 3687 3697
3688 3697 3698
3699 3689 3692
3699 3692 3700
3701 3693 3689
3701 3689 3699
3687 3696 3702
3687 3702 3697
3703 3704 3686
3703 3686 3685
3690 3705 3706
3690 3706 3691
3694 3707 3705
3694 3705 3690
3704 3708 3695
3704 3695 3686
3703 3680 3679
3703 3679 3704
3705 3681 3682
3705 3682 3706
3683 3681 3705
3683 3705 3707
3679 3684 3708
3679 3708 3704
3709 777 765
3710 767 766
3710 766 3711
3711 766 777
3711 777 748
876 875 3712
876 3712 3713
3714 3715 3716
1743 1746 1763
3717 3718 3719
1765 1764 3720
1765 3720 3721
1743 1765 3721
1743 3721 1744
1966 1861 1860
1966 1860 2235
1745 1744 1790
1745 1790 1789
3721 3720 1792
3721 1792 1791
1744 3721 1791
1744 1791 1790
1884 1883 3718
1884 3718 3717
1968 1888 1887
1968 1887 1969
1861 1966 1965
1861 1965 2236
900 899 3722
900 3722 3723
904 903 3724
904 3724 3725
1005 1004 3712
1005 3712 3726
798 747 750
798 750 797
800 3727 3728
800 3728 799
799 3728 747
799 747 798
1826 1825 1841
1826 1841 2203
1849 1824 1863
3729 3730 3731
3729 3731 3732
1560 3733 3734
1560 3734 1557
3733 3735 3736
3733 3736 3734
3737 3738 3739
3737 3739 3740
3735 3741 3742
3735 3742 3736
1730 3743 3744
1730 3744 1701
3745 3746 3747
3745 3747 3748
3749 3750 3751
3749 3751 3752
3753 3754 3755
3756 3754 3757
3756 3757 3758
3759 3760 3761
3759 3761 3762
3739 3738 3763
3739 3763 3764
3765 3766 3767
3759 3768 3769
3759 3769 3760
3767 3770 3771
3767 3771 3772
3773 3774 3775
3773 3775 3776
3748 3747 3777
3748 3777 3778
3754 3756 3779
3754 3779 3755
3774 3773 3780
3774 3780 3781
3782 3737 3740
3782 3740 3783
3756 3752 3751
3756 3751 3779
3776 3775 3729
3776 3729 3732
3778 3777 3771
3778 3771 3770
3770 3767 3766
3784 3785 3764
3784 3764 3763
3749 3786 3787
3749 3787 3750
3770 3766 3788
3789 1826 2203
3789 2203 3790
3791 3789 3790
3791 3790 3753
3792 3793 3794
3792 3794 3795
3796 3797 3798
3796 3798 3799
3800 3801 3797
3800 3797 3796
3791 3755 3802
3803 3804 3805
3803 3805 3806
3755 3807 3808
3755 3808 3802
3801 3800 3809
3801 3809 3810
3746 3811 3812
3746 3812 3813
1702 1701 3744
1702 3744 3814
3814 3744 3815
3814 3815 3816
3817 3778 3770
3817 3770 3788
3816 3815 3745
3816 3745 3818
3818 3745 3748
3818 3748 3819
3819 3748 3778
3819 3778 3817
3746 3745 3815
3805 3804 3820
3805 3820 3821
3822 3808 3807
3822 3807 3823
3824 3810 3809
3824 3809 3825
3813 3812 3826
3813 3826 3827
3828 3829 3830
3828 3830 3831
3832 3833 3834
3832 3834 3835
3836 3837 3838
3836 3838 3839
3840 3841 3842
3840 3842 3843
3844 3845 3799
3844 3799 3798
2205 3846 3790
2205 3790 2203
3846 3847 3753
3846 3753 3790
3848 3849 3749
3848 3749 3752
3847 3757 3754
3847 3754 3753
3783 3742 3741
3783 3741 3782
3758 3848 3752
3758 3752 3756
3849 3850 3749
3850 3786 3749
3850 3851 3786
1571 1570 3852
1571 3852 3853
3854 3855 3856
3854 3856 3857
3855 3853 3852
3855 3852 3856
3821 3820 3830
3821 3830 3829
3833 3822 3823
3833 3823 3834
3836 3824 3825
3836 3825 3837
3827 3826 3841
3827 3841 3840
3746 3858 3811
3746 3815 3858
3858 3815 3744
3858 3744 3743
3859 3860 3861
3862 3859 3861
1507 1506 3863
1507 3863 3864
3865 1511 1507
3865 1507 3864
1504 1503 3866
1504 3866 3867
1503 1510 3868
1503 3868 3866
1486 1513 1512
1486 1512 1483
1494 1514 1513
1494 1513 1486
3753 3755 3791
3709 749 748
3709 748 777
3727 3710 3711
3727 3711 3728
3728 3711 748
3728 748 747
3713 3712 1004
3713 1004 1263
3714 3723 3722
3714 3722 3715
3725 3724 1008
3725 1008 1007
3726 3712 875
3726 875 1264
1485 1484 3860
1485 3860 3859
3862 1493 1485
3862 1485 3859
3864 3863 3867
3864 3867 3866
3865 3864 3866
3865 3866 3868
1682 1708 3869
1682 3869 1700
1700 3869 3870
1700 3870 1697
1697 3870 1784
1697 1784 1704
1730 1784 3871
1701 1784 1730
3872 3873 3874
3872 3874 3875
3876 3877 3878
3876 3878 3875
3879 3877 3876
3879 3876 3880
3881 3882 3883
3884 3885 3886
3887 3888 3889
3887 3889 3890
3891 3892 3893
3891 3893 3894
3895 3873 3872
3895 3872 3896
3897 3898 3899
3897 3899 3889
3900 3890 3889
3900 3889 3899
3901 3891 3894
3901 3894 3902
3903 3896 3872
3903 3872 3904
3889 3888 3905
3889 3905 3897
3906 3907 3908
3906 3908 3909
3910 3911 3912
3910 3912 3913
3914 3915 3916
3914 3916 3907
3917 3918 3919
3920 3921 3911
3920 3911 3910
3922 3923 3924
3922 3924 3925
3926 3908 3907
3926 3907 3916
3927 3886 3885
3927 3885 3928
3906 3929 3930
3906 3930 3931
3890 3900 3932
3890 3932 3933
3929 3906 3909
3929 3909 3934
3907 3906 3931
3907 3931 3914
3872 3875 3878
3872 3878 3904
3935 3876 3875
3935 3875 3874
3936 3880 3937
3936 3937 3938
3939 3940 3936
3939 3936 3938
3941 3940 3939
3941 3939 3942
3883 3882 3943
3944 3945 3946
3947 3948 3949
3947 3949 3950
3951 3950 3949
3951 3949 3952
3951 3952 3953
3954 3955 3956
3957 3958 3959
3957 3959 3960
3961 3962 3963
3961 3963 3964
3965 3966 3967
3965 3967 3959
3968 3960 3959
3968 3959 3967
3961 3964 3969
3961 3969 3970
3959 3958 3971
3959 3971 3965
3972 3973 3974
3972 3974 3975
3976 3977 3978
3976 3978 3979
3980 3981 3982
3980 3982 3983
3984 3985 3986
3984 3986 3977
3987 3988 3975
3989 3990 3982
3989 3982 3981
3991 3982 3990
3991 3990 3992
3993 3978 3977
3993 3977 3986
3994 3995 3991
3994 3991 3996
3997 3998 3957
3997 3957 3960
3976 3972 3999
3976 3999 4000
3956 3997 4001
3956 4001 4002
3960 3968 4001
3960 4001 3997
3976 3979 3973
3976 3973 3972
3977 3976 4000
3977 4000 3984
4003 3949 3948
4003 3948 4004
4005 3952 3949
4005 3949 4003
3953 3952 4005
4006 4007 4008
4009 4010 4004
4009 4004 3948
4011 4009 3948
4011 3948 3947
4012 4013 4014
4012 4014 4015
4016 4017 4018
4016 4018 4019
4020 4021 4010
4020 4010 4009
4022 4020 4009
4022 4009 4011
3964 3963 4021
3964 4021 4020
3969 3964 4020
3969 4020 4022
3996 3991 3992
3996 3992 4023
3971 4024 4025
3971 4025 3965
3965 4025 4026
3965 4026 3966
3981 3980 3993
3981 3993 3986
3989 3981 3986
3989 3986 3985
3956 3955 3998
3956 3998 3997
3975 3974 3987
3975 3988 3999
3975 3999 3972
3956 4002 3954
4027 4028 4029
4027 4029 3933
4030 4031 4032
4030 4032 4033
4027 4034 4035
4027 4035 3927
4033 4032 4036
4033 4036 4037
3895 3896 4038
3895 4038 4039
3896 3903 4040
3896 4040 4038
4041 4042 3924
4041 3924 3923
3883 3941 3942
3883 3942 3881
3943 4043 3941
3943 3941 3883
4043 4044 3940
4043 3940 3941
4044 4045 3936
4044 3936 3940
3879 3880 3936
3879 3936 4045
3935 3937 3880
3935 3880 3876
3923 3946 3945
3923 3945 4041
3922 4046 3946
3922 3946 3923
4047 3946 4046
4031 3930 3929
4031 3929 4032
3933 3932 4034
3933 4034 4027
4032 3929 3934
4032 3934 4036
3933 4029 3887
3933 3887 3890
3927 3928 4028
3927 4028 4027
3918 4030 4033
3918 4033 3919
3927 4035 4048
3927 4048 3886
4033 4037 4049
4033 4049 3919
3919 4049 3917
3886 4048 3884
4042 4050 4051
4042 4051 3924
3924 4051 4052
3924 4052 3925
4039 4038 3894
4039 3894 3893
3894 4038 4040
3894 4040 3902
3912 3911 4051
3912 4051 4050
4051 3911 3921
4051 3921 4052
3892 3891 3897
3892 3897 3905
3891 3901 3898
3891 3898 3897
3916 3910 3913
3916 3913 3926
3915 3920 3910
3915 3910 3916
4053 4054 4055
4056 4057 4058
1706 1762 1707
1762 1761 4059
1762 4060 1708
1762 1708 1707
4060 4061 4062
4060 4062 1708
4062 4061 4063
4062 4063 4064
4064 4063 4065
4064 4065 3871
3871 4065 1731
3871 1731 1730
4059 4066 4060
4059 4060 1762
4066 4067 4061
4066 4061 4060
4061 4067 4068
4061 4068 4063
4068 4069 4065
4068 4065 4063
4065 4069 1778
4065 1778 1731
1778 1723 1731
1771 1761 1772
1608 1779 1599
3962 3961 4025
3962 4025 4024
4025 3961 3970
4025 3970 4026
3995 3983 3982
3995 3982 3991
1772 1761 1728
3944 3946 4047
461 463 468
4070 4071 4072
4070 4072 4073
4074 4075 4076
4074 4076 4077
4078 4079 4080
4078 4080 4081
4071 4082 4072
4075 4083 4084
4075 4084 4076
4085 4086 4073
4085 4073 4072
4087 4088 4077
4087 4077 4076
4089 4090 4091
4089 4091 4081
4092 4093 4080
4092 4080 4094
4088 4092 4094
4088 4094 4077
4086 4095 4084
4086 4084 4073
4085 4072 4082
4096 4097 4098
4096 4098 4099
4100 4101 4102
4100 4102 4103
4104 4105 4106
4104 4106 4107
4108 4109 4110
4108 4110 4111
4103 4102 4109
4103 4109 4108
4096 4112 4097
4099 4098 4113
4099 4113 4114
4099 4115 4116
4099 4116 4096
4103 4117 4118
4103 4118 4100
4104 4119 4120
4104 4120 4111
4100 4118 4121
4100 4121 4114
4112 4096 4116
4122 4078 4081
4122 4081 4091
4119 4104 4107
4119 4107 4123
4079 4124 4094
4079 4094 4080
4093 4089 4081
4093 4081 4080
4111 4110 4105
4111 4105 4104
4111 4120 4125
4111 4125 4108
4124 4074 4077
4124 4077 4094
4117 4103 4108
4117 4108 4125
4073 4084 4083
4073 4083 4070
4076 4084 4095
4076 4095 4087
4114 4113 4101
4114 4101 4100
4114 4121 4115
4114 4115 4099
4126 4091 4090
4126 4090 4127
4107 4106 4128
4107 4128 4129
4130 4122 4091
4130 4091 4126
4131 4123 4107
4131 4107 4129
4132 4133 4134
4132 4134 4135
4136 4137 4138
4136 4138 4139
4140 4132 4135
4140 4135 4141
4139 4138 4142
4139 4142 4143
4126 4127 4144
4126 4144 4145
4129 4128 4146
4129 4146 4147
4126 4145 4148
4126 4148 4130
4129 4147 4149
4129 4149 4131
4150 4151 4152
4150 4152 4153
4154 4155 4156
4154 4156 4157
4158 4150 4153
4158 4153 4159
4157 4156 4160
4157 4160 4161
4135 4134 4151
4135 4151 4150
4137 4154 4157
4137 4157 4138
4141 4135 4150
4141 4150 4158
4138 4157 4161
4138 4161 4142
4152 4162 4163
4152 4163 4153
4156 4155 4164
4156 4164 4165
4159 4153 4163
4159 4163 4166
4156 4165 4167
4156 4167 4160
4168 4169 4170
4171 4172 4173
4171 4173 4174
4170 4175 4176
4170 4176 4177
4178 4171 4174
4178 4174 4179
4162 4180 4181
4165 4164 4182
4165 4182 4183
4166 4163 4181
4166 4181 4184
4165 4183 4185
4165 4185 4167
4169 4186 4187
4169 4187 4175
4174 4173 4188
4174 4188 4189
4175 4187 4190
4175 4190 4176
4179 4174 4189
4179 4189 4191
4145 4144 4133
4145 4133 4132
4147 4146 4136
4147 4136 4139
4145 4132 4140
4145 4140 4148
4149 4147 4139
4149 4139 4143
4181 4180 4192
4182 4193 4194
4182 4194 4183
4184 4181 4195
4184 4195 4196
4197 4185 4183
4197 4183 4194
4186 4198 4199
4186 4199 4187
4189 4188 4200
4189 4200 4201
4187 4199 4202
4187 4202 4190
4191 4189 4201
4191 4201 4203
4195 4192 4168
4171 4194 4193
4171 4193 4172
4196 4195 4170
4196 4170 4177
4178 4197 4194
4178 4194 4171
4162 4181 4163
4195 4168 4170
4181 4192 4195
4170 4169 4175
