byte offset: 0
first index: 26946
index count: 2280
topology: trianglelist
format: DXGI_FORMAT_R16_UINT

7801 7802 7803
7801 7803 7804
7805 7806 7807
7808 7804 7803
7808 7803 7809
7810 7811 7812
7810 7812 7813
7813 7812 7814
7813 7814 7815
7815 7814 7816
7815 7816 7817
7818 7819 7811
7818 7811 7810
7820 7821 7822
7820 7822 7823
7824 7825 7821
7824 7821 7820
7817 7816 7826
7817 7826 7827
7827 7826 7825
7827 7825 7824
7801 7805 7807
7801 7807 7802
7828 7829 7830
7828 7830 7831
7832 7833 7834
7830 7829 7808
7830 7808 7809
7835 7836 7837
7835 7837 7838
7836 7839 7840
7836 7840 7837
7839 7841 7842
7839 7842 7840
7835 7838 7819
7835 7819 7818
7843 7844 7845
7843 7845 7846
7841 7847 7848
7841 7848 7842
7847 7843 7846
7847 7846 7848
7844 7823 7822
7844 7822 7845
7833 7832 7828
7833 7828 7831
7849 7850 7851
7850 7852 7853
7850 7853 7851
7851 7853 7854
7852 7855 7856
7852 7856 7853
7853 7856 7857
7853 7857 7854
7854 7857 7858
7849 7851 7859
7851 7854 7860
7851 7860 7859
7859 7860 7861
7854 7858 7862
7854 7862 7860
7860 7862 7863
7860 7863 7861
7861 7863 7864
7849 7859 7865
7859 7861 7866
7859 7866 7865
7865 7866 7867
7861 7864 7868
7861 7868 7866
7866 7868 7869
7866 7869 7867
7867 7869 7870
7849 7865 7850
7865 7867 7871
7865 7871 7850
7850 7871 7852
7867 7870 7872
7867 7872 7871
7871 7872 7873
7871 7873 7852
7852 7873 7855
7874 7875 7876
7875 7877 7878
7875 7878 7876
7876 7878 7879
7877 7880 7881
7877 7881 7878
7878 7881 7882
7878 7882 7879
7879 7882 7883
7874 7884 7875
7884 7885 7886
7884 7886 7875
7875 7886 7877
7885 7887 7888
7885 7888 7886
7886 7888 7889
7886 7889 7877
7877 7889 7880
7874 7890 7884
7890 7891 7892
7890 7892 7884
7884 7892 7885
7891 7893 7894
7891 7894 7892
7892 7894 7895
7892 7895 7885
7885 7895 7887
7874 7876 7890
7876 7879 7896
7876 7896 7890
7890 7896 7891
7879 7883 7897
7879 7897 7896
7896 7897 7898
7896 7898 7891
7891 7898 7893
7899 7900 7901
7899 7901 7902
7899 7903 7904
7899 7904 7900
7905 7906 7904
7905 7904 7903
7907 7908 7909
7907 7909 7910
7909 7908 7911
7909 7911 7912
7911 7902 7901
7911 7901 7912
7901 7900 7913
7901 7913 7914
7900 7904 7915
7900 7915 7913
7904 7906 7916
7904 7916 7915
7909 7917 7918
7909 7918 7910
7912 7919 7917
7912 7917 7909
7901 7914 7919
7901 7919 7912
7920 7914 7913
7920 7913 7921
7913 7915 7922
7913 7922 7921
7922 7915 7916
7922 7916 7923
7918 7917 7924
7918 7924 7925
7917 7919 7926
7917 7926 7924
7919 7914 7920
7919 7920 7926
7927 7899 7902
7927 7902 7928
7929 7903 7899
7929 7899 7927
7930 7905 7903
7930 7903 7929
7908 7907 7931
7908 7931 7932
7908 7932 7933
7908 7933 7911
7902 7911 7933
7902 7933 7928
7934 7935 7927
7934 7927 7928
7936 7929 7927
7936 7927 7935
7936 7937 7930
7936 7930 7929
7938 7932 7931
7938 7931 7939
7940 7933 7932
7940 7932 7938
7934 7928 7933
7934 7933 7940
7941 7942 7943
7942 7944 7945
7942 7945 7943
7943 7945 7946
7947 7948 7949
7948 7950 7951
7948 7951 7949
7949 7951 7952
7947 7949 7953
7949 7952 7954
7949 7954 7953
7953 7954 7955
7941 7956 7942
7956 7957 7958
7956 7958 7942
7942 7958 7944
7959 7960 7961
7960 7946 7945
7960 7945 7961
7961 7945 7944
7962 7963 7964
7963 7952 7951
7963 7951 7964
7964 7951 7950
7962 7965 7963
7965 7955 7954
7965 7954 7963
7963 7954 7952
7959 7961 7966
7961 7944 7958
7961 7958 7966
7966 7958 7957
7967 7968 7969
7967 7969 7970
7968 7971 7969
7972 7973 7974
7973 7967 7970
7973 7970 7974
7970 7969 7975
7970 7975 7976
7969 7971 7977
7969 7977 7975
7971 7978 7979
7971 7979 7977
7980 7972 7981
7980 7981 7982
7981 7972 7974
7981 7974 7983
7974 7970 7976
7974 7976 7983
7976 7975 7984
7976 7984 7985
7984 7975 7977
7984 7977 7986
7977 7979 7987
7977 7987 7986
7982 7981 7988
7982 7988 7989
7981 7983 7990
7981 7990 7988
7983 7976 7985
7983 7985 7990
7985 7984 7991
7985 7991 7992
7984 7986 7991
7988 7990 7993
7990 7985 7992
7990 7992 7993
7994 7992 7991
7994 7991 7995
7991 7986 7996
7991 7996 7995
7996 7986 7987
7996 7987 7997
7989 7988 7998
7989 7998 7999
7998 7988 7993
7998 7993 8000
7993 7992 7994
7993 7994 8000
8001 8002 7968
8001 7968 7967
8003 7971 7968
8003 7968 8002
8003 8004 7978
8003 7978 7971
8005 7972 7980
8005 7980 8006
8005 8007 7973
8005 7973 7972
8001 7967 7973
8001 7973 8007
8008 8009 8010
8008 8010 8011
8012 8013 8014
8012 8014 8015
8013 8016 8017
8013 8017 8014
8016 8009 8008
8016 8008 8017
8011 8018 8019
8011 8019 8008
8015 8014 8020
8015 8020 8021
8014 8017 8022
8014 8022 8020
8017 8008 8019
8017 8019 8022
8023 8024 8025
8023 8025 8026
8023 8026 8027
8023 8027 8028
8029 8030 8031
8029 8031 8032
8033 8034 8035
8033 8035 8036
8037 8038 8039
8037 8039 8040
8041 8033 8036
8041 8036 8042
8038 8043 8044
8038 8044 8039
8044 8043 8045
8044 8045 8046
8035 8034 8037
8035 8037 8040
8047 8048 8049
8047 8049 8050
8051 8052 8048
8051 8048 8047
8053 8054 8055
8053 8055 8056
8052 8051 8057
8052 8057 8058
8059 8060 8061
8059 8061 8062
8060 8063 8064
8060 8064 8061
8064 8063 8065
8064 8065 8066
8065 8067 8068
8065 8068 8066
8067 8069 8070
8067 8070 8068
8069 8071 8072
8069 8072 8070
8046 8045 8059
8046 8059 8062
8073 8028 8027
8074 8075 8076
8077 8032 8031
8074 8030 8029
8074 8029 8075
8078 8041 8042
8078 8042 8079
8080 8072 8071
8080 8071 8081
8050 8049 8054
8050 8054 8053
8082 8083 8084
8085 8086 8087
8024 8088 8089
8077 8090 8032
8024 8091 8092
8024 8092 8088
8032 8090 8093
8032 8093 8094
8091 8095 8096
8091 8096 8092
8094 8093 8097
8094 8097 8098
8095 8099 8100
8095 8100 8096
8098 8097 8101
8098 8101 8102
8099 8103 8100
8101 8104 8102
8082 8105 8083
8086 8106 8087
8028 8073 8106
8028 8106 8086
8076 8075 8083
8076 8083 8105
8024 8089 8025
8107 8108 8109
8107 8109 8110
8111 8108 8107
8111 8107 8112
8113 8114 8115
8113 8115 8116
8117 8118 8119
8117 8119 8120
8121 8122 8123
8121 8123 8124
8125 8126 8118
8125 8118 8117
8124 8123 8127
8124 8127 8128
8129 8128 8127
8129 8127 8130
8121 8120 8119
8121 8119 8122
8131 8132 8133
8131 8133 8134
8132 8135 8136
8132 8136 8133
8137 8138 8139
8137 8139 8140
8135 8141 8142
8135 8142 8136
8143 8144 8145
8143 8145 8146
8146 8145 8147
8146 8147 8148
8149 8148 8147
8149 8147 8150
8149 8150 8151
8149 8151 8152
8152 8151 8153
8152 8153 8154
8154 8153 8155
8154 8155 8156
8143 8129 8130
8143 8130 8144
8157 8111 8112
8158 8159 8160
8161 8115 8114
8113 8116 8158
8113 8158 8160
8162 8163 8126
8162 8126 8125
8164 8165 8156
8164 8156 8155
8137 8131 8134
8137 8134 8138
8166 8167 8168
8166 8168 8169
8170 8171 8172
8170 8172 8173
8174 8175 8176
8174 8176 8177
8178 8179 8180
8178 8180 8181
8182 8183 8184
8182 8184 8185
8186 8187 8188
8186 8188 8189
8190 8171 8170
8191 8188 8187
8168 8167 8192
8168 8192 8193
8172 8194 8195
8176 8196 8177
8178 8181 8197
8178 8197 8198
8185 8199 8182
8189 8200 8201
8202 8175 8174
8203 8184 8183
8204 8190 8170
8205 8204 8206
8207 8208 8209
8110 8210 8211
8161 8114 8212
8110 8211 8213
8110 8213 8214
8215 8212 8114
8215 8114 8216
8214 8213 8217
8214 8217 8218
8219 8215 8216
8219 8216 8220
8218 8217 8221
8218 8221 8222
8223 8219 8220
8223 8220 8224
8222 8221 8225
8223 8224 8226
8085 8087 8191
8082 8084 8203
8205 8206 8227
8208 8228 8209
8228 8157 8112
8228 8112 8209
8206 8160 8159
8206 8159 8227
8110 8109 8210
8192 8229 8230
8192 8230 8193
8202 8208 8207
8205 8190 8204
8175 8202 8207
8191 8187 8085
8184 8203 8084
8231 8232 8198
8231 8198 8197
8172 8195 8173
8177 8196 8233
8182 8199 8234
8189 8201 8186
8235 8236 8237
8236 8238 8239
8236 8239 8237
8237 8239 8240
8241 8242 8243
8242 8244 8245
8242 8245 8243
8243 8245 8246
8241 8243 8247
8243 8246 8248
8243 8248 8247
8247 8248 8249
8235 8250 8236
8250 8251 8252
8250 8252 8236
8236 8252 8238
8253 8254 8255
8254 8240 8239
8254 8239 8255
8255 8239 8238
8256 8257 8258
8257 8246 8245
8257 8245 8258
8258 8245 8244
8256 8259 8257
8259 8249 8248
8259 8248 8257
8257 8248 8246
8253 8255 8260
8255 8238 8252
8255 8252 8260
8260 8252 8251
8261 8262 8263
8264 8265 8266
8264 8266 8267
8268 8269 8270
8268 8270 8271
8272 8273 8274
8272 8274 8275
8276 8277 8278
8276 8278 8279
8277 8280 8281
8277 8281 8278
8273 8282 8283
8273 8283 8274
8280 8284 8285
8280 8285 8281
8286 8287 8288
8286 8288 8289
8290 8291 8292
8290 8292 8293
8284 8294 8295
8284 8295 8285
8296 8297 8298
8296 8298 8299
8300 8261 8301
8300 8301 8302
8303 8304 8305
8303 8305 8306
8262 8307 8308
8262 8308 8309
8310 8311 8312
8310 8312 8263
8273 8294 8284
8273 8284 8282
8313 8314 8297
8313 8297 8296
8315 8316 8317
8315 8317 8307
8282 8318 8319
8282 8319 8283
8316 8297 8314
8316 8314 8317
8320 8321 8322
8320 8322 8313
8313 8322 8323
8313 8323 8314
8315 8324 8325
8315 8325 8316
8314 8323 8326
8314 8326 8317
8263 8312 8301
8263 8301 8261
8317 8326 8308
8317 8308 8307
8267 8266 8319
8267 8319 8318
8271 8270 8292
8271 8292 8291
8316 8325 8298
8316 8298 8297
8310 8262 8309
8310 8309 8311
8268 8272 8275
8268 8275 8269
8262 8306 8315
8262 8315 8307
8289 8294 8273
8289 8273 8272
8306 8305 8324
8306 8324 8315
8294 8289 8288
8294 8288 8295
8303 8300 8302
8303 8302 8304
8286 8290 8293
8286 8293 8287
8271 8272 8268
8263 8262 8310
8300 8303 8306
8261 8306 8262
8261 8300 8306
8291 8289 8272
8291 8290 8289
8271 8291 8272
8290 8286 8289
8327 8296 8299
8327 8299 8328
8280 8318 8282
8280 8282 8284
8277 8267 8318
8277 8318 8280
8279 8329 8330
8279 8330 8276
8320 8331 8332
8320 8332 8321
8330 8329 8333
8330 8333 8334
8330 8334 8335
8330 8335 8336
8331 8337 8338
8331 8338 8332
8331 8339 8340
8331 8340 8337
8334 8333 8341
8335 8334 8341
8338 8337 8342
8337 8340 8342
8343 8344 8345
8264 8346 8347
8264 8347 8265
8348 8349 8350
8348 8350 8351
8352 8353 8354
8352 8354 8355
8356 8357 8358
8356 8358 8359
8360 8361 8357
8360 8357 8356
8362 8363 8353
8362 8353 8352
8364 8365 8361
8364 8361 8360
8366 8367 8368
8366 8368 8369
8370 8371 8372
8370 8372 8373
8374 8375 8365
8374 8365 8364
8376 8377 8378
8376 8378 8379
8380 8343 8381
8380 8381 8382
8383 8384 8385
8383 8385 8386
8387 8388 8345
8387 8345 8389
8390 8344 8391
8390 8391 8392
8353 8363 8365
8353 8365 8375
8377 8393 8394
8377 8394 8378
8395 8396 8397
8395 8397 8388
8277 8276 8358
8277 8358 8357
8398 8399 8363
8398 8363 8362
8393 8377 8396
8393 8396 8395
8400 8401 8402
8400 8402 8394
8403 8400 8394
8403 8394 8393
8404 8405 8397
8404 8397 8396
8406 8403 8393
8406 8393 8395
8380 8391 8344
8380 8344 8343
8387 8406 8395
8387 8395 8388
8398 8347 8346
8398 8346 8399
8370 8350 8349
8370 8349 8371
8376 8404 8396
8376 8396 8377
8389 8345 8390
8389 8390 8392
8355 8354 8348
8355 8348 8351
8397 8384 8345
8397 8345 8388
8367 8354 8353
8367 8353 8375
8384 8397 8405
8384 8405 8385
8368 8367 8375
8368 8375 8374
8382 8381 8383
8382 8383 8386
8373 8372 8366
8373 8366 8369
8349 8348 8354
8344 8390 8345
8381 8384 8383
8343 8345 8384
8343 8384 8381
8371 8354 8367
8371 8367 8372
8349 8354 8371
8372 8367 8366
8379 8378 8327
8379 8327 8328
8361 8365 8363
8361 8363 8399
8327 8378 8296
8357 8361 8399
8357 8399 8346
8359 8358 8336
8359 8336 8407
8358 8276 8330
8358 8330 8336
8402 8401 8408
8402 8408 8339
8320 8402 8339
8320 8339 8331
8409 8407 8336
8409 8336 8335
8339 8408 8410
8339 8410 8340
8335 8341 8409
8410 8342 8340
8267 8346 8264
8313 8296 8378
8313 8378 8394
8267 8277 8357
8267 8357 8346
8320 8313 8394
8320 8394 8402
8411 8412 8413
8414 8415 8416
8411 8417 8412
8418 8419 8420
8421 8422 8417
8419 8422 8420
8419 8418 8423
8412 8415 8413
8424 8425 8426
8418 8427 8423
8415 8412 8416
8411 8421 8417
8422 8419 8417
8428 8429 8430
8414 8416 8431
8428 8430 8432
8433 8434 8435
8436 8432 8437
8435 8434 8437
8435 8423 8433
8430 8429 8431
8438 8424 8439
8439 8440 8441
8440 8426 8442
8440 8439 8424
8440 8424 8426
8433 8423 8427
8431 8416 8430
8428 8432 8436
8437 8432 8435
