byte offset: 0
first index: 39828
index count: 2244
topology: trianglelist
format: DXGI_FORMAT_R16_UINT

9899 9900 9901
9899 9901 9902
9903 9904 9905
9906 9900 9899
9906 9899 9907
9908 9909 9910
9908 9910 9911
9903 9912 9904
9913 9900 9914
9915 9914 9900
9915 9900 9906
9916 9917 9918
9916 9918 9919
9920 9901 9900
9921 9922 9923
9921 9923 9924
9925 9926 9924
9925 9924 9923
9927 9928 9911
9929 9930 9931
9929 9931 9926
9932 9927 9911
9933 9934 9935
9933 9935 9936
9932 9937 9933
9932 9933 9936
9925 9938 9929
9925 9929 9926
9938 9937 9932
9903 9939 9938
9903 9938 9912
9933 9923 9922
9937 9925 9923
9937 9923 9933
9940 9941 9942
9940 9942 9943
9920 9940 9943
9944 9905 9901
9944 9901 9920
9944 9939 9903
9944 9903 9905
9945 9946 9943
9945 9943 9942
9947 9946 9948
9947 9948 9949
9946 9945 9950
9941 9940 9951
9940 9920 9913
9946 9947 9920
9946 9920 9943
9947 9944 9920
9913 9952 9951
9913 9951 9940
9932 9953 9927
9927 9953 9954
9927 9954 9955
9938 9925 9937
9956 9939 9944
9956 9944 9957
9938 9939 9956
9938 9956 9929
9946 9950 9948
9958 9959 9960
9958 9960 9961
9962 9958 9961
9962 9961 9919
9963 9956 9957
9963 9957 9918
9964 9921 9924
9964 9924 9965
9965 9924 9926
9965 9926 9931
9963 9930 9929
9963 9929 9956
9949 9948 9958
9949 9958 9962
9958 9948 9950
9958 9950 9959
9966 9967 9914
9966 9914 9915
9914 9967 9952
9914 9952 9913
9955 9968 9928
9955 9928 9927
9949 9962 9957
9949 9957 9944
9919 9918 9957
9919 9957 9962
9969 9931 9930
9969 9930 9970
9961 9960 9971
9961 9971 9972
9919 9961 9972
9919 9972 9916
9963 9918 9917
9963 9917 9973
9974 9964 9965
9974 9965 9975
9975 9965 9931
9975 9931 9969
9970 9930 9963
9970 9963 9973
9976 9977 9978
9979 9980 9981
9979 9981 9982
9980 9909 9908
9982 9981 9977
9982 9977 9976
9904 9909 9979
9909 9980 9979
9976 9978 9983
9984 9983 9985
9986 9987 9979
9986 9979 9982
9987 9899 9902
9982 9976 9983
9982 9983 9986
9987 9986 9988
9987 9988 9989
9988 9986 9983
9978 9990 9991
9978 9991 9985
9992 9993 9994
9992 9994 9995
9904 9979 9902
9907 9899 9989
9991 9990 9994
9991 9994 9993
9902 9979 9987
9985 9983 9978
9949 9944 9947
9996 9974 9975
9996 9975 9997
9997 9975 9969
9997 9969 9998
9998 9969 9970
9998 9970 9999
9970 9973 10000
9970 10000 9999
9973 9917 10001
9973 10001 10000
10002 10001 9917
10002 9917 9916
9916 9972 10003
9916 10003 10002
9972 9971 10004
9972 10004 10003
9968 10005 10006
9968 10006 9928
10007 9966 9915
10007 9915 10008
10008 9915 9906
10008 9906 10009
10009 9906 9907
10009 9907 10010
10011 9911 9928
10011 9928 10006
10012 9908 9911
10012 9911 10011
10010 9907 9989
10010 9989 10013
9988 10014 10013
9988 10013 9989
10014 9988 9984
9908 10015 9980
9980 10015 10016
9980 10016 9981
9984 9988 9983
9977 9981 10016
9899 9987 9989
9908 10012 10015
9904 9902 9905
9912 9910 9909
9938 9932 9910
9938 9910 9912
9912 9909 9904
9902 9901 9905
9910 9932 9911
9913 9920 9900
10005 10017 10018
10005 10018 10006
10019 10011 10006
10019 10006 10018
10020 10012 10011
10020 10011 10019
10012 10020 10021
10012 10021 10015
10015 10021 10022
10015 10022 10016
10023 10016 10022
10023 9977 10016
10024 9977 10023
10024 9978 9977
10025 9990 9978
10025 9978 10024
10026 9994 9990
10026 9990 10025
10027 9995 9994
10027 9994 10026
9932 9936 9953
10028 9954 9953
10028 9953 9936
10028 9936 9935
9933 9922 9934
10029 10030 10031
10032 10033 10034
10032 10034 10035
10030 10036 10031
10037 10038 10039
10037 10039 10040
10041 10031 10042
10031 10043 10037
10043 10038 10037
10044 10029 10041
10042 10037 10040
10042 10040 10045
10046 10047 10048
10046 10048 10049
10040 10039 10050
10040 10050 10051
10052 10053 10051
10052 10051 10054
10053 10055 10040
10029 10031 10041
10056 10054 10057
10051 10050 10058
10051 10058 10054
10036 10059 10060
10036 10060 10043
10036 10043 10031
10061 10033 10032
10061 10032 10062
10063 10061 10062
10063 10062 10064
10065 10063 10064
10065 10064 10066
10067 10065 10066
10067 10066 10068
10049 10048 10067
10049 10067 10068
10056 10052 10054
10031 10037 10042
10043 10060 10038
10057 10069 10056
10070 10071 10072
10057 10048 10047
10067 10048 10058
10050 10065 10067
10050 10067 10058
10039 10063 10065
10039 10065 10050
10038 10061 10063
10038 10063 10039
10060 10033 10061
10060 10061 10038
10034 10033 10060
10034 10060 10059
10073 10074 10075
10073 10075 10071
10073 10076 10074
10071 10070 10073
10073 10070 10077
10078 10079 10047
10069 10047 10080
10081 10069 10080
10070 10079 10077
10080 10079 10072
10082 10030 10083
10083 10084 10085
10036 10030 10082
10034 10059 10086
10034 10086 10087
10088 10059 10036
10083 10089 10084
10083 10085 10082
10090 10091 10092
10090 10092 10093
10094 10090 10093
10094 10093 10095
10086 10096 10097
10086 10097 10087
10097 10096 10098
10097 10098 10099
10100 10101 10102
10100 10102 10103
10096 10086 10104
10088 10082 10105
10106 10107 10084
10107 10108 10082
10107 10082 10085
10086 10088 10109
10107 10085 10084
10110 10111 10109
10110 10109 10105
10112 10113 10108
10112 10108 10107
10107 10106 10114
10107 10114 10112
10108 10110 10105
10115 10116 10117
10115 10117 10118
10109 10111 10119
10109 10119 10104
10120 10113 10121
10112 10114 10122
10112 10122 10123
10113 10112 10123
10113 10123 10124
10125 10126 10127
10126 10121 10128
10121 10113 10124
10117 10129 10118
10129 10130 10120
10129 10120 10118
10117 10116 10131
10117 10131 10119
10119 10111 10129
10119 10129 10117
10111 10110 10130
10111 10130 10129
10130 10108 10113
10108 10130 10110
10104 10119 10131
10104 10131 10132
10125 10115 10118
10125 10118 10126
10118 10121 10126
10118 10120 10121
10130 10113 10120
10127 10126 10128
10088 10105 10109
10105 10082 10108
10096 10104 10132
10096 10132 10098
10133 10094 10095
10133 10095 10103
10134 10094 10133
10134 10133 10128
10135 10127 10128
10135 10128 10133
10134 10121 10124
10121 10134 10128
10091 10090 10123
10091 10123 10122
10090 10094 10124
10124 10094 10134
10090 10124 10123
10093 10092 10136
10093 10136 10137
10095 10093 10137
10095 10137 10138
10103 10102 10135
10103 10135 10133
10103 10095 10138
10103 10138 10100
10029 10044 10089
10029 10089 10083
10083 10030 10029
10138 10137 10139
10138 10139 10140
10137 10136 10141
10137 10141 10139
10142 10143 10101
10142 10101 10100
10100 10138 10140
10100 10140 10142
10144 10099 10145
10035 10034 10087
10097 10144 10087
10035 10087 10144
10088 10086 10059
10036 10082 10088
10086 10109 10104
10051 10053 10040
10055 10045 10040
10144 10097 10099
10073 10077 10076
10072 10079 10070
10077 10079 10078
10078 10047 10046
10080 10047 10079
10056 10069 10081
10057 10047 10069
10057 10054 10058
10058 10048 10057
10146 10147 10148
10149 10150 10151
10149 10151 10152
10148 10147 10153
10154 10155 10156
10154 10156 10157
10158 10159 10147
10147 10154 10160
10160 10154 10157
10161 10158 10146
10159 10162 10155
10159 10155 10154
10163 10164 10165
10163 10165 10166
10155 10167 10168
10155 10168 10156
10169 10170 10167
10169 10167 10171
10171 10155 10172
10146 10158 10147
10173 10174 10170
10167 10170 10175
10167 10175 10168
10153 10160 10176
10153 10176 10177
10153 10147 10160
10178 10179 10149
10178 10149 10152
10180 10181 10179
10180 10179 10178
10182 10183 10181
10182 10181 10180
10184 10185 10183
10184 10183 10182
10164 10185 10184
10164 10184 10165
10173 10170 10169
10147 10159 10154
10160 10157 10176
10174 10173 10186
10187 10188 10189
10174 10166 10165
10184 10175 10165
10168 10175 10184
10168 10184 10182
10156 10168 10182
10156 10182 10180
10157 10156 10180
10157 10180 10178
10176 10157 10178
10176 10178 10152
10151 10177 10176
10151 10176 10152
10190 10191 10192
10190 10189 10191
10190 10192 10193
10189 10190 10187
10190 10194 10187
10195 10166 10196
10186 10197 10166
10198 10197 10186
10187 10194 10196
10197 10188 10196
10199 10200 10148
10200 10201 10202
10153 10199 10148
10151 10203 10204
10151 10204 10177
10205 10153 10177
10200 10202 10206
10200 10199 10201
10207 10208 10209
10207 10209 10210
10211 10212 10208
10211 10208 10207
10204 10203 10213
10204 10213 10214
10213 10215 10216
10213 10216 10214
10217 10218 10219
10217 10219 10220
10214 10221 10204
10205 10222 10199
10223 10202 10224
10224 10201 10199
10224 10199 10225
10204 10226 10205
10224 10202 10201
10227 10222 10226
10227 10226 10228
10229 10224 10225
10229 10225 10230
10224 10229 10231
10224 10231 10223
10225 10222 10227
10232 10233 10234
10232 10234 10235
10226 10221 10236
10226 10236 10228
10237 10238 10230
10229 10239 10240
10229 10240 10231
10230 10241 10239
10230 10239 10229
10242 10243 10244
10244 10245 10238
10238 10241 10230
10234 10233 10246
10246 10237 10247
10246 10233 10237
10234 10236 10248
10234 10248 10235
10236 10234 10246
10236 10246 10228
10228 10246 10247
10228 10247 10227
10247 10230 10225
10225 10227 10247
10221 10249 10248
10221 10248 10236
10242 10244 10233
10242 10233 10232
10233 10244 10238
10233 10238 10237
10247 10237 10230
10243 10245 10244
10205 10226 10222
10222 10225 10199
10214 10216 10249
10214 10249 10221
10250 10218 10212
10250 10212 10211
10251 10245 10250
10251 10250 10211
10252 10250 10245
10252 10245 10243
10251 10241 10238
10238 10245 10251
10210 10240 10239
10210 10239 10207
10207 10241 10211
10241 10251 10211
10207 10239 10241
10208 10253 10254
10208 10254 10209
10212 10255 10253
10212 10253 10208
10218 10250 10252
10218 10252 10219
10218 10217 10255
10218 10255 10212
10146 10200 10206
10146 10206 10161
10200 10146 10148
10255 10256 10257
10255 10257 10253
10253 10257 10258
10253 10258 10254
10259 10217 10220
10259 10220 10260
10217 10259 10256
10217 10256 10255
10261 10262 10215
10150 10203 10151
10213 10203 10261
10150 10261 10203
10205 10177 10204
10153 10205 10199
10204 10221 10226
10167 10155 10171
10172 10155 10162
10261 10215 10213
10190 10193 10194
10188 10187 10196
10194 10195 10196
10195 10163 10166
10197 10196 10166
10173 10198 10186
10174 10186 10166
10174 10175 10170
10175 10174 10165
10173 10169 10263
10173 10263 10264
10265 10263 10169
10265 10169 10171
10266 10265 10171
10266 10171 10172
10198 10173 10264
10198 10264 10267
10188 10197 10268
10188 10268 10269
10191 10189 10270
10268 10197 10198
10268 10198 10267
10189 10188 10269
10189 10269 10270
10056 10271 10272
10056 10272 10052
10273 10053 10052
10273 10052 10272
10274 10055 10053
10274 10053 10273
10081 10275 10271
10081 10271 10056
10072 10276 10277
10072 10277 10080
10075 10278 10071
10277 10275 10081
10277 10081 10080
10071 10278 10276
10071 10276 10072
10279 10280 10150
10279 10150 10149
10281 10282 10164
10281 10164 10163
10283 10284 10195
10283 10195 10194
10179 10285 10279
10179 10279 10149
10181 10286 10285
10181 10285 10179
10183 10287 10286
10183 10286 10181
10185 10288 10287
10185 10287 10183
10282 10288 10185
10282 10185 10164
10192 10289 10193
10284 10281 10163
10284 10163 10195
10193 10289 10283
10193 10283 10194
10280 10290 10261
10280 10261 10150
10261 10290 10291
10261 10291 10262
10292 10020 10019
10292 10019 10293
10293 10019 10018
10293 10018 10294
10017 10295 10294
10017 10294 10018
10296 10024 10023
10296 10023 10297
10021 10298 10299
10021 10299 10022
10297 10023 10022
10297 10022 10299
10300 10025 10024
10300 10024 10296
10027 10026 10301
10020 10292 10298
10020 10298 10021
10301 10026 10025
10301 10025 10300
10302 10032 10035
10302 10035 10303
10304 10046 10049
10304 10049 10305
10306 10077 10078
10306 10078 10307
10062 10032 10302
10062 10302 10308
10064 10062 10308
10064 10308 10309
10066 10064 10309
10066 10309 10310
10068 10066 10310
10068 10310 10311
10305 10049 10068
10305 10068 10311
10074 10076 10312
10307 10078 10046
10307 10046 10304
10076 10077 10306
10076 10306 10312
10303 10035 10144
10303 10144 10313
10144 10145 10314
10144 10314 10313
10315 10316 10009
10315 10009 10010
10316 10317 10008
10316 10008 10009
10007 10008 10317
10007 10317 10318
10319 10320 9984
10319 9984 9985
10013 10014 10321
10013 10321 10322
10320 10321 10014
10320 10014 9984
10323 10319 9985
10323 9985 9991
9992 10324 9993
10010 10013 10322
10010 10322 10315
10324 10323 9991
10324 9991 9993
10325 10326 10327
10325 10327 10328
10329 10330 10331
10329 10331 10332
10333 10334 10326
10333 10326 10325
10335 10336 10330
10335 10330 10329
10328 10327 10336
10328 10336 10335
10331 10337 10338
10331 10338 10332
10337 10339 10340
10337 10340 10338
10339 10341 10342
10339 10342 10340
10343 10344 10345
10343 10345 10346
10347 10348 10349
10347 10349 10350
10344 10351 10352
10344 10352 10345
10348 10353 10354
10348 10354 10349
10353 10343 10346
10353 10346 10354
10347 10350 10355
10347 10355 10356
10356 10355 10357
10356 10357 10358
10358 10357 10342
10358 10342 10341
10359 10360 10361
10359 10361 10362
10359 10363 10364
10359 10364 10360
10363 10365 10366
10363 10366 10364
10365 10367 10368
10365 10368 10366
10367 10369 10370
10367 10370 10368
10369 10371 10372
10369 10372 10370
10371 10373 10374
10371 10374 10372
10375 10376 10377
10375 10377 10378
10379 10380 10376
10379 10376 10375
10381 10382 10380
10381 10380 10379
10383 10384 10382
10383 10382 10381
10385 10386 10384
10385 10384 10383
10387 10388 10386
10387 10386 10385
10387 10389 10390
10387 10390 10388
10389 10391 10392
10389 10392 10390
10362 10361 10392
10362 10392 10391
