byte offset: 0
first index: 9174
index count: 3402
topology: trianglelist
format: DXGI_FORMAT_R16_UINT

2136 2137 2138
2136 2138 2139
2140 2141 2142
2137 2143 2144
2137 2144 2145
2146 2147 2148
2146 2148 2149
2150 2151 2152
2153 2144 2143
2154 2155 2156
2154 2156 2157
2142 2141 2158
2142 2158 2159
2139 2138 2147
2139 2147 2146
2149 2148 2155
2149 2155 2154
2142 2159 2151
2142 2151 2150
2140 2150 2160
2151 2144 2153
2159 2158 2145
2159 2145 2144
2151 2159 2144
2140 2160 2161
2162 2163 2164
2143 2136 2165
2143 2165 2153
2153 2165 2152
2153 2152 2151
2137 2136 2143
2161 2160 2163
2161 2163 2162
2140 2142 2150
2157 2156 2166
2167 2168 2169
2167 2169 2170
2171 2172 2173
2170 2174 2175
2170 2175 2176
2177 2178 2179
2177 2179 2180
2181 2182 2183
2184 2176 2175
2185 2186 2187
2185 2187 2188
2172 2189 2190
2172 2190 2173
2168 2177 2180
2168 2180 2169
2178 2185 2188
2178 2188 2179
2172 2181 2183
2172 2183 2189
2171 2191 2181
2183 2184 2175
2189 2175 2174
2189 2174 2190
2183 2175 2189
2171 2192 2191
2193 2194 2195
2176 2184 2196
2176 2196 2167
2184 2183 2182
2184 2182 2196
2170 2176 2167
2195 2191 2192
2195 2192 2193
2171 2181 2172
2186 2197 2187
2198 2199 2200
2198 2200 2201
2199 2202 2203
2199 2203 2200
2204 2205 2206
2204 2206 2207
2208 2207 2206
2209 2210 2211
2209 2211 2212
2210 2213 2214
2210 2214 2211
2215 2216 2217
2215 2217 2218
2216 2219 2217
2201 2220 2221
2201 2221 2198
2220 2222 2223
2220 2223 2221
2204 2224 2225
2204 2225 2205
2225 2224 2223
2225 2223 2222
2202 2226 2227
2202 2227 2203
2226 2209 2212
2226 2212 2227
2213 2228 2229
2213 2229 2214
2228 2215 2218
2228 2218 2229
2230 2231 2232
2230 2232 2233
2233 2232 2234
2233 2234 2235
2236 2237 2238
2236 2238 2239
2240 2238 2237
2241 2242 2243
2241 2243 2244
2244 2243 2245
2244 2245 2246
2247 2248 2249
2247 2249 2250
2250 2249 2251
2231 2230 2252
2231 2252 2253
2253 2252 2254
2253 2254 2255
2236 2239 2256
2236 2256 2257
2254 2257 2256
2254 2256 2255
2235 2234 2258
2235 2258 2259
2259 2258 2242
2259 2242 2241
2246 2245 2260
2246 2260 2261
2261 2260 2248
2261 2248 2247
2262 2263 2264
2262 2264 2265
2266 2267 2268
2269 2265 2264
2270 2271 2272
2273 2274 2275
2276 2277 2263
2276 2263 2278
2279 2280 2281
2282 2283 2284
2282 2284 2277
2285 2286 2287
2288 2289 2281
2288 2281 2290
2291 2285 2284
2288 2292 2289
2293 2294 2295
2296 2297 2298
2296 2299 2297
2296 2300 2301
2296 2302 2300
2296 2303 2302
2296 2304 2303
2296 2305 2304
2298 2264 2263
2298 2263 2306
2306 2263 2277
2306 2277 2307
2307 2277 2284
2307 2284 2308
2281 2289 2299
2281 2299 2301
2284 2285 2305
2284 2305 2308
2309 2277 2310
2263 2262 2278
2311 2312 2269
2311 2269 2264
2313 2312 2311
2313 2311 2292
2292 2311 2289
2294 2279 2281
2294 2281 2295
2284 2283 2291
2295 2272 2271
2295 2271 2293
2272 2268 2267
2272 2267 2270
2266 2268 2275
2266 2275 2274
2285 2287 2275
2287 2273 2275
2291 2314 2285
2280 2290 2281
2285 2314 2286
2309 2282 2277
2277 2276 2310
2315 2316 2317
2315 2317 2318
2319 2320 2321
2322 2317 2316
2323 2324 2325
2326 2327 2328
2329 2330 2318
2329 2318 2331
2332 2333 2334
2335 2331 2336
2335 2336 2337
2338 2339 2340
2341 2342 2333
2341 2333 2343
2344 2336 2338
2341 2343 2345
2346 2347 2348
2349 2350 2351
2349 2351 2352
2349 2353 2354
2349 2354 2355
2349 2355 2356
2349 2356 2357
2349 2357 2358
2318 2317 2350
2318 2350 2359
2331 2318 2359
2331 2359 2360
2336 2331 2360
2336 2360 2361
2333 2353 2352
2333 2352 2343
2336 2361 2358
2336 2358 2338
2362 2363 2331
2318 2330 2315
2364 2317 2322
2364 2322 2365
2366 2345 2364
2366 2364 2365
2345 2343 2364
2348 2347 2333
2348 2333 2332
2336 2344 2337
2347 2346 2325
2347 2325 2324
2324 2323 2321
2324 2321 2320
2327 2320 2319
2327 2319 2328
2338 2327 2339
2339 2327 2326
2344 2338 2367
2334 2333 2342
2338 2340 2367
2362 2331 2335
2331 2363 2329
2368 2369 2370
2370 2369 2371
2370 2371 2372
2373 2374 2375
2373 2375 2376
2376 2375 2377
2376 2377 2378
2379 2380 2381
2379 2381 2382
2382 2381 2383
2382 2383 2384
2385 2386 2387
2385 2387 2388
2389 2390 2387
2389 2387 2386
2391 2392 2393
2391 2393 2394
2394 2393 2395
2394 2395 2396
2397 2398 2399
2397 2399 2400
2383 2400 2399
2383 2399 2384
2401 2402 2403
2401 2403 2404
2404 2403 2405
2406 2407 2408
2409 2410 2411
2409 2411 2412
2388 2411 2410
2388 2410 2385
2413 2414 2415
2413 2415 2397
2416 2417 2415
2416 2415 2414
2418 2419 2420
2418 2420 2377
2421 2422 2420
2421 2420 2419
2423 2424 2425
2423 2425 2426
2426 2425 2427
2428 2429 2430
2428 2430 2431
2431 2430 2392
2431 2392 2391
2432 2433 2434
2435 2436 2437
2435 2437 2438
2412 2437 2436
2412 2436 2409
2439 2440 2441
2439 2441 2442
2443 2440 2397
2444 2445 2446
2444 2446 2447
2448 2446 2449
2449 2446 2445
2450 2451 2452
2438 2452 2451
2438 2451 2435
2396 2395 2453
2396 2453 2454
2454 2453 2455
2454 2455 2456
2457 2422 2458
2457 2458 2459
2459 2458 2424
2459 2424 2423
2460 2417 2433
2460 2433 2432
2379 2461 2462
2379 2462 2380
2463 2464 2462
2463 2462 2461
2447 2446 2465
2447 2465 2466
2448 2467 2465
2448 2465 2446
2368 2370 2468
2468 2370 2372
2468 2372 2469
2470 2471 2472
2470 2472 2473
2473 2472 2474
2473 2474 2475
2476 2477 2478
2478 2477 2479
2478 2479 2480
2481 2482 2483
2481 2483 2484
2485 2483 2482
2485 2482 2486
2487 2488 2489
2489 2488 2490
2489 2490 2491
2383 2381 2492
2383 2492 2493
2380 2494 2492
2380 2492 2381
2455 2495 2496
2455 2496 2456
2497 2498 2496
2497 2496 2495
2395 2393 2499
2395 2499 2500
2392 2501 2499
2392 2499 2393
2397 2400 2443
2493 2502 2400
2493 2400 2383
2497 2503 2504
2497 2504 2498
2463 2504 2503
2463 2503 2464
2505 2374 2373
2506 2442 2441
2506 2441 2507
2507 2441 2443
2507 2443 2508
2455 2453 2509
2455 2509 2510
2500 2509 2453
2500 2453 2395
2511 2512 2494
2406 2512 2407
2389 2513 2514
2389 2514 2390
2429 2428 2514
2429 2514 2513
2405 2403 2515
2515 2403 2402
2515 2402 2516
2433 2417 2416
2433 2416 2517
2397 2415 2518
2397 2518 2398
2417 2460 2518
2417 2518 2415
2434 2433 2517
2389 2386 2419
2389 2419 2418
2385 2421 2419
2385 2419 2386
2385 2410 2519
2385 2519 2421
2409 2520 2519
2409 2519 2410
2409 2436 2521
2409 2521 2520
2435 2522 2521
2435 2521 2436
2435 2451 2523
2435 2523 2522
2450 2523 2451
2377 2420 2524
2377 2524 2378
2422 2457 2524
2422 2524 2420
2424 2458 2525
2424 2525 2526
2421 2525 2458
2421 2458 2422
2427 2425 2527
2526 2527 2425
2526 2425 2424
2528 2408 2503
2528 2503 2497
2464 2503 2407
2380 2511 2494
2529 2530 2531
2529 2531 2532
2532 2531 2533
2532 2533 2534
2535 2536 2537
2535 2537 2538
2539 2540 2541
2539 2541 2542
2542 2541 2543
2542 2543 2544
2545 2546 2547
2548 2549 2550
2548 2550 2551
2552 2548 2551
2552 2551 2553
2552 2553 2554
2552 2554 2555
2555 2554 2556
2555 2556 2557
2558 2559 2560
2558 2560 2561
2562 2560 2559
2563 2564 2565
2563 2565 2566
2549 2566 2565
2549 2565 2550
2567 2568 2569
2567 2569 2570
2570 2569 2564
2570 2564 2563
2571 2572 2573
2571 2573 2574
2574 2573 2575
2574 2575 2576
2577 2578 2579
2577 2579 2580
2581 2579 2578
2582 2583 2584
2584 2583 2585
2584 2585 2586
2534 2533 2587
2534 2587 2588
2588 2587 2589
2588 2589 2590
2591 2592 2593
2591 2593 2594
2589 2593 2592
2589 2592 2590
2595 2596 2597
2595 2597 2598
2599 2600 2597
2599 2597 2596
2601 2602 2603
2601 2603 2604
2604 2603 2605
2604 2605 2606
2607 2608 2609
2607 2609 2610
2610 2609 2602
2610 2602 2601
2611 2612 2613
2611 2613 2614
2614 2613 2608
2614 2608 2607
2615 2616 2617
2615 2617 2618
2618 2617 2612
2618 2612 2611
2595 2598 2619
2595 2619 2620
2620 2619 2621
2620 2621 2622
2622 2621 2623
2622 2623 2624
2624 2623 2568
2624 2568 2567
2625 2626 2627
2628 2629 2630
2628 2630 2631
2627 2630 2629
2627 2629 2625
2561 2632 2633
2561 2633 2558
2631 2633 2632
2631 2632 2628
2634 2635 2556
2636 2637 2635
2580 2638 2639
2580 2639 2577
2640 2641 2639
2640 2639 2638
2642 2643 2644
2642 2644 2645
2646 2647 2644
2646 2644 2643
2646 2648 2649
2646 2649 2647
2650 2651 2649
2650 2649 2648
2650 2652 2653
2650 2653 2651
2599 2653 2652
2599 2652 2600
2654 2655 2656
2654 2656 2657
2658 2659 2656
2658 2656 2655
2605 2660 2661
2605 2661 2606
2662 2663 2661
2662 2661 2660
2664 2665 2666
2664 2666 2667
2616 2615 2666
2616 2666 2665
2668 2669 2670
2668 2670 2671
2667 2670 2669
2667 2669 2664
2658 2672 2673
2658 2673 2659
2671 2673 2672
2671 2672 2668
2626 2674 2675
2626 2675 2627
2536 2535 2675
2536 2675 2674
2546 2540 2539
2546 2539 2547
2676 2538 2537
2677 2678 2679
2677 2679 2680
2585 2679 2678
2585 2678 2586
2662 2681 2682
2662 2682 2663
2680 2682 2681
2680 2681 2677
2683 2684 2685
2685 2684 2530
2685 2530 2529
2575 2686 2687
2575 2687 2576
2688 2687 2686
2572 2571 2689
2572 2689 2690
2691 2690 2689
2691 2689 2692
2693 2694 2695
2594 2695 2694
2594 2694 2591
2640 2696 2697
2640 2697 2641
2698 2699 2697
2698 2697 2696
2698 2700 2701
2698 2701 2699
2645 2701 2700
2645 2700 2642
2702 2703 2704
2704 2703 2691
2704 2691 2692
2565 2705 2543
2418 2706 2513
2418 2513 2389
2374 2429 2513
2374 2513 2706
2374 2505 2430
2392 2430 2505
2392 2505 2501
2377 2375 2706
2377 2706 2418
2374 2706 2375
2372 2371 2707
2372 2707 2708
2447 2708 2707
2447 2707 2444
2469 2372 2708
2469 2708 2709
2466 2709 2708
2466 2708 2447
2480 2479 2710
2480 2710 2711
2711 2710 2485
2711 2485 2486
2491 2490 2712
2491 2712 2713
2713 2712 2471
2713 2471 2470
2439 2442 2714
2439 2714 2715
2715 2714 2402
2715 2402 2401
2442 2506 2716
2442 2716 2714
2402 2714 2716
2402 2716 2516
2528 2717 2718
2528 2718 2719
2719 2718 2720
2719 2720 2510
2510 2720 2455
2497 2717 2528
2721 2722 2723
2723 2724 2725
2726 2727 2724
2726 2724 2722
2728 2729 2730
2728 2730 2731
2732 2733 2730
2732 2730 2729
2731 2730 2734
2733 2735 2736
2733 2736 2730
2737 2738 2739
2737 2739 2740
2741 2742 2739
2741 2739 2738
2743 2744 2745
2726 2745 2744
2726 2744 2727
2732 2746 2747
2732 2747 2733
2748 2747 2746
2733 2747 2749
2733 2749 2735
2750 2751 2752
2741 2752 2751
2741 2751 2742
2705 2544 2543
2734 2736 2753
2734 2730 2736
2449 2445 2754
2657 2705 2565
2657 2565 2654
2723 2722 2724
2407 2503 2408
2374 2430 2429
2407 2512 2511
2749 2747 2748
2550 2755 2756
2550 2756 2551
2551 2756 2757
2551 2757 2553
2553 2757 2758
2553 2758 2554
2554 2758 2634
2554 2634 2556
2565 2543 2755
2565 2755 2550
2635 2637 2557
2635 2557 2556
2443 2441 2440
2400 2508 2443
2400 2502 2508
2440 2413 2397
2759 2760 2761
2760 2762 2763
2760 2763 2761
2764 2765 2766
2764 2766 2767
2765 2768 2769
2765 2769 2766
2770 2771 2772
2770 2772 2773
2771 2774 2775
2771 2775 2772
2776 2777 2778
2776 2778 2779
2778 2780 2781
2778 2781 2779
2782 2783 2784
2782 2784 2785
2783 2786 2787
2783 2787 2784
2788 2789 2790
2788 2790 2791
2790 2789 2775
2790 2775 2774
2792 2793 2794
2792 2794 2795
2793 2796 2794
2797 2798 2799
2800 2801 2802
2800 2802 2803
2777 2776 2803
2777 2803 2802
2804 2788 2805
2804 2805 2806
2805 2807 2808
2805 2808 2806
2809 2769 2810
2809 2810 2811
2810 2812 2813
2810 2813 2811
2814 2815 2816
2814 2816 2817
2815 2818 2816
2819 2820 2821
2819 2821 2822
2820 2782 2785
2820 2785 2821
2823 2824 2825
2826 2827 2828
2826 2828 2829
2801 2800 2829
2801 2829 2828
2830 2831 2832
2830 2832 2833
2834 2788 2833
2835 2836 2837
2835 2837 2838
2839 2840 2837
2840 2838 2837
2841 2842 2843
2843 2842 2827
2843 2827 2826
2786 2844 2845
2786 2845 2787
2844 2846 2847
2844 2847 2845
2848 2849 2850
2848 2850 2812
2849 2814 2817
2849 2817 2850
2851 2823 2825
2851 2825 2807
2770 2773 2852
2770 2852 2853
2852 2854 2855
2852 2855 2853
2836 2856 2857
2836 2857 2837
2857 2858 2839
2857 2839 2837
2759 2859 2760
2859 2860 2762
2859 2762 2760
2861 2862 2863
2861 2863 2864
2862 2865 2866
2862 2866 2863
2867 2868 2869
2868 2870 2871
2868 2871 2869
2872 2873 2874
2872 2874 2875
2876 2877 2875
2876 2875 2874
2878 2879 2880
2879 2881 2882
2879 2882 2880
2775 2883 2884
2775 2884 2772
2884 2885 2773
2884 2773 2772
2847 2846 2886
2847 2886 2887
2886 2888 2889
2886 2889 2887
2787 2890 2891
2787 2891 2784
2891 2892 2785
2891 2785 2784
2788 2834 2789
2883 2775 2789
2883 2789 2893
2889 2888 2894
2889 2894 2895
2855 2854 2895
2855 2895 2894
2896 2764 2767
2897 2898 2832
2897 2832 2831
2898 2899 2834
2898 2834 2832
2847 2900 2901
2847 2901 2845
2890 2787 2845
2890 2845 2901
2902 2885 2903
2797 2799 2903
2781 2780 2904
2781 2904 2905
2904 2819 2822
2904 2822 2905
2796 2906 2794
2906 2907 2795
2906 2795 2794
2825 2908 2808
2825 2808 2807
2788 2791 2909
2788 2909 2805
2909 2851 2807
2909 2807 2805
2824 2908 2825
2781 2809 2811
2781 2811 2779
2811 2813 2776
2811 2776 2779
2776 2813 2910
2776 2910 2803
2910 2911 2800
2910 2800 2803
2800 2911 2912
2800 2912 2829
2912 2913 2826
2912 2826 2829
2826 2913 2914
2826 2914 2843
2841 2843 2914
2769 2768 2915
2769 2915 2810
2915 2848 2812
2915 2812 2810
2817 2916 2917
2817 2917 2850
2813 2812 2850
2813 2850 2917
2818 2918 2816
2816 2918 2916
2816 2916 2817
2919 2889 2895
2919 2895 2798
2854 2799 2895
2773 2885 2902
2920 2921 2922
2920 2922 2923
2921 2924 2925
2921 2925 2922
2926 2927 2928
2926 2928 2929
2930 2931 2932
2930 2932 2933
2931 2934 2935
2931 2935 2932
2936 2937 2938
2939 2940 2941
2939 2941 2942
2942 2941 2943
2942 2943 2944
2943 2945 2946
2943 2946 2944
2945 2947 2948
2945 2948 2946
2949 2950 2951
2949 2951 2952
2953 2952 2951
2954 2955 2956
2954 2956 2957
2956 2955 2940
2956 2940 2939
2958 2959 2960
2958 2960 2961
2959 2954 2957
2959 2957 2960
2962 2963 2964
2962 2964 2965
2963 2966 2967
2963 2967 2964
2968 2969 2970
2968 2970 2971
2972 2971 2970
2973 2974 2975
2974 2976 2977
2974 2977 2975
2924 2978 2979
2924 2979 2925
2978 2980 2981
2978 2981 2979
2982 2983 2984
2982 2984 2985
2981 2980 2985
2981 2985 2984
2986 2987 2988
2986 2988 2989
2988 2990 2991
2988 2991 2989
2992 2993 2994
2992 2994 2995
2993 2996 2997
2993 2997 2994
2998 2999 3000
2998 3000 3001
2999 2992 2995
2999 2995 3000
3002 3003 3004
3002 3004 3005
3003 2998 3001
3003 3001 3004
3006 3007 3008
3006 3008 3009
3007 3002 3005
3007 3005 3008
2986 3010 3011
2986 3011 2987
3010 3012 3013
3010 3013 3011
3012 3014 3015
3012 3015 3013
3014 2958 2961
3014 2961 3015
3016 3017 3018
3019 3020 3021
3019 3021 3022
3017 3016 3022
3017 3022 3021
2950 2949 3023
2950 3023 3024
3020 3019 3024
3020 3024 3023
3025 2948 3026
3027 3026 3028
2969 2968 3029
2969 3029 3030
3029 3031 3032
3029 3032 3030
3033 3034 3035
3033 3035 3036
3035 3037 3038
3035 3038 3036
3038 3037 3039
3038 3039 3040
3039 3041 3042
3039 3042 3040
3042 3041 3043
3042 3043 3044
2991 2990 3044
2991 3044 3043
3045 3046 3047
3045 3047 3048
3047 3049 3050
3047 3050 3048
2997 2996 3051
2997 3051 3052
3051 3053 3054
3051 3054 3052
3055 3056 3057
3055 3057 3058
3057 3006 3009
3057 3009 3058
3059 3060 3061
3059 3061 3062
3056 3055 3062
3056 3062 3061
3050 3049 3063
3050 3063 3064
3060 3059 3064
3060 3064 3063
3018 3017 3065
3018 3065 3066
3065 2926 2929
3065 2929 3066
2938 2937 2930
2938 2930 2933
3067 2928 2927
3068 3069 3070
3068 3070 3071
2977 2976 3071
2977 3071 3070
3054 3053 3072
3054 3072 3073
3069 3068 3073
3069 3073 3072
3074 3075 3076
3075 2920 2923
3075 2923 3076
2967 2966 3077
2967 3077 3078
3079 3078 3077
3080 2962 2965
3080 2965 3081
3082 3083 3080
3082 3080 3081
3084 3085 3086
3086 3085 2983
3086 2983 2982
3032 3031 3087
3032 3087 3088
3087 3089 3090
3087 3090 3088
3090 3089 3091
3090 3091 3092
3034 3033 3092
3034 3092 3091
3093 3094 3095
3094 3083 3082
3094 3082 3095
2956 2935 3096
2809 2781 2905
2809 2905 3097
2905 2822 2767
2905 2767 3097
2767 2821 2896
2896 2821 2785
2896 2785 2892
2769 2809 3097
2769 3097 2766
2767 2766 3097
2762 3098 3099
2762 3099 2763
3099 3098 2836
3099 2836 2835
2860 3100 3098
2860 3098 2762
3098 3100 2856
3098 2856 2836
2870 3101 3102
2870 3102 2871
3101 2877 2876
3101 2876 3102
2881 3103 3104
2881 3104 2882
3103 2861 2864
3103 2864 3104
2830 3105 3106
2830 3106 2831
3105 2792 2795
3105 2795 3106
2831 3106 3107
2831 3107 2897
3107 3106 2795
3107 2795 2907
2919 3108 3109
2919 3109 3110
3108 2900 3111
3108 3111 3109
2900 2847 3111
2889 2919 3110
3112 3113 3114
3113 3115 3116
3116 3117 3118
3116 3118 3114
3119 3120 3121
3119 3121 3122
3121 3123 3124
3121 3124 3122
3120 3125 3121
3126 3127 3123
3126 3123 3121
3128 3129 3130
3128 3130 3131
3130 3132 3133
3130 3133 3131
3134 3135 3136
3136 3135 3118
3136 3118 3117
3124 3123 3137
3124 3137 3138
3139 3138 3137
3123 3127 3140
3123 3140 3137
3141 3142 3143
3143 3142 3133
3143 3133 3132
3096 2935 2934
3125 3144 3126
3125 3126 3121
2840 3145 2838
2956 3096 3046
2956 3046 3045
3113 3116 3114
2799 2798 2895
2767 2822 2821
2799 2902 2903
3140 3139 3137
2939 2942 3146
2939 3146 3147
2942 2944 3148
2942 3148 3146
2944 2946 3149
2944 3149 3148
2946 2948 3025
2946 3025 3149
2956 2939 3147
2956 3147 2935
3026 2948 2947
3026 2947 3028
2834 2833 2832
2789 2834 2899
2789 2899 2893
2833 2788 2804
2264 2298 2297
2264 2297 2311
2297 2299 2289
2297 2289 2311
2281 2301 2300
2281 2300 2295
2300 2302 2272
2300 2272 2295
2302 2303 2268
2302 2268 2272
2303 2304 2275
2303 2275 2268
2304 2305 2285
2304 2285 2275
2298 2306 2296
2306 2307 2296
2307 2308 2296
2301 2299 2296
2308 2305 2296
2351 2350 2317
2351 2317 2364
2343 2352 2351
2343 2351 2364
2354 2353 2333
2354 2333 2347
2324 2355 2354
2324 2354 2347
2320 2356 2355
2320 2355 2324
2327 2357 2356
2327 2356 2320
2338 2358 2357
2338 2357 2327
2359 2350 2349
2360 2359 2349
2361 2360 2349
2352 2353 2349
2358 2361 2349
