byte offset: 0
first index: 0
index count: 6990
topology: trianglelist
format: DXGI_FORMAT_R16_UINT

0 1 2
3 4 5
3 5 6
7 8 9
10 11 12
10 12 13
14 15 16
17 18 19
17 19 20
21 22 23
21 23 24
10 25 26
10 26 9
25 10 13
25 13 27
22 3 28
22 28 23
2 29 30
2 30 0
31 14 16
31 16 32
7 33 34
7 34 35
36 37 29
36 29 2
17 14 31
17 31 38
22 4 3
8 7 35
8 35 39
40 41 12
40 12 11
6 42 28
6 28 3
7 9 26
7 26 33
16 15 39
16 39 35
32 16 35
32 35 34
0 30 42
0 42 6
0 6 5
0 5 1
43 44 45
43 45 46
11 10 9
11 9 8
11 8 39
11 39 40
40 39 15
40 15 20
14 17 20
14 20 15
44 36 2
44 2 1
45 44 1
45 1 5
45 5 4
45 4 47
22 21 47
22 47 4
48 49 50
48 50 51
49 52 53
49 53 50
52 54 55
52 55 53
56 57 58
56 58 59
60 55 54
60 54 61
53 62 63
53 63 50
64 63 62
64 62 65
66 67 65
66 65 62
62 53 55
62 55 66
50 63 68
50 68 51
69 68 63
69 63 64
70 71 67
70 67 66
66 55 60
66 60 70
72 73 74
72 74 75
76 48 51
76 51 77
68 78 77
68 77 51
68 69 79
68 79 78
78 80 77
56 59 81
82 83 84
82 84 85
86 87 88
86 88 89
85 90 91
85 91 92
93 88 87
93 87 94
95 96 97
95 97 98
87 86 97
87 97 96
99 100 101
99 101 102
103 104 96
103 96 95
94 87 96
94 96 104
82 105 99
82 99 83
106 84 83
106 83 107
99 102 107
99 107 83
86 107 102
86 102 97
107 86 89
107 89 106
102 101 98
102 98 97
100 99 105
100 105 108
105 82 92
82 85 92
43 109 36
43 36 44
46 45 47
46 47 110
111 21 24
111 24 112
109 113 37
109 37 36
18 17 38
18 38 114
110 47 21
110 21 111
41 40 20
41 20 19
115 80 78
115 78 116
91 117 105
91 105 92
117 118 108
117 108 105
119 120 121
122 123 124
122 124 125
126 127 128
129 130 131
129 131 132
133 134 135
136 137 138
136 138 139
140 141 142
140 142 143
129 127 144
129 144 145
145 146 130
145 130 129
143 142 147
143 147 122
120 119 148
120 148 149
150 151 134
150 134 133
126 152 153
126 153 154
155 120 149
155 149 156
136 157 150
136 150 133
143 122 125
128 158 152
128 152 126
159 132 131
159 131 160
123 122 147
123 147 161
126 154 144
126 144 127
134 152 158
134 158 135
151 153 152
151 152 134
119 123 161
119 161 148
119 121 124
119 124 123
162 163 164
162 164 165
132 128 127
132 127 129
132 159 158
132 158 128
159 137 135
159 135 158
133 135 137
133 137 136
163 121 120
163 120 155
162 124 121
162 121 163
162 166 125
162 125 124
143 125 166
143 166 140
167 168 169
167 169 170
171 172 173
170 169 174
170 174 175
175 174 176
175 176 177
171 173 178
171 178 179
180 181 177
180 177 176
174 169 182
174 182 183
184 185 183
184 183 182
186 183 185
186 185 187
183 186 176
183 176 174
169 168 188
169 188 182
189 184 182
189 182 188
190 186 187
190 187 191
186 190 180
186 180 176
192 193 194
192 194 195
196 197 168
196 168 167
188 168 197
188 197 198
188 198 199
188 199 189
198 197 200
201 202 203
201 203 204
205 206 207
205 207 208
202 209 210
202 210 211
212 213 208
212 208 207
214 215 216
214 216 217
208 217 216
208 216 205
218 219 220
218 220 221
222 214 217
222 217 223
213 223 217
213 217 208
201 204 218
201 218 224
225 226 204
225 204 203
218 204 226
218 226 219
205 216 219
205 219 226
226 225 206
226 206 205
219 216 215
219 215 220
201 209 202
221 227 224
221 224 218
224 209 201
155 228 164
155 164 163
165 229 166
165 166 162
230 231 141
230 141 140
156 232 228
156 228 155
139 233 157
139 157 136
229 230 140
229 140 166
160 138 137
160 137 159
234 235 198
234 198 200
224 236 210
224 210 209
227 237 236
227 236 224
238 239 240
241 242 243
243 244 245
243 245 241
246 247 248
246 248 249
246 249 250
251 239 252
251 252 253
253 252 254
255 256 257
247 238 240
247 240 258
259 239 251
258 260 248
258 248 247
239 259 240
261 262 263
261 263 264
262 261 256
262 256 255
265 266 267
268 269 270
269 268 271
269 271 272
273 274 275
273 275 276
275 277 276
278 279 280
278 280 267
279 281 280
282 283 284
266 265 274
266 274 285
286 278 267
273 287 285
273 285 274
267 266 286
288 289 290
288 290 291
291 282 284
291 284 288
292 293 294
292 294 295
296 297 298
296 298 299
299 300 301
299 301 296
302 303 304
302 304 305
295 294 306
295 306 307
308 309 310
308 310 311
312 313 314
312 314 315
316 317 314
316 314 318
319 320 321
322 323 313
322 313 312
302 324 325
302 325 326
305 327 324
305 324 302
328 329 330
328 330 327
303 302 326
303 326 331
332 333 334
332 334 335
329 328 333
329 333 332
335 334 336
335 336 337
338 339 340
338 340 341
342 322 343
342 343 344
345 346 347
345 347 348
348 349 350
348 350 345
323 322 342
323 342 351
352 353 297
352 297 296
343 297 353
343 353 344
345 350 354
345 354 355
354 356 357
354 357 355
356 354 353
356 353 352
353 354 350
353 350 344
358 356 352
358 352 359
360 361 362
360 362 363
364 365 366
364 366 367
301 359 352
301 352 296
368 369 370
368 370 371
370 369 372
370 372 373
374 375 376
374 376 377
378 374 377
378 377 379
380 381 382
380 382 376
383 380 376
383 376 375
376 382 384
376 384 377
385 379 377
385 377 384
386 373 379
386 379 385
387 371 370
387 370 388
389 390 391
389 391 387
386 385 392
386 392 393
363 362 390
363 390 389
357 392 394
357 394 355
346 345 355
346 355 394
393 395 396
393 396 397
398 399 400
398 400 323
381 347 346
381 346 382
392 385 384
392 384 394
382 346 394
382 394 384
401 313 323
401 323 400
402 403 404
405 406 407
408 409 410
408 410 411
412 402 413
414 415 416
414 416 417
418 417 419
418 419 321
415 414 420
321 421 418
422 416 423
421 321 320
421 320 424
425 426 408
427 409 428
429 430 431
429 431 432
433 434 435
433 435 436
437 438 439
437 439 440
441 442 443
441 443 444
411 410 445
446 447 448
446 448 449
450 451 452
450 452 453
413 454 455
412 455 456
457 442 441
458 459 460
458 460 461
380 383 462
380 462 463
318 464 465
318 465 316
400 466 467
400 467 401
321 468 319
469 412 456
399 470 466
399 466 400
430 433 436
430 436 431
470 399 471
470 471 438
463 472 381
463 381 380
347 381 472
347 472 473
348 347 473
348 473 474
474 475 349
474 349 348
476 351 475
476 475 477
476 478 479
480 481 482
480 482 483
483 482 484
483 484 485
471 479 486
487 483 485
487 485 488
489 435 434
489 434 490
401 467 464
401 464 318
491 492 493
494 491 493
494 493 495
494 495 496
475 474 497
475 497 477
492 497 474
492 474 473
493 492 473
493 473 472
495 493 472
495 472 463
498 495 463
498 463 462
499 406 405
500 501 502
500 502 503
503 504 505
503 505 500
506 407 507
503 413 402
402 404 504
402 504 503
508 509 449
508 449 510
408 446 425
511 512 469
511 469 456
455 513 456
501 405 502
502 405 407
454 413 407
506 514 454
428 487 488
428 488 427
435 489 485
435 485 484
436 484 515
431 436 515
431 515 516
432 431 516
432 516 517
518 519 520
518 520 521
522 523 521
522 521 520
523 522 524
523 524 525
526 527 525
526 525 524
527 526 528
527 528 529
529 528 530
529 530 531
531 530 532
533 534 535
533 536 537
533 537 534
538 437 539
519 518 437
519 437 538
540 432 517
540 517 541
542 429 432
542 432 540
475 351 342
475 342 349
344 350 349
344 349 342
364 360 543
364 543 544
300 545 546
300 546 301
409 427 410
547 548 410
547 410 549
427 488 549
549 489 490
549 490 547
513 455 514
417 418 550
417 550 414
539 440 551
539 551 552
440 439 553
440 553 551
439 486 554
439 554 553
486 480 554
482 555 515
482 515 484
516 515 555
516 555 556
556 557 517
556 517 516
541 517 558
559 560 561
559 561 541
555 482 481
555 481 562
556 555 562
556 562 563
557 556 563
557 563 564
558 557 564
558 564 565
566 559 567
566 567 568
479 481 480
478 562 481
569 563 562
570 564 563
491 494 565
491 565 564
494 496 567
494 567 565
486 439 438
486 438 471
569 477 497
570 497 492
571 572 509
571 509 508
573 509 572
573 572 574
425 573 574
425 574 552
426 425 551
428 426 551
428 551 553
553 554 487
553 487 428
554 480 483
554 483 487
419 575 468
418 576 550
550 577 578
469 579 457
469 441 412
412 441 403
444 580 403
581 582 583
508 584 585
508 585 571
586 587 588
586 588 589
420 414 550
420 550 578
424 529 531
424 531 421
465 527 529
465 529 424
527 465 464
527 464 525
467 523 525
467 525 464
523 467 466
523 466 521
521 466 470
521 470 518
518 470 438
518 438 437
424 320 316
424 316 465
590 591 331
590 331 326
592 593 594
592 594 595
507 407 406
451 450 596
451 596 597
577 534 537
577 537 598
534 577 532
532 576 531
446 408 447
445 447 411
599 448 600
582 599 600
510 584 508
601 459 583
601 583 602
451 586 589
451 589 452
603 443 604
603 604 605
606 444 443
606 443 603
607 604 442
586 451 597
586 597 608
609 610 611
609 611 612
613 614 615
613 615 616
528 617 618
528 618 530
514 619 620
514 620 513
610 621 622
610 622 611
623 624 611
623 611 622
625 626 627
625 627 624
538 628 519
520 629 522
524 630 631
524 631 526
628 538 632
633 634 635
536 533 625
536 625 636
624 627 612
624 612 611
627 637 638
627 638 612
639 640 641
639 641 642
643 644 645
643 645 646
647 506 507
647 507 648
649 609 612
649 612 638
650 615 614
650 614 651
652 653 654
652 654 655
656 511 513
656 513 620
587 657 588
656 658 512
656 512 511
653 652 650
653 650 651
659 660 661
659 661 662
663 664 646
663 646 645
630 524 522
630 522 665
666 406 667
666 667 668
631 617 528
631 528 526
669 670 671
669 671 672
619 514 506
619 506 647
635 634 572
635 572 571
648 507 406
648 406 666
673 674 675
676 673 675
676 675 677
676 677 678
676 678 679
680 681 682
680 682 683
666 684 648
666 685 684
539 574 632
634 632 574
634 574 572
686 687 657
686 579 687
688 689 657
674 690 691
658 687 512
692 693 694
635 695 633
685 696 621
685 621 610
682 684 609
682 609 649
610 609 684
610 684 685
697 698 699
697 699 700
701 702 703
701 703 704
703 705 670
703 670 669
706 707 708
706 708 709
707 706 640
707 640 639
710 711 662
710 662 661
712 713 714
712 714 715
716 712 717
716 717 718
717 719 720
717 720 721
628 722 723
701 724 725
701 725 726
649 727 683
649 683 682
727 649 638
727 638 724
724 638 637
724 637 725
617 706 709
617 709 618
706 617 631
706 631 640
681 648 682
619 678 677
619 677 620
675 656 620
675 620 677
658 656 691
687 658 728
647 681 678
647 678 619
681 680 679
681 679 678
680 729 730
680 730 679
461 460 700
461 700 699
699 731 585
699 585 461
657 728 688
732 688 690
732 690 733
689 697 734
735 736 697
735 697 689
640 631 641
641 630 665
641 665 737
737 665 629
737 629 738
739 628 723
740 730 616
740 616 615
741 742 664
741 664 663
738 743 737
615 650 744
615 744 740
745 652 655
745 655 733
650 652 745
650 745 744
746 747 748
737 749 641
735 732 692
735 692 694
705 703 702
705 702 750
751 683 727
751 727 704
752 753 754
752 754 755
742 741 756
742 756 757
723 758 747
712 716 759
712 759 713
633 695 719
633 719 715
760 721 761
750 702 753
750 753 752
762 613 616
762 616 763
694 764 765
629 520 739
739 746 629
738 746 748
738 748 743
644 643 660
644 660 659
634 766 632
722 714 758
711 710 713
711 713 759
626 535 530
626 530 618
533 535 626
533 626 625
624 623 636
624 636 625
626 618 637
626 637 627
742 639 642
742 642 664
704 727 724
704 724 701
707 757 754
707 754 708
757 707 639
757 639 742
715 714 766
715 766 633
726 753 702
726 702 701
729 763 616
729 616 730
732 733 655
732 655 692
765 736 735
765 735 694
740 676 679
740 679 730
646 749 743
646 743 643
740 744 673
740 673 676
745 733 690
745 690 674
744 745 674
744 674 673
747 661 748
664 642 749
664 749 646
729 680 683
729 683 751
732 735 689
732 689 688
704 703 669
704 669 751
758 710 661
758 661 747
712 715 719
712 719 717
743 748 660
743 660 643
713 710 758
713 758 714
607 767 608
721 720 736
721 736 765
736 720 698
736 698 697
311 339 768
311 768 308
326 325 769
326 769 590
770 298 297
770 297 343
309 308 307
309 307 306
398 471 399
771 340 339
771 339 311
337 336 575
337 575 772
341 340 319
341 319 468
310 315 771
310 771 311
770 312 315
770 315 310
343 322 312
343 312 770
317 319 340
317 340 771
317 771 315
317 315 314
293 292 593
293 593 592
360 363 396
360 396 543
773 368 371
773 371 774
774 371 387
774 387 391
389 387 388
389 388 397
389 397 396
389 396 363
367 361 360
367 360 364
546 544 359
546 359 301
592 775 545
592 545 293
775 592 595
775 595 776
365 364 544
365 544 546
373 372 378
373 378 379
373 386 388
373 388 370
386 393 397
386 397 388
393 392 357
393 357 395
395 357 356
395 356 358
358 359 544
358 544 543
358 543 396
358 396 395
777 778 768
777 768 779
305 304 778
305 778 777
779 768 339
779 339 338
293 545 300
293 300 294
775 365 546
775 546 545
365 775 776
365 776 366
294 300 299
294 299 306
351 398 323
418 421 576
578 577 598
550 576 577
469 512 579
686 767 579
604 443 442
584 458 461
584 461 585
731 699 698
731 698 695
731 635 571
731 571 585
698 720 719
698 719 695
509 573 449
766 722 632
655 654 693
655 693 692
628 632 722
459 601 780
459 780 460
781 583 582
458 581 583
458 583 459
460 780 734
460 734 700
602 781 453
602 453 452
588 780 601
588 601 589
601 602 452
601 452 589
657 734 588
782 510 599
782 581 458
782 458 584
448 447 783
448 599 510
448 510 449
608 587 586
605 604 597
605 597 596
604 607 608
604 608 597
767 587 608
767 686 587
767 457 579
446 573 425
681 647 648
445 783 447
628 739 519
426 409 408
538 539 632
685 668 696
784 785 786
784 786 787
788 789 790
791 792 793
791 793 794
795 796 797
795 797 798
799 800 786
799 786 785
801 802 800
801 800 799
802 801 794
802 794 793
788 803 804
805 806 807
805 807 808
809 810 811
809 811 812
790 803 788
813 814 815
816 817 818
816 819 820
821 822 823
818 817 824
813 825 826
813 826 821
820 827 828
820 828 817
820 829 830
820 830 827
831 822 821
831 821 826
832 833 834
832 834 835
836 837 838
836 838 839
840 837 836
841 842 843
841 843 838
841 838 837
833 844 845
833 845 846
833 846 834
824 847 848
828 849 847
828 847 817
839 838 843
839 843 850
844 833 832
844 832 851
852 853 848
850 843 854
850 854 855
843 842 856
843 856 854
844 857 858
844 858 845
857 844 851
857 851 859
825 813 860
825 860 861
862 863 820
862 820 819
826 825 851
826 851 832
826 832 835
826 835 831
830 840 836
830 836 827
827 836 839
827 839 828
828 839 850
828 850 849
849 850 855
849 855 864
820 863 829
813 821 865
866 867 860
866 860 815
860 813 815
757 756 755
757 755 754
762 763 868
672 763 729
728 690 688
629 665 522
723 746 739
746 738 629
746 723 747
749 642 641
687 579 512
513 511 456
656 675 691
674 691 675
687 728 657
697 700 734
607 457 767
658 691 728
723 722 758
722 766 714
520 519 739
633 766 634
661 660 748
689 734 657
510 782 584
408 411 447
489 488 485
436 435 484
427 549 410
582 581 782
587 686 657
690 728 691
517 557 558
425 552 551
764 761 765
760 717 721
721 765 761
717 760 718
693 764 694
324 869 870
324 870 325
327 330 869
327 869 324
327 305 777
327 777 328
333 779 338
333 338 334
328 777 779
328 779 333
334 338 341
334 341 336
419 422 575
769 325 870
769 870 871
336 341 468
336 468 575
797 807 806
797 806 798
321 419 468
422 772 575
307 778 304
307 304 295
295 304 303
295 303 292
292 303 331
292 331 593
593 331 591
593 591 594
812 805 808
812 808 809
307 308 768
307 768 778
306 299 298
306 298 309
309 298 770
309 770 310
320 319 317
320 317 316
313 401 318
313 318 314
499 667 406
412 413 455
501 499 405
413 502 407
469 457 441
506 454 407
455 454 514
734 780 588
754 753 708
709 708 726
709 726 725
709 725 618
539 552 574
530 535 532
471 476 479
763 672 868
672 671 868
685 666 668
684 682 648
577 576 532
534 532 535
576 421 531
403 580 404
441 444 403
444 606 580
457 607 442
412 403 402
503 502 413
351 476 398
479 478 481
398 476 471
872 542 540
872 540 873
864 852 847
864 847 849
861 859 851
861 851 825
635 731 695
743 749 737
631 630 641
753 726 708
437 440 539
725 637 618
409 426 428
410 548 445
488 489 549
448 783 600
573 446 449
491 570 492
570 569 497
569 478 477
476 477 478
478 569 562
569 570 563
570 491 564
486 479 480
415 423 416
422 419 417
422 417 416
751 669 672
672 729 751
559 558 565
559 565 567
496 874 568
496 568 567
498 874 496
495 498 496
541 558 559
559 566 560
781 602 583
582 782 599
873 540 541
873 541 561
875 876 877
875 877 878
879 880 881
879 881 882
880 879 883
880 883 884
885 886 887
885 887 888
876 889 890
876 890 877
891 892 893
891 893 894
895 896 897
895 897 898
899 900 897
899 897 901
902 903 904
905 895 898
905 898 906
885 907 908
885 908 909
886 885 909
886 909 910
330 329 911
330 911 910
888 912 907
888 907 885
332 335 913
332 913 914
329 332 914
329 914 911
335 337 915
335 915 913
916 917 918
916 918 919
920 921 922
920 922 905
923 924 925
923 925 926
924 923 927
924 927 928
906 929 920
906 920 905
930 879 882
930 882 931
922 921 931
922 931 882
923 932 933
923 933 927
933 932 934
933 934 935
935 930 931
935 931 933
931 921 927
931 927 933
936 937 930
936 930 935
938 939 940
938 940 941
942 943 944
942 944 945
883 879 930
883 930 937
368 946 947
368 947 369
947 948 372
947 372 369
374 949 950
374 950 375
378 951 949
378 949 374
952 950 953
952 953 954
383 375 950
383 950 952
950 949 955
950 955 953
956 955 949
956 949 951
957 956 951
957 951 948
958 959 947
958 947 946
960 958 961
960 961 962
957 963 964
957 964 956
939 960 962
939 962 940
934 932 965
934 965 964
926 965 932
926 932 923
963 966 967
963 967 968
969 906 970
969 970 971
954 953 926
954 926 925
964 965 955
964 955 956
953 955 965
953 965 926
972 970 906
972 906 898
973 974 975
976 977 978
979 980 981
979 981 982
983 984 973
985 986 987
985 987 415
988 903 989
988 989 986
415 420 985
903 988 990
422 423 987
990 991 904
990 904 903
992 979 993
994 995 982
996 997 998
996 998 999
1000 1001 1002
1000 1002 1003
1004 1005 1006
1004 1006 1007
1008 1009 1010
1008 1010 1011
980 1012 981
1013 1014 1015
1013 1015 1016
1017 1018 1019
1017 1019 1020
984 1021 1022
983 1023 1021
1024 1008 1011
1025 1026 1027
1025 1027 1028
952 1029 462
952 462 383
900 899 1030
900 1030 1031
970 972 1032
970 1032 1033
903 902 1034
1035 1023 983
971 970 1033
971 1033 1036
999 998 1001
999 1001 1000
1036 1007 1037
1036 1037 971
1029 952 954
1029 954 1038
925 1039 1038
925 1038 954
924 1040 1039
924 1039 925
1040 924 928
1040 928 1041
1041 929 1042
1041 1042 1043
1042 1044 1045
1046 1047 1048
1046 1048 1049
1047 1050 1051
1047 1051 1048
1037 1052 1044
1053 1054 1050
1053 1050 1047
1055 1056 1003
1055 1003 1002
972 900 1031
972 1031 1032
1057 1058 1059
1060 1061 1058
1060 1058 1057
1060 1062 1061
1041 1043 1063
1041 1063 1040
1059 1039 1040
1059 1040 1063
1058 1038 1039
1058 1039 1059
1061 1029 1038
1061 1038 1058
498 462 1029
498 1029 1061
499 976 978
500 1064 1065
500 1065 501
1064 500 505
1064 505 1066
1067 1068 977
1064 973 984
973 1064 1066
973 1066 974
1069 1070 1014
1069 1014 1071
979 992 1013
1072 1023 1035
1072 1035 1073
1021 1023 1074
501 1065 976
1065 977 976
1022 977 984
1067 1022 1075
995 994 1054
995 1054 1053
1002 1050 1055
1002 1051 1050
1001 1076 1051
998 1077 1076
998 1076 1001
997 1078 1077
997 1077 998
1079 1080 1081
1079 1081 1082
1083 1081 1080
1083 1080 1084
1084 1085 1086
1084 1086 1083
1087 1086 1085
1087 1085 1088
1088 1089 1090
1088 1090 1087
1089 1091 1092
1089 1092 1090
1091 1093 1092
1094 1095 1096
1094 1096 537
1094 537 536
1097 1098 1004
1082 1097 1004
1082 1004 1079
1099 1100 1078
1099 1078 997
1101 1099 997
1101 997 996
1041 928 920
1041 920 929
921 920 928
921 928 927
942 1102 1103
942 1103 938
884 883 1104
884 1104 1105
982 981 994
1106 1107 981
1106 981 1108
994 1107 1054
1107 1106 1056
1107 1056 1055
1074 1075 1021
986 985 1109
986 1109 988
1098 1110 1111
1098 1111 1005
1005 1111 1112
1005 1112 1006
1006 1112 1113
1006 1113 1052
1052 1113 1046
1048 1051 1076
1048 1076 1114
1077 1115 1114
1077 1114 1076
1115 1077 1078
1115 1078 1116
1100 1117 1078
1118 1100 1119
1118 1119 1120
1114 1121 1049
1114 1049 1048
1115 1122 1121
1115 1121 1114
1116 1123 1122
1116 1122 1115
1117 1124 1123
1117 1123 1116
1125 568 1126
1125 1126 1118
1044 1046 1049
1045 1049 1121
1127 1121 1122
1128 1122 1123
1057 1123 1124
1057 1124 1060
1060 1124 1126
1060 1126 1062
1052 1037 1007
1052 1007 1006
1127 1063 1043
1128 1059 1063
1129 1069 1071
1129 1071 1130
1131 1132 1130
1131 1130 1071
992 1110 1132
992 1132 1131
993 1111 992
995 1112 1111
995 1111 993
1112 995 1053
1112 1053 1113
1113 1053 1047
1113 1047 1046
989 1034 1133
988 1109 1134
1109 578 1135
1035 1024 1136
1035 983 1008
983 975 1008
1009 975 1137
1138 1139 1140
1069 1129 1141
1069 1141 1142
1143 1144 1145
1143 1145 1146
420 578 1109
420 1109 985
991 990 1091
991 1091 1089
1030 991 1089
1030 1089 1088
1088 1085 1031
1088 1031 1030
1032 1031 1085
1032 1085 1084
1084 1080 1033
1084 1033 1032
1080 1079 1036
1080 1036 1033
1079 1004 1007
1079 1007 1036
991 1030 899
991 899 904
1147 907 912
1147 912 1148
1149 1150 1151
1149 1151 1152
1068 978 977
1020 1153 1154
1020 1154 1017
1135 598 537
1135 537 1096
1096 1093 1135
1093 1091 1134
1013 1016 979
1012 980 1016
1155 1156 1015
1140 1156 1155
1070 1069 1142
1157 1158 1139
1157 1139 1028
1020 1019 1144
1020 1144 1143
1159 1160 1161
1159 1161 1010
1162 1159 1010
1162 1010 1009
1163 1011 1161
1143 1164 1153
1143 1153 1020
1165 1166 1167
1165 1167 1168
1169 1170 1171
1169 1171 1172
1090 1092 1173
1090 1173 1174
1075 1074 1175
1075 1175 1176
1168 1167 622
1168 622 621
623 622 1167
623 1167 1177
1178 1177 1179
1178 1179 1180
1097 1082 1181
1081 1083 1182
1086 1087 1183
1086 1183 1184
1181 1185 1097
1186 1187 1188
536 636 1178
536 1178 1094
1177 1167 1166
1177 1166 1179
1179 1166 1189
1179 1189 1190
1191 1192 1193
1191 1193 1194
1195 1196 1197
1195 1197 1198
1199 1200 1068
1199 1068 1067
1201 1189 1166
1201 1166 1165
1202 1203 1172
1202 1172 1171
1204 1205 1206
1204 1206 1207
1208 1175 1074
1208 1074 1072
1146 1145 1209
1208 1072 1073
1208 1073 1210
1207 1203 1202
1207 1202 1204
1211 1212 1213
1211 1213 1214
1215 1197 1196
1215 1196 1216
1184 1217 1083
1184 1083 1086
1218 668 667
1218 667 978
1183 1087 1090
1183 1090 1174
1219 1220 1221
1219 1221 1222
1176 1199 1067
1176 1067 1075
1187 1129 1130
1187 1130 1188
1200 1218 978
1200 978 1068
1223 1224 1225
1226 1227 1224
1226 1224 1223
1226 1228 1229
1226 1229 1227
1230 1231 1232
1230 1232 1233
1218 1200 1234
1218 1234 1235
1098 1185 1132
1188 1130 1132
1188 1132 1185
1236 1209 1237
1236 1237 1136
1238 1209 1239
1225 1240 1241
1210 1073 1237
1242 1243 1244
1187 1186 1245
1235 1168 621
1235 621 696
1232 1201 1165
1232 1165 1234
1168 1235 1234
1168 1234 1165
1246 1247 1248
1246 1248 1249
1250 1251 1252
1250 1252 1253
1252 1219 1222
1252 1222 1254
1255 1256 1257
1255 1257 1258
1258 1191 1194
1258 1194 1255
1259 1213 1212
1259 1212 1260
1261 1262 1263
1261 1263 1264
1265 1266 1267
1265 1267 1261
1267 1268 1269
1267 1269 1270
1181 1271 1272
1250 1273 1274
1250 1274 1275
1201 1232 1231
1201 1231 1276
1276 1275 1189
1276 1189 1201
1275 1274 1190
1275 1190 1189
1174 1173 1256
1174 1256 1255
1255 1194 1183
1255 1183 1174
1233 1232 1200
1176 1175 1227
1176 1227 1229
1224 1227 1175
1224 1175 1208
1210 1240 1208
1237 1277 1210
1199 1176 1229
1199 1229 1233
1233 1229 1228
1233 1228 1230
1230 1228 1278
1230 1278 1279
1026 1248 1247
1026 1247 1027
1248 1026 1141
1248 1141 1280
1209 1238 1277
1281 1282 1241
1281 1241 1238
1239 1283 1246
1284 1239 1246
1284 1246 1285
1194 1193 1183
1193 1286 1217
1193 1217 1184
1286 1287 1182
1286 1182 1217
1288 1271 1181
1289 1171 1170
1289 1170 1278
1290 1215 1216
1290 1216 1291
1287 1286 1292
1171 1289 1293
1171 1293 1202
1294 1282 1205
1294 1205 1204
1202 1293 1294
1202 1294 1204
1295 1296 1297
1286 1193 1298
1284 1243 1242
1284 1242 1281
1254 1299 1253
1254 1253 1252
1300 1251 1276
1300 1276 1231
1301 1302 1303
1301 1303 1304
1291 1305 1306
1291 1306 1290
1271 1297 1307
1261 1264 1308
1261 1308 1265
1186 1262 1270
1186 1270 1245
1309 1310 1268
1299 1301 1304
1299 1304 1253
1311 1312 1170
1311 1170 1169
1243 1313 1314
1182 1288 1081
1288 1182 1295
1287 1292 1296
1287 1296 1295
1198 1211 1214
1198 1214 1195
1188 1185 1315
1272 1307 1263
1260 1308 1264
1260 1264 1259
1180 1173 1092
1180 1092 1095
1094 1178 1180
1094 1180 1095
1177 1178 636
1177 636 623
1180 1179 1190
1180 1190 1173
1291 1216 1192
1291 1192 1191
1251 1250 1275
1251 1275 1276
1258 1257 1303
1258 1303 1305
1305 1291 1191
1305 1191 1258
1262 1186 1315
1262 1315 1263
1273 1250 1253
1273 1253 1304
1279 1278 1170
1279 1170 1312
1281 1242 1205
1281 1205 1282
1313 1243 1284
1313 1284 1285
1289 1278 1228
1289 1228 1226
1196 1195 1292
1196 1292 1298
1289 1226 1223
1289 1223 1293
1294 1225 1241
1294 1241 1282
1293 1223 1225
1293 1225 1294
1297 1296 1213
1216 1196 1298
1216 1298 1192
1279 1300 1231
1279 1231 1230
1281 1238 1239
1281 1239 1284
1251 1300 1219
1251 1219 1252
1307 1297 1213
1307 1213 1259
1261 1267 1270
1261 1270 1262
1292 1195 1214
1292 1214 1296
1264 1263 1307
1264 1307 1259
1163 1164 1316
1268 1313 1285
1268 1285 1269
1285 1246 1249
1285 1249 1269
892 891 1317
892 1317 919
907 1147 1318
907 1318 908
1319 922 882
1319 882 881
889 891 894
889 894 890
969 971 1037
1320 892 919
1320 919 918
337 772 1133
337 1133 915
917 1034 902
917 902 918
893 892 1320
893 1320 896
1319 893 896
1319 896 895
922 1319 895
922 895 905
901 1320 918
901 918 902
901 897 896
901 896 1320
878 1149 1152
878 1152 875
938 1103 967
938 967 939
773 1321 946
773 946 368
1321 961 958
1321 958 946
960 966 959
960 959 958
960 939 967
960 967 966
943 942 938
943 938 941
1104 883 937
1104 937 1102
1149 878 1105
1149 1105 1322
1322 1323 1150
1322 1150 1149
945 1104 1102
945 1102 942
948 951 378
948 378 372
948 947 959
948 959 957
957 959 966
957 966 963
963 968 934
963 934 964
968 936 935
968 935 934
936 1103 1102
936 1102 937
936 968 967
936 967 1103
1324 1325 1317
1324 1317 1326
886 1324 1326
886 1326 887
1325 916 919
1325 919 1317
878 877 884
878 884 1105
1322 1105 1104
1322 1104 945
945 944 1323
945 1323 1322
880 884 877
880 877 890
929 906 969
988 1134 990
578 598 1135
1109 1135 1134
1035 1136 1073
1236 1136 1316
1161 1011 1010
1142 1141 1026
1142 1026 1025
1280 1245 1249
1280 1249 1248
1280 1141 1129
1280 1129 1187
1249 1245 1270
1249 1270 1269
1071 1014 1131
1315 1185 1272
1205 1242 1244
1205 1244 1206
1181 1272 1185
1028 1027 1327
1028 1327 1157
1328 1140 1139
1025 1028 1139
1025 1139 1138
1027 1247 1283
1027 1283 1327
1158 1019 1018
1158 1018 1328
1145 1144 1157
1145 1157 1327
1157 1144 1019
1157 1019 1158
1209 1145 1283
1329 1155 1070
1329 1142 1025
1329 1025 1138
1015 1330 1016
1015 1014 1070
1015 1070 1155
1164 1143 1146
1160 1154 1153
1160 1153 1161
1161 1153 1164
1161 1164 1163
1316 1164 1146
1316 1146 1236
1316 1136 1024
1013 992 1131
1233 1200 1199
1012 1016 1330
1181 1082 1288
993 979 982
1097 1185 1098
1235 696 668
784 787 1331
784 1331 1332
1333 1334 1335
1333 1335 1336
1335 1337 1338
1335 1338 1336
1339 796 795
1339 795 1340
1341 1332 1331
1341 1331 1342
1343 1341 1342
1343 1342 1344
1344 1338 1337
1344 1337 1343
1345 1346 1347
1348 1349 1350
1348 1350 1351
1352 1353 1354
1352 1354 1355
1356 1346 1345
1334 1345 1347
1357 1358 1359
1360 1361 1362
1360 1362 1363
1364 1365 1366
1361 1367 1362
1357 1366 1368
1357 1368 1369
1370 1371 1363
1370 1363 1362
1363 1371 1372
1363 1372 1373
1366 1374 1375
1366 1375 1368
1376 1377 1378
1376 1378 1379
1380 1381 1382
1380 1382 1383
1384 1380 1383
1385 1382 1386
1385 1386 1387
1385 1383 1382
1377 1388 1389
1377 1389 1390
1377 1376 1388
1367 1391 1392
1392 1393 1370
1392 1370 1362
1381 1394 1386
1381 1386 1382
1390 1395 1378
1390 1378 1377
1396 1392 1391
1394 1397 1398
1394 1398 1386
1386 1398 1399
1386 1399 1387
1390 1389 1400
1390 1400 1401
1401 1402 1395
1401 1395 1390
1369 1403 1404
1369 1404 1357
1363 1405 1406
1363 1406 1407
1395 1369 1368
1395 1368 1378
1368 1375 1379
1368 1379 1378
1372 1371 1380
1372 1380 1384
1371 1370 1381
1371 1381 1380
1370 1393 1394
1370 1394 1381
1393 1408 1397
1393 1397 1394
1363 1373 1405
1357 1409 1366
1357 1359 1409
1404 1410 1411
1404 1411 1358
1404 1358 1357
1305 1303 1302
1305 1302 1306
1311 1412 1312
1220 1279 1312
1277 1238 1241
1182 1083 1217
1271 1288 1295
1295 1182 1287
1295 1297 1271
1298 1193 1192
1237 1073 1136
1074 1023 1072
1208 1240 1224
1225 1224 1240
1237 1209 1277
1246 1283 1247
1163 1316 1024
1210 1277 1240
1271 1307 1272
1272 1263 1315
1081 1288 1082
1186 1188 1315
1213 1296 1214
1239 1209 1283
1070 1142 1329
979 1016 980
1055 1050 1054
1001 1051 1002
994 981 1107
1140 1329 1138
1146 1209 1236
1241 1240 1277
1078 1117 1116
992 1111 1110
1314 1313 1310
1309 1268 1267
1268 1310 1313
1267 1266 1309
1244 1243 1314
909 908 870
909 870 869
910 909 869
910 869 330
910 911 1324
910 1324 886
914 913 916
914 916 1325
911 914 1325
911 1325 1324
913 915 917
913 917 916
989 1133 422
870 908 1318
870 1318 871
915 1133 1034
915 1034 917
1339 1340 1351
1339 1351 1350
903 1034 989
422 1133 772
889 876 887
889 887 1326
876 875 888
876 888 887
875 1152 912
875 912 888
1152 1151 1148
1152 1148 912
1355 1354 1349
1355 1349 1348
1317 891 889
1317 889 1326
890 894 881
890 881 880
894 893 1319
894 1319 881
901 902 904
901 904 899
900 972 898
900 898 897
499 978 667
983 1021 984
501 976 499
984 977 1065
1035 1008 1024
1067 977 1022
1021 1075 1022
1283 1145 1327
1303 1257 1304
1273 1257 1256
1273 1256 1274
1256 1173 1274
1098 1132 1110
1092 1093 1095
1037 1044 1042
1312 1412 1220
1220 1412 1221
1235 668 1218
1234 1200 1232
1135 1093 1134
1096 1095 1093
1134 1091 990
975 974 1137
1008 975 1009
1009 1137 1162
1024 1011 1163
983 973 975
1064 984 1065
929 969 1042
1044 1049 1045
969 1037 1042
1413 1414 1099
1413 1099 1101
1392 1396 1408
1392 1408 1393
1395 1402 1403
1395 1403 1369
1187 1245 1280
1292 1286 1298
1183 1193 1184
1304 1257 1273
1004 1098 1005
1274 1173 1190
982 995 993
981 1012 1108
1054 1107 1055
1015 1156 1330
1131 1014 1013
1057 1059 1128
1128 1063 1127
1127 1043 1045
1042 1045 1043
1045 1121 1127
1127 1122 1128
1128 1123 1057
1052 1046 1044
415 987 423
422 987 986
422 986 989
1300 1220 1219
1220 1300 1279
1118 1126 1124
1118 1124 1117
1062 1126 568
1062 568 874
498 1062 874
1061 1062 498
1100 1118 1117
1118 1120 1125
1328 1139 1158
1140 1155 1329
1414 1119 1100
1414 1100 1099
1415 804 811
1415 811 810
790 789 792
790 792 791
1352 1346 1356
1352 1356 1353
813 865 814
865 821 1416
1366 1409 1364
816 820 817
1360 1363 1407
824 817 847
852 848 847
1362 1367 1392
1396 1391 1417
804 1415 788
1334 1333 1345
260 245 244
260 244 248
271 287 273
271 273 272
821 1418 1416
821 823 1418
1366 1419 1374
1366 1365 1419
