byte offset: 0
first index: 6990
index count: 2184
topology: trianglelist
format: DXGI_FORMAT_R16_UINT

1420 1421 1422
1420 1423 1421
1424 1425 1426
1427 1428 1429
1430 1431 1432
1430 1433 1431
1434 1435 1436
1434 1437 1435
1436 1438 1434
1436 1439 1438
1440 1439 1441
1440 1438 1439
1442 1441 1443
1442 1440 1441
1444 1443 1445
1444 1442 1443
1446 1444 1445
1446 1447 1444
1447 1448 1449
1447 1446 1448
1450 1449 1448
1450 1451 1449
1452 1451 1450
1452 1453 1451
1454 1453 1452
1454 1455 1453
1454 1456 1455
1454 1457 1456
1457 1458 1456
1457 1459 1458
1459 1423 1458
1459 1421 1423
1460 1420 1422
1460 1461 1420
1433 1462 1431
1433 1463 1462
1464 1462 1463
1464 1465 1462
1466 1464 1467
1466 1465 1464
1468 1467 1469
1468 1466 1467
1470 1469 1428
1470 1468 1469
1471 1472 1473
1471 1473 1474
1474 1473 1475
1474 1475 1476
1476 1475 1477
1476 1477 1478
1478 1477 1479
1478 1479 1480
1481 1482 1480
1481 1480 1479
1483 1484 1481
1485 1486 1487
1424 1486 1488
1424 1488 1489
1424 1489 1490
1424 1490 1491
1492 1493 1491
1492 1491 1494
1495 1496 1493
1495 1493 1492
1497 1498 1499
1497 1499 1500
1501 1502 1499
1501 1499 1498
1501 1503 1502
1426 1504 1505
1426 1505 1506
1506 1505 1507
1506 1507 1508
1508 1507 1509
1508 1509 1510
1511 1512 1510
1511 1510 1509
1513 1514 1512
1513 1512 1511
1515 1516 1514
1515 1514 1513
1517 1518 1516
1517 1516 1515
1517 1472 1471
1517 1471 1518
1437 1519 1520
1437 1520 1435
1521 1520 1519
1521 1519 1522
1521 1522 1523
1521 1523 1524
1525 1526 1527
1523 1427 1429
1523 1429 1524
1427 1470 1428
1528 1529 1530
1531 1532 1533
1534 1530 1535
1529 1536 1535
1536 1533 1535
1537 1538 1539
1537 1540 1538
1541 1534 1542
1543 1540 1537
1543 1544 1540
1545 1534 1546
1547 1534 1545
1548 1534 1547
1549 1534 1548
1550 1534 1549
1551 1534 1550
1552 1534 1551
1543 1534 1552
1553 1534 1539
1542 1534 1553
1554 1534 1541
1555 1534 1554
1556 1557 1558
1556 1555 1557
1559 1558 1560
1559 1556 1558
1561 1560 1528
1561 1559 1560
1561 1528 1530
1533 1534 1535
1532 1534 1533
1562 1534 1532
1527 1534 1562
1563 1534 1527
1564 1534 1563
1546 1534 1564
1534 1537 1539
1565 1541 1542
1565 1566 1541
1567 1568 1569
1567 1570 1568
1571 1572 1573
1571 1574 1572
1534 1543 1537
1575 1570 1567
1575 1576 1570
1577 1578 1579
1577 1580 1578
1580 1581 1582
1580 1577 1581
1583 1582 1581
1583 1584 1582
1585 1584 1583
1585 1586 1584
1587 1586 1585
1587 1588 1586
1589 1587 1590
1589 1588 1587
1590 1591 1589
1590 1592 1591
1593 1592 1594
1593 1591 1592
1595 1594 1596
1595 1593 1594
1597 1596 1598
1597 1595 1596
1597 1599 1600
1597 1598 1599
1600 1601 1602
1600 1599 1601
1602 1574 1571
1602 1601 1574
1568 1572 1569
1568 1573 1572
1603 1576 1575
1603 1604 1576
1605 1603 1606
1605 1604 1603
1607 1605 1606
1607 1608 1605
1609 1608 1607
1609 1610 1608
1611 1610 1609
1611 1612 1610
1613 1612 1611
1613 1614 1612
1615 1614 1613
1615 1616 1614
1617 1615 1618
1617 1616 1615
1617 1619 1620
1617 1618 1619
1579 1620 1619
1579 1578 1620
1621 1546 1622
1621 1545 1546
1621 1547 1545
1621 1623 1547
1623 1548 1547
1623 1624 1548
1624 1549 1548
1624 1625 1549
1625 1550 1549
1625 1626 1550
1626 1551 1550
1626 1627 1551
1627 1552 1551
1627 1628 1552
1628 1543 1552
1628 1544 1543
1629 1539 1538
1629 1553 1539
1629 1630 1553
1553 1565 1542
1553 1630 1565
1566 1554 1541
1566 1631 1554
1631 1555 1554
1631 1557 1555
1534 1555 1556
1534 1556 1559
1534 1559 1561
1534 1561 1530
1529 1535 1530
1536 1531 1533
1531 1562 1532
1531 1525 1562
1525 1527 1562
1526 1563 1527
1526 1632 1563
1632 1564 1563
1632 1633 1564
1633 1546 1564
1633 1622 1546
1634 1486 1485
1481 1484 1482
1424 1487 1486
1485 1487 1483
1483 1487 1484
1425 1503 1635
1425 1502 1503
1496 1500 1424
1426 1635 1504
1426 1425 1635
1518 1471 1424
1516 1518 1424
1514 1516 1424
1512 1514 1424
1510 1512 1424
1508 1510 1424
1506 1508 1424
1426 1506 1424
1499 1502 1424
1500 1499 1424
1493 1496 1424
1491 1493 1424
1494 1490 1636
1494 1491 1490
1636 1489 1637
1636 1490 1489
1637 1488 1634
1637 1489 1488
1488 1486 1634
1484 1487 1424
1482 1484 1424
1480 1482 1424
1478 1480 1424
1476 1478 1424
1474 1476 1424
1471 1474 1424
1424 1502 1425
1497 1496 1495
1497 1500 1496
1460 1432 1461
1460 1430 1432
1638 1639 1640
1641 1639 1638
1641 1642 1639
1643 1644 1639
1644 1645 1639
1645 1646 1639
1647 1639 1646
1648 1639 1647
1649 1639 1648
1650 1639 1649
1650 1651 1639
1640 1639 1652
1639 1642 1643
1639 1653 1654
1655 1656 1657
1657 1656 1658
1658 1656 1659
1659 1656 1660
1661 1660 1656
1662 1661 1656
1663 1664 1656
1656 1665 1663
1656 1666 1665
1656 1667 1666
1656 1668 1667
1669 1668 1656
1670 1669 1656
1671 1672 1656
1673 1671 1656
1673 1656 1674
1675 1656 1676
1676 1656 1677
1677 1656 1678
1679 1678 1656
1680 1679 1656
1681 1680 1656
1682 1681 1656
1682 1656 1655
1672 1670 1656
1656 1664 1662
1656 1675 1674
1651 1683 1639
1683 1684 1639
1684 1685 1639
1685 1686 1639
1687 1639 1686
1653 1639 1687
1688 1639 1654
1639 1688 1689
1639 1689 1690
1639 1690 1691
1639 1691 1692
1693 1639 1692
1652 1639 1693
1694 1695 1696
1697 1698 1699
1700 1699 1701
1700 1702 1699
1703 1701 1699
1704 1703 1699
1705 1704 1699
1706 1707 1699
1708 1695 1709
1709 1695 1710
1711 1695 1712
1712 1695 1713
1714 1695 1715
1716 1697 1699
1714 1715 1717
1717 1715 1695
1717 1695 1718
1719 1695 1720
1720 1695 1721
1713 1695 1722
1722 1695 1723
1724 1695 1725
1725 1695 1719
1696 1695 1726
1726 1695 1708
1710 1695 1727
1727 1695 1728
1729 1730 1699
1731 1729 1699
1732 1733 1699
1734 1732 1699
1735 1695 1714
1736 1695 1737
1718 1695 1736
1724 1738 1695
1695 1738 1737
1711 1739 1695
1740 1695 1739
1741 1695 1742
1743 1744 1699
1728 1695 1745
1745 1695 1740
1721 1695 1741
1702 1706 1699
1746 1699 1747
1703 1700 1701
1699 1707 1747
1731 1699 1748
1744 1748 1699
1749 1750 1699
1723 1695 1735
1698 1749 1699
1742 1695 1694
1751 1743 1699
1752 1753 1699
1750 1752 1699
1754 1751 1699
1733 1754 1699
1755 1734 1699
1753 1755 1699
1756 1716 1699
1746 1756 1699
1757 1705 1699
1730 1757 1699
1758 1759 1760
1758 1760 1761
1762 1763 1764
1762 1764 1765
1766 1767 1768
1766 1768 1769
1761 1760 1767
1761 1767 1766
1770 1771 1772
1770 1769 1768
1770 1768 1771
1758 1762 1765
1773 1774 1775
1776 1777 1778
1774 1777 1776
1763 1776 1778
1763 1778 1764
1772 1779 1770
1780 1781 1782
1783 1784 1785
1783 1785 1786
1787 1788 1789
1787 1789 1790
1791 1792 1793
1791 1793 1794
1784 1791 1794
1784 1794 1785
1795 1796 1797
1793 1792 1795
1793 1795 1797
1790 1789 1783
1790 1783 1786
1780 1798 1781
1799 1800 1782
1781 1799 1782
1800 1799 1788
1800 1788 1787
1796 1795 1801
1758 1765 1759
1773 1777 1774
1802 1803 1804
1805 1802 1804
1806 1807 1808
1809 1806 1810
1806 1811 1812
1807 1806 1813
1814 1806 1815
1806 1809 1816
1806 1817 1811
1818 1806 1819
1810 1806 1818
1819 1806 1814
1806 1812 1820
1813 1806 1821
1815 1806 1820
1806 1816 1821
1806 1808 1822
1817 1806 1822
1823 1824 1825
1826 1824 1827
1827 1824 1823
1828 1824 1829
1830 1824 1826
1831 1824 1832
1833 1824 1834
1835 1824 1833
1836 1824 1837
1825 1824 1838
1828 1839 1824
1840 1841 1842
1843 1844 1845
1846 1841 1840
1846 1847 1841
1846 1848 1847
1843 1842 1844
1840 1842 1849
1849 1842 1843
1850 1847 1848
1851 1852 1853
1854 1851 1853
1855 1856 1853
1857 1855 1853
1858 1853 1859
1853 1856 1859
1860 1853 1861
1862 1861 1853
1863 1864 1853
1865 1863 1853
1866 1862 1853
1867 1866 1853
1868 1869 1853
1864 1868 1853
1870 1867 1853
1871 1870 1853
1872 1873 1853
1874 1875 1876
1869 1872 1853
1877 1878 1853
1858 1877 1853
1879 1854 1853
1880 1879 1853
1881 1865 1853
1878 1881 1853
1882 1857 1853
1852 1882 1853
1883 1880 1853
1860 1883 1853
1884 1871 1853
1873 1884 1853
1885 1886 1887
1888 1886 1885
1889 1886 1890
1891 1886 1889
1892 1893 1886
1886 1893 1890
1894 1895 1886
1896 1886 1897
1898 1886 1896
1899 1886 1900
1901 1886 1899
1902 1886 1903
1897 1886 1902
1904 1886 1901
1905 1886 1904
1906 1886 1907
1903 1886 1906
1908 1886 1909
1892 1886 1908
1910 1886 1888
1911 1886 1910
1912 1886 1898
1909 1886 1912
1913 1886 1891
1887 1886 1913
1914 1886 1911
1894 1886 1914
1915 1886 1905
1907 1886 1915
1802 1916 1917
1802 1918 1803
1919 1802 1920
1802 1921 1916
1918 1802 1922
1923 1924 1925
1925 1924 1926
1925 1927 1928
1929 1930 1925
1931 1927 1925
1925 1930 1932
1933 1934 1925
1935 1936 1925
1936 1933 1925
1925 1937 1923
1925 1928 1938
1934 1929 1925
1939 1931 1925
1925 1932 1937
1938 1935 1925
1925 1926 1939
1940 1941 1942
1943 1941 1944
1945 1941 1946
1947 1941 1948
1949 1941 1950
1941 1951 1946
1952 1941 1945
1944 1941 1953
1954 1941 1955
1956 1941 1957
1957 1941 1954
1958 1941 1949
1948 1941 1956
1950 1941 1947
1959 1941 1952
1942 1941 1959
1953 1941 1940
1955 1941 1943
1958 1951 1941
1960 1961 1962
1963 1964 1965
1966 1961 1960
1966 1967 1961
1966 1968 1967
1963 1962 1964
1960 1962 1969
1969 1962 1963
1970 1967 1968
1971 1802 1972
1900 1886 1895
1802 1919 1973
1802 1805 1921
1974 1802 1975
1920 1802 1974
1975 1802 1971
1922 1802 1976
1972 1802 1917
1977 1978 1979
1978 1980 1979
1978 1981 1982
1983 1978 1984
1985 1978 1982
1978 1986 1984
1987 1978 1988
1989 1978 1990
1990 1978 1987
1978 1977 1991
1978 1992 1981
1988 1978 1983
1993 1978 1985
1978 1991 1986
1992 1978 1989
1978 1993 1980
1994 1995 1996
1997 1995 1998
1995 1999 1998
1995 2000 2001
2002 1995 2003
2004 1995 2001
2003 1995 2005
2006 1995 2004
2005 1995 2007
1999 1995 2008
2009 1995 1994
2008 1995 2002
1996 1995 1997
2000 1995 2009
2007 1995 2006
2010 1875 2011
2012 1875 2013
1875 1874 2013
1875 2014 2015
2016 1875 2017
2018 1875 2015
2017 1875 2019
2020 1875 2018
2019 1875 2021
2022 1875 2010
1876 1875 2016
2011 1875 2012
2014 1875 2022
2021 1875 2020
1837 1824 1835
1838 1824 2023
2024 1824 2025
1832 1824 1830
1829 1824 1831
1824 1839 2025
1834 1824 2024
1802 1973 1976
2023 1824 1836
2026 2027 2028
2029 2030 2031
2029 2031 2032
2033 2034 2029
2033 2029 2032
2035 2026 2028
2036 2035 2028
2028 2034 2033
2028 2033 2036
2037 2038 2039
2040 2041 2042
2040 2042 2043
2044 2045 2040
2044 2040 2043
2046 2037 2039
2047 2046 2039
2039 2045 2044
2039 2044 2047
2041 2048 2049
2041 2049 2042
2050 2051 2052
2053 2054 2055
2053 2055 2056
2057 2050 2052
2058 2057 2052
2052 2054 2053
2052 2053 2058
2059 2060 2061
2062 2063 2064
2062 2064 2065
2066 2067 2068
2066 2068 2069
2070 2060 2059
2071 2060 2070
2060 2071 2067
2060 2067 2066
2069 2068 2063
2069 2063 2062
2072 2073 2074
2075 2076 2077
2075 2077 2078
2079 2073 2072
2080 2073 2079
2073 2080 2077
2073 2077 2076
2081 2082 2083
2084 2085 2086
2084 2086 2087
2084 2088 2089
2084 2089 2085
2090 2082 2081
2091 2082 2090
2082 2091 2089
2082 2089 2088
2092 2093 2094
2095 2096 2097
2095 2097 2098
2095 2099 2100
2095 2100 2096
2101 2093 2092
2102 2093 2101
2093 2102 2100
2093 2100 2099
2098 2097 2103
2098 2103 2104
2105 2106 2107
2108 2109 2110
2108 2110 2111
2112 2106 2105
2113 2106 2112
2106 2113 2110
2106 2110 2109
2114 2115 2116
2117 2118 2119
2117 2119 2120
2121 2122 2123
2121 2123 2124
2125 2114 2116
2126 2125 2116
2116 2121 2124
2116 2124 2126
2122 2117 2120
2122 2120 2123
2127 2128 2129
2130 2131 2132
2130 2132 2133
2134 2127 2129
2135 2134 2129
2129 2131 2130
2129 2130 2135
