byte offset: 0
first index: 57612
index count: 1014
topology: trianglelist
format: DXGI_FORMAT_R16_UINT

1913 15481 1914
15482 15483 15484
15482 15484 15485
15486 15487 15488
15486 15488 15489
15487 15490 15491
15487 15491 15488
15490 15492 15493
15490 15493 15491
15482 487 490
15482 490 15481
15485 15494 442
15485 442 487
15485 487 15482
15492 15490 15485
15492 15485 15484
15494 15487 15486
448 15486 15489
448 15489 449
15494 15486 491
15495 15496 15497
15495 15497 15498
15499 15500 15498
15499 15498 15497
15501 15502 15503
15501 15503 15504
15502 15505 15506
15502 15506 15503
15507 15508 15509
15507 15509 15510
15505 15511 15512
15505 15512 15506
15496 15495 15513
15496 15513 15514
15500 15499 15510
15500 15510 15509
499 15501 15504
499 15504 500
15481 490 1911
491 443 15494
471 474 1915
15486 448 491
15490 15487 15494
1913 15483 15482
442 15494 443
15485 15490 15494
1911 490 471
1911 471 1912
1917 15481 1916
1914 15481 1917
471 1915 1912
1916 15481 1911
1916 1911 805
1913 15482 15481
2451 15515 2239
2450 15516 15515
2450 15515 2451
15517 15518 15519
15517 15519 15520
15521 15522 15523
15521 15523 15524
15525 15526 15527
15525 15527 15528
2456 15529 15516
2456 15516 2450
15530 15531 15527
15530 15527 15526
15524 15523 15531
15524 15531 15530
15532 15533 15534
15532 15534 15535
15535 15534 15522
15535 15522 15521
15536 15537 15533
15536 15533 15532
15538 15539 15518
15538 15518 15517
15540 15541 15539
15540 15539 15538
15542 15543 15537
15542 15537 15536
15544 15545 15546
15544 15546 15547
15547 15546 15548
15547 15548 15549
15550 15551 15552
15550 15552 15553
15554 15555 15556
15554 15556 15557
15558 15559 15560
15558 15560 15561
15549 15548 15559
15549 15559 15558
15562 15563 15564
15562 15564 15565
15565 15564 15555
15565 15555 15554
15566 15567 15568
15566 15568 15569
15557 15556 15567
15557 15567 15566
15569 15568 15570
15569 15570 15571
15572 15573 2383
15572 2383 2382
15553 15552 15574
15553 15574 15575
15575 15574 15573
15575 15573 15572
15571 15570 15576
15571 15576 15577
15577 15576 15551
15577 15551 15550
15543 15542 15520
15543 15520 15519
2413 15540 15578
15541 15540 2413
15541 2413 2420
15579 15580 15520
15579 15520 15542
15580 15579 2329
15580 2329 2326
15581 15580 2326
15581 2326 2325
15580 15581 15517
15580 15517 15520
15582 15583 2397
15582 2397 2396
15583 15582 15521
15583 15521 15524
15584 2452 2466
2452 15584 15530
2452 15530 15526
15583 15584 2466
15583 2466 2397
15584 15583 15524
15584 15524 15530
15585 15586 2410
15585 2410 2409
15586 15585 15532
15586 15532 15535
15586 15582 2396
15586 2396 2410
15582 15586 15535
15582 15535 15521
15587 15585 2409
15587 2409 2330
15585 15587 15536
15585 15536 15532
15588 15581 2325
15588 2325 2417
15581 15588 15538
15581 15538 15517
15578 15588 2417
15578 2417 2414
15588 15578 15540
15588 15540 15538
15579 15587 2330
15579 2330 2329
15587 15579 15542
15587 15542 15536
2413 15578 2414
15525 15528 15529
15525 15529 2456
15561 15560 15563
15561 15563 15562
15526 15525 2455
15526 2455 2452
2456 2455 15525
15589 15590 15591
15592 15593 15594
15592 15594 15595
15596 15597 15598
15596 15598 15599
15599 15598 15600
15599 15600 15601
15601 15600 15602
15601 15602 15603
3077 3074 15594
3077 15594 15591
15595 3026 15604
3074 3026 15595
3074 15595 15594
15603 15592 15595
15603 15595 15601
15604 15596 15599
3032 3031 15597
3032 15597 15596
15604 3079 15596
15605 15606 15607
15605 15607 15608
15606 15609 15610
15606 15610 15607
15611 15612 15613
15611 15613 15614
15614 15613 15615
15614 15615 15616
15617 15618 15619
15617 15619 15620
15616 15615 15621
15616 15621 15622
15623 15605 15608
15623 15608 15624
15609 15617 15620
15609 15620 15610
3085 3088 15612
3085 15612 15611
15591 15625 3077
3079 15604 3025
3058 15626 3059
15596 3079 3032
15601 15604 15599
15589 15594 15593
3026 3025 15604
15595 15604 15601
15625 15627 3058
15625 3058 3077
15628 15629 15591
15590 15628 15591
3058 15627 15626
15629 15625 15591
15629 15630 15625
15589 15591 15594
5051 4837 15631
5052 5051 15631
5052 15631 15632
15633 15634 15635
15633 15635 15636
15637 15638 15639
15637 15639 15640
15641 15642 15643
15641 15643 15644
5056 5052 15632
5056 15632 15645
15646 15642 15641
15646 15641 15647
15638 15646 15647
15638 15647 15639
15648 15649 15650
15648 15650 15651
15649 15637 15640
15649 15640 15650
15652 15648 15651
15652 15651 15653
15654 15633 15636
15654 15636 15655
15656 15654 15655
15656 15655 15657
15658 15652 15653
15658 15653 15659
15660 15661 15662
15660 15662 15663
15661 15664 15665
15661 15665 15662
15666 15667 15668
15666 15668 15669
15670 15671 15672
15670 15672 15673
15674 15675 15676
15674 15676 15677
15664 15674 15677
15664 15677 15665
15678 15679 15680
15678 15680 15681
15679 15670 15673
15679 15673 15680
15682 15683 15684
15682 15684 15685
15671 15682 15685
15671 15685 15672
15683 15686 15687
15683 15687 15684
15688 4984 4983
15688 4983 15689
15667 15690 15691
15667 15691 15668
15690 15688 15689
15690 15689 15691
15686 15692 15693
15686 15693 15687
15692 15666 15669
15692 15669 15693
15634 15658 15659
15634 15659 15635
5014 15694 15656
5014 15656 15657
5014 15657 5021
15695 15658 15634
15695 15634 15696
15696 4926 4931
15696 4931 15695
15697 4927 4926
15697 4926 15696
15696 15634 15633
15696 15633 15697
15698 4997 5000
15698 5000 15699
15699 15638 15637
15699 15637 15698
15700 5067 5053
5053 15642 15646
5053 15646 15700
15699 5000 5067
15699 5067 15700
15700 15646 15638
15700 15638 15699
15701 5010 5013
15701 5013 15702
15702 15649 15648
15702 15648 15701
15702 5013 4997
15702 4997 15698
15698 15637 15649
15698 15649 15702
15703 4930 5010
15703 5010 15701
15701 15648 15652
15701 15652 15703
15704 5018 4927
15704 4927 15697
15697 15633 15654
15697 15654 15704
15694 5017 5018
15694 5018 15704
15704 15654 15656
15704 15656 15694
15695 4931 4930
15695 4930 15703
15703 15652 15658
15703 15658 15695
5014 5017 15694
15643 5056 15645
15643 15645 15644
15675 15678 15681
15675 15681 15676
5057 15643 15642
5057 15642 5053
5056 15643 5057
