byte offset: 0
first index: 64878
index count: 168
topology: trianglelist
format: DXGI_FORMAT_R16_UINT

16661 16662 16663
16664 16665 16666
16667 16668 16669
16670 16671 16672
16666 16673 16674
16675 16676 16672
16676 16677 16672
16678 16667 16669
16669 16672 16673
16669 16673 16666
16666 16679 16669
16671 16661 16673
16669 16680 16675
16666 16674 16664
16674 16673 16681
16682 16661 16663
16682 16681 16661
16666 16683 16684
16666 16685 16683
16666 16684 16679
16669 16679 16678
16675 16672 16669
16672 16677 16670
16669 16668 16680
16663 16662 16686
16666 16665 16685
16687 16688 16662
16689 16690 16691
16692 16693 16694
16695 16696 16697
16690 16698 16699
16700 16696 16701
16701 16696 16702
16703 16693 16692
16693 16690 16699
16693 16699 16696
16690 16693 16704
16697 16699 16687
16693 16700 16705
16690 16689 16698
16698 16706 16699
16707 16688 16687
16707 16687 16706
16690 16708 16709
16690 16709 16710
16690 16704 16708
16693 16703 16704
16700 16693 16696
16696 16695 16702
16693 16705 16694
16688 16686 16662
16690 16710 16691
16672 16671 16673
16697 16696 16699
16706 16687 16699
16661 16681 16673
