byte offset: 0
first index: 0
index count: 9933
topology: trianglelist
format: DXGI_FORMAT_R16_UINT

0 1 2
0 2 3
3 2 4
3 4 5
6 7 8
6 8 9
10 11 12
10 12 13
14 15 16
14 16 17
18 19 20
21 22 6
21 6 1
23 24 25
26 27 28
26 28 29
30 31 26
30 26 29
32 33 34
32 34 35
36 37 31
38 39 40
41 42 43
41 43 44
45 46 47
48 49 50
48 50 51
52 53 54
52 54 55
56 57 58
56 58 59
60 59 61
39 38 58
39 58 49
62 63 64
62 64 65
66 67 68
66 68 69
70 71 68
70 68 72
73 74 75
73 75 76
77 76 75
77 75 78
79 73 76
79 76 80
81 80 76
81 76 77
82 83 81
82 81 84
85 86 87
88 89 90
88 90 62
91 63 62
91 62 90
92 93 94
92 94 95
92 95 96
92 96 97
71 98 99
71 99 100
101 98 71
101 71 70
102 103 74
102 74 73
104 102 73
104 73 79
105 79 80
105 80 106
83 106 80
83 80 81
107 108 83
107 83 82
109 110 107
109 107 82
107 110 111
107 111 112
113 89 114
113 114 115
116 117 114
114 89 88
114 88 116
118 119 120
118 120 121
98 101 122
98 122 123
102 124 125
102 125 103
104 126 124
104 124 102
105 127 104
105 104 79
128 129 105
128 105 106
83 108 128
83 128 106
115 128 108
115 108 113
114 117 130
131 132 133
131 133 130
134 135 136
134 136 137
138 139 140
138 140 141
142 143 144
142 144 145
123 122 145
123 145 144
145 146 147
145 147 142
145 122 125
145 125 146
148 147 146
148 146 149
125 124 149
125 149 146
150 148 149
150 149 151
126 151 149
126 149 124
152 151 126
152 126 153
104 127 153
104 153 126
154 155 156
154 156 157
105 129 154
105 154 127
158 156 155
158 155 132
155 159 133
155 133 132
131 160 161
131 161 162
163 158 162
163 162 164
165 143 166
143 142 167
143 167 166
142 147 168
142 168 167
147 148 169
147 169 168
170 171 169
170 169 172
150 172 169
150 169 148
4 170 172
4 172 173
174 173 172
174 172 150
151 152 150
175 174 176
175 176 163
176 157 156
163 176 156
163 156 158
177 178 164
177 164 179
180 181 137
180 137 136
182 183 181
182 181 180
184 185 186
184 186 187
188 165 187
188 187 186
189 184 187
190 166 167
190 167 191
192 191 167
192 167 168
192 171 193
192 193 194
195 193 171
195 171 170
2 195 170
2 170 4
195 2 1
195 1 9
194 193 8
194 8 196
197 196 8
197 8 7
198 199 200
198 200 201
11 202 24
203 204 24
205 194 196
205 196 206
207 208 209
210 211 212
210 212 213
211 210 15
211 15 14
214 215 216
217 218 215
219 220 221
219 221 222
221 223 224
221 224 222
225 226 227
225 227 228
229 230 225
229 225 228
231 232 233
231 233 234
235 236 237
235 237 238
239 240 241
239 241 237
242 241 243
242 243 244
245 230 246
230 229 247
230 247 246
248 249 250
251 252 253
251 253 254
255 256 257
255 257 258
259 260 261
259 261 262
263 264 265
263 265 266
267 268 269
267 269 270
271 272 273
271 273 274
275 236 271
275 271 231
256 272 276
256 276 257
238 277 235
278 279 280
278 280 281
282 283 284
282 284 285
281 280 286
281 286 287
288 289 290
288 290 291
292 293 294
292 294 295
296 19 297
263 298 299
263 299 264
300 20 301
268 302 303
268 303 269
268 304 305
268 305 302
278 306 267
278 267 307
272 256 279
272 279 273
306 278 281
306 281 308
309 289 305
309 305 304
288 300 301
18 295 310
311 312 226
313 314 315
313 315 201
194 205 191
194 191 192
316 317 184
182 185 318
182 318 319
183 182 319
183 319 320
321 322 323
321 323 5
173 321 5
173 5 4
174 175 321
174 321 173
324 325 326
327 328 329
330 331 332
190 191 205
190 205 333
334 335 336
334 336 337
338 334 337
338 337 339
340 341 339
340 339 337
336 342 340
336 340 337
343 344 345
343 345 346
345 347 346
348 349 341
348 341 340
342 350 348
342 348 340
351 352 344
351 344 343
353 354 352
353 352 351
348 355 356
348 356 349
350 357 355
350 355 348
358 359 360
358 360 361
362 363 364
362 364 365
365 364 354
365 354 353
366 367 368
366 368 369
370 369 368
370 368 371
372 373 374
372 374 375
329 373 372
329 372 327
325 376 377
325 377 326
369 370 378
369 378 332
378 330 332
331 366 369
331 369 332
379 380 381
32 35 28
32 28 382
46 45 383
384 385 386
26 387 388
58 57 50
58 50 49
48 389 39
48 39 49
390 391 392
390 392 393
389 48 53
389 53 393
72 68 394
395 36 44
395 44 43
63 91 56
63 56 59
64 63 59
64 59 60
18 300 396
397 246 398
397 398 399
293 292 396
293 396 291
400 401 250
402 403 285
402 285 404
295 18 292
210 213 405
210 405 400
402 406 407
408 409 260
293 410 411
293 411 294
229 412 413
216 414 415
416 220 243
416 243 417
219 397 399
219 399 244
246 418 398
419 420 421
422 421 420
422 420 423
368 367 356
368 356 355
371 368 355
371 355 357
206 196 197
206 197 424
316 425 317
55 54 426
108 107 112
108 112 113
159 115 133
85 87 57
85 57 56
90 112 111
90 111 91
87 426 50
112 90 89
112 89 113
5 323 427
5 427 3
210 400 428
210 428 15
15 428 429
15 429 16
418 254 398
430 431 208
430 208 432
430 199 431
333 316 189
333 189 190
433 434 435
433 435 427
436 437 438
436 438 439
439 438 440
439 440 441
21 436 439
21 439 442
442 439 441
442 441 313
50 426 51
31 443 387
31 387 26
389 444 445
389 445 39
27 388 446
37 36 395
447 44 36
447 36 448
87 449 426
449 450 451
193 195 9
193 9 8
405 401 400
410 290 283
410 283 282
411 452 453
411 453 294
298 303 454
298 454 455
302 305 456
302 456 457
305 289 456
411 410 282
411 282 458
232 274 459
232 459 460
280 279 256
280 256 255
273 279 278
273 278 307
233 232 460
233 460 461
393 53 52
393 52 390
27 446 462
27 462 382
28 27 382
386 34 33
448 463 464
448 464 447
464 463 45
464 45 465
42 41 94
42 94 93
466 467 67
466 67 66
467 468 67
468 469 78
468 78 394
470 84 81
470 81 77
447 464 467
447 467 466
464 465 468
464 468 467
465 47 469
465 469 468
471 472 84
471 84 470
472 109 82
472 82 84
46 473 472
46 472 471
473 474 109
473 109 472
474 86 110
474 110 109
86 85 111
86 111 110
85 56 91
85 91 111
451 426 449
189 187 166
287 284 308
287 308 281
291 290 410
291 410 293
291 396 300
291 300 288
283 290 289
283 289 309
18 396 292
453 310 295
453 295 294
475 452 411
475 411 458
297 299 455
402 407 476
402 476 403
261 260 402
261 402 404
260 409 406
231 234 477
231 477 275
260 406 402
455 454 478
455 478 296
457 456 288
457 288 301
456 289 288
455 299 298
297 455 296
479 318 317
479 317 202
100 69 68
100 68 71
96 100 99
96 99 119
141 99 98
141 98 123
138 141 123
138 123 144
165 138 144
165 144 143
75 74 70
75 70 72
78 75 72
78 72 394
74 103 101
74 101 70
103 125 122
103 122 101
470 469 47
470 47 471
78 469 470
78 470 77
45 47 465
47 46 471
87 50 57
474 480 86
480 449 86
87 86 449
128 115 159
128 159 129
159 155 154
159 154 129
38 40 61
443 31 37
65 88 62
41 44 447
41 447 466
69 95 94
69 94 66
94 41 466
94 466 66
120 119 140
188 136 135
188 135 139
121 120 135
121 135 134
97 96 119
97 119 118
100 96 95
100 95 69
176 174 152
127 154 157
127 157 153
157 176 152
157 152 153
150 152 174
322 321 175
322 175 178
114 133 115
131 130 117
131 117 160
132 131 162
132 162 158
179 164 162
179 162 161
163 164 178
163 178 175
323 322 481
323 481 482
322 178 177
322 177 481
114 130 133
1 0 436
1 436 21
0 435 437
0 437 436
3 427 435
3 435 0
437 435 434
437 434 483
427 323 482
427 482 433
438 437 483
484 17 314
16 314 17
201 200 442
201 442 313
201 315 485
201 485 198
486 431 199
486 199 198
429 487 488
429 488 485
489 487 429
428 490 489
313 441 314
441 440 484
10 13 491
10 491 492
120 140 139
120 139 135
180 186 185
180 185 182
136 188 186
136 186 180
318 185 184
318 184 317
165 188 139
165 139 138
140 119 99
140 99 141
318 479 493
318 493 319
320 319 493
320 493 494
495 492 491
495 491 496
441 484 314
497 498 197
497 197 7
423 499 500
423 500 422
358 500 499
358 499 359
501 502 503
501 503 504
505 506 507
203 508 498
203 498 432
381 363 362
381 362 379
374 503 502
374 502 375
360 377 376
360 376 361
509 510 511
509 511 512
397 219 222
397 222 245
222 224 245
509 311 513
509 513 510
239 514 515
239 515 240
477 514 239
477 239 275
515 415 240
516 409 408
408 260 259
244 399 517
244 517 242
518 519 262
518 262 261
287 286 404
404 286 261
286 280 255
286 255 518
261 286 518
276 272 235
253 520 254
519 258 252
519 252 521
520 253 257
520 257 276
255 258 519
255 519 518
521 248 401
253 252 258
253 258 257
521 401 262
521 262 519
401 405 259
401 259 262
405 213 408
405 408 259
213 212 516
213 516 408
246 247 418
247 413 249
413 490 249
490 428 400
490 400 250
249 248 251
249 251 418
248 521 252
248 252 251
413 412 489
413 489 490
412 487 489
486 209 208
486 208 431
487 228 227
487 227 488
229 228 412
430 432 498
430 498 497
424 197 498
424 498 508
432 208 207
432 207 203
418 251 254
235 277 276
517 399 398
238 242 517
238 517 277
277 517 254
277 254 520
517 398 254
245 246 397
221 220 416
221 416 522
237 236 275
237 275 239
237 241 238
243 241 417
460 459 270
460 270 266
271 274 232
271 232 231
271 236 235
271 235 272
478 20 296
269 303 298
269 298 263
244 243 220
244 220 219
454 303 302
454 302 457
459 274 273
459 273 307
478 454 457
478 457 301
18 20 300
223 221 522
276 277 520
227 226 312
227 312 209
485 315 16
485 16 429
485 488 486
485 486 198
488 227 209
488 209 486
523 225 230
523 230 245
240 415 414
315 314 16
216 215 522
216 522 416
215 218 522
240 414 417
417 414 216
417 216 416
401 248 250
249 490 250
412 228 487
524 425 316
189 166 190
171 192 168
171 168 169
494 493 492
494 492 495
493 479 10
493 10 492
479 202 11
479 11 10
11 24 204
317 425 25
425 524 525
425 525 25
7 6 22
7 22 497
496 491 526
496 526 527
12 11 528
204 203 207
22 200 430
22 21 442
22 442 200
497 22 430
1 6 9
430 200 199
527 526 218
526 512 511
526 511 218
491 13 512
491 512 526
13 12 509
13 509 512
12 528 311
12 311 509
528 207 312
528 312 311
511 510 224
511 224 223
510 513 523
510 523 224
218 511 223
513 226 225
489 429 428
522 218 223
217 215 214
214 216 415
207 209 312
204 207 528
417 241 240
238 241 242
203 24 23
245 224 523
29 28 35
29 35 529
529 35 34
529 34 383
34 46 383
61 59 38
38 59 58
26 388 27
266 265 461
266 461 460
307 267 270
307 270 459
285 284 287
285 287 404
268 267 306
268 306 304
304 306 308
304 308 309
282 285 403
282 403 458
308 284 283
308 283 309
458 403 476
458 476 475
263 266 270
263 270 269
301 20 478
296 20 19
530 531 532
533 534 535
533 535 536
537 538 539
537 539 540
540 539 541
540 541 542
542 541 543
542 543 544
544 543 545
544 545 546
547 548 549
547 549 550
544 546 551
544 551 548
551 552 549
551 549 548
552 551 553
552 553 554
555 556 557
558 559 555
559 558 532
559 532 560
561 562 563
563 562 564
563 553 565
563 565 561
563 566 554
563 554 553
565 567 568
565 568 561
565 546 545
565 545 567
565 553 551
565 551 546
569 570 571
572 571 573
543 574 575
543 575 545
576 574 570
577 578 579
577 579 580
580 579 575
580 575 581
582 581 576
583 584 585
586 587 582
588 587 589
588 589 590
588 590 577
588 577 580
591 592 593
591 594 590
591 590 589
595 596 597
595 597 598
599 600 601
601 602 603
601 600 604
605 606 604
605 604 607
608 609 610
608 610 611
612 534 533
612 533 613
614 612 613
614 613 615
616 533 617
618 619 620
618 620 621
618 622 623
618 623 619
624 625 626
624 626 627
628 629 630
628 630 631
630 629 632
630 632 633
634 635 636
634 636 637
637 638 639
637 639 634
638 637 640
638 640 641
641 642 643
641 643 638
641 644 645
641 645 642
645 646 647
645 647 648
649 647 646
649 646 560
649 650 651
649 651 647
650 649 652
650 652 653
654 650 653
654 653 655
655 603 602
655 602 654
656 605 607
656 607 657
658 659 614
658 614 615
658 615 660
658 660 661
648 661 660
648 660 662
662 660 616
662 616 663
662 642 645
662 645 648
642 662 663
642 663 643
643 664 639
643 639 638
639 664 621
639 621 620
620 665 634
620 634 639
620 619 666
620 666 665
667 666 668
667 668 669
668 666 619
668 619 623
661 648 647
661 647 651
658 661 651
658 651 670
670 651 650
670 650 654
670 671 659
670 659 658
671 670 654
671 654 602
652 649 560
652 560 532
559 560 646
559 646 672
672 646 645
672 645 644
644 673 555
644 555 672
673 640 674
673 644 641
673 641 640
550 675 676
550 676 547
632 676 675
632 675 633
632 537 540
632 540 676
588 580 581
588 581 582
677 594 591
591 589 678
591 678 592
589 587 678
679 680 681
583 682 683
684 568 578
548 547 542
548 542 544
547 676 540
547 540 542
632 629 537
674 556 673
666 667 685
666 685 665
685 635 634
685 634 665
636 686 640
636 640 637
663 617 664
663 664 643
621 536 535
621 535 618
687 688 611
687 611 610
689 690 669
689 669 668
691 622 609
691 609 608
687 656 657
687 657 688
557 530 558
561 568 684
571 570 539
573 571 538
575 574 576
575 576 581
541 570 574
541 574 543
579 578 568
579 568 567
575 579 567
575 567 545
692 578 577
576 682 583
692 577 590
692 590 594
693 692 594
694 587 586
693 684 692
532 558 530
622 618 535
622 535 609
609 535 534
609 534 610
610 534 612
610 612 687
687 612 614
687 614 656
601 695 599
615 613 616
615 616 660
613 533 616
533 536 617
536 621 664
536 664 617
616 617 663
671 606 605
671 605 659
696 623 622
696 622 691
659 605 656
659 656 614
668 623 696
668 696 689
602 601 606
602 606 671
595 697 698
595 698 596
601 603 695
601 604 606
563 564 566
561 684 562
679 699 694
583 586 582
572 573 700
677 591 593
701 702 703
701 703 704
705 706 701
705 701 704
707 703 702
707 702 708
709 710 707
709 707 708
711 712 701
711 701 713
713 701 706
713 706 714
715 712 716
715 716 717
712 718 702
712 702 701
680 719 681
717 720 721
717 721 715
718 712 715
706 722 723
706 723 714
712 711 716
718 715 721
709 724 725
709 725 710
584 726 585
727 728 729
727 729 730
731 732 733
731 733 734
735 734 733
735 733 736
737 735 736
737 736 738
739 737 738
739 738 740
728 739 740
728 740 729
705 741 722
705 722 706
742 718 721
743 744 745
743 745 746
747 746 745
747 745 748
749 750 744
749 744 743
751 750 749
751 749 752
745 753 754
745 754 755
755 756 748
755 748 745
757 758 759
757 759 753
744 760 753
744 753 745
758 757 761
758 761 762
760 757 753
748 756 763
748 763 764
753 759 754
760 761 757
765 766 767
768 769 770
768 770 771
732 731 772
732 772 773
773 772 774
773 774 775
775 774 776
775 776 777
777 776 778
777 778 779
768 779 778
768 778 769
747 748 764
747 764 780
781 760 782
781 761 760
783 784 628
627 785 624
783 786 787
788 789 790
788 790 573
628 784 629
784 791 537
537 629 784
787 786 792
786 793 794
792 786 794
573 790 795
796 797 798
791 799 538
537 791 538
800 801 784
787 802 783
784 801 791
783 800 784
628 786 783
803 796 804
803 804 805
806 807 808
806 808 809
810 811 812
812 811 813
814 806 815
814 815 816
809 797 815
809 815 806
815 797 796
815 796 803
811 817 818
805 804 812
810 817 811
818 819 811
805 813 803
803 813 816
803 816 815
820 807 806
820 806 814
816 813 819
819 813 811
808 821 809
822 823 824
808 807 822
824 823 825
805 812 813
825 826 819
825 819 818
797 809 827
819 826 816
826 814 816
826 820 814
822 828 808
822 824 828
829 830 831
829 832 830
831 762 761
829 831 761
833 832 829
826 823 820
807 820 823
807 823 822
823 826 825
828 821 808
829 761 781
783 802 800
834 596 835
836 837 838
834 839 840
596 698 835
835 593 841
593 835 698
839 842 840
840 843 597
842 843 840
678 694 844
845 846 847
845 847 848
841 592 849
593 592 841
850 835 851
839 834 852
835 841 851
834 835 850
596 834 840
853 854 855
853 855 846
856 857 858
856 858 859
860 861 862
861 863 862
864 865 866
864 866 856
857 856 866
857 866 845
866 853 846
866 846 845
862 867 868
854 861 855
860 862 868
867 862 869
854 853 863
853 866 865
853 865 863
870 864 856
870 856 859
865 869 863
869 862 863
871 858 857
871 857 848
872 873 874
858 872 859
873 875 874
854 863 861
869 876 875
869 875 867
845 848 857
869 865 876
876 865 864
876 864 870
872 858 877
872 877 873
878 879 880
878 880 881
879 721 720
878 721 879
882 878 881
876 870 874
859 872 874
859 874 870
874 875 876
877 858 871
878 742 721
834 850 852
538 788 573
693 594 677
698 883 593
593 883 884
593 884 677
884 885 693
884 693 677
885 562 684
885 684 693
698 697 886
698 886 883
883 886 887
883 887 884
888 889 885
889 564 562
888 884 887
888 885 884
695 603 655
695 655 890
890 655 653
890 653 891
653 652 892
653 892 891
892 652 532
892 532 531
889 562 885
684 578 692
569 571 572
538 571 539
694 586 679
882 893 878
893 894 878
894 742 878
699 895 694
896 897 742
897 898 742
898 899 702
898 702 718
900 901 902
742 898 718
708 899 902
702 899 708
903 709 708
708 902 903
904 905 709
906 907 751
572 908 569
909 910 911
912 709 905
912 724 709
765 767 913
909 751 907
909 750 751
914 908 915
916 572 917
918 782 910
782 919 781
920 921 781
920 781 919
829 922 923
829 923 833
923 924 833
827 809 821
573 795 700
921 922 829
921 829 781
904 709 903
585 586 583
724 912 925
683 914 926
679 927 928
927 929 928
586 927 679
679 681 699
930 931 895
931 694 895
931 844 694
678 844 932
586 585 927
933 584 683
682 576 569
700 795 934
914 682 569
935 893 882
750 911 760
750 760 744
782 911 910
909 911 750
782 760 911
766 765 752
752 765 751
569 908 914
583 683 584
683 682 914
582 576 583
576 570 569
582 587 588
678 587 694
539 570 541
572 700 917
902 899 900
936 937 938
939 940 941
937 936 942
937 942 943
944 945 946
944 946 947
943 942 945
943 945 944
948 949 950
948 950 951
947 946 950
947 950 949
948 951 952
953 954 955
953 955 956
957 958 959
957 959 960
957 960 956
957 956 955
961 962 963
961 964 965
964 957 955
964 963 958
966 967 968
952 969 948
970 971 972
970 973 974
973 961 975
973 972 962
976 977 978
976 978 979
971 970 980
981 982 983
981 983 984
984 983 977
984 977 976
985 980 970
955 954 986
955 986 965
965 986 987
965 987 975
986 988 989
986 989 987
975 987 990
975 990 974
974 990 991
974 991 992
990 993 994
990 994 991
987 989 993
987 993 990
967 995 996
967 996 968
995 997 998
995 998 996
997 940 939
997 939 998
999 1000 1001
999 985 1000
1001 1000 991
1001 991 994
1000 985 992
1000 992 991
979 978 1002
1003 980 999
999 980 985
1004 1005 1006
1004 1007 1008
1004 1008 1009
1009 1008 1010
1009 1010 1011
1011 1010 1012
1011 1012 1013
1013 1012 1014
1013 1014 1015
1016 1017 1018
1019 1020 1011
1019 1011 1013
1021 1022 1023
1021 1023 1024
1025 1026 1027
1025 1027 1005
1020 1028 1026
1020 1026 1025
1029 1030 1021
1029 1021 1024
953 1031 1032
953 1032 1033
1033 1032 1034
1033 1034 1035
1035 1034 1036
1035 1036 1037
1020 1025 1009
1020 1009 1011
1025 1005 1004
1025 1004 1009
1038 1039 1040
1040 1039 1037
1040 1037 1036
1004 1006 1007
1005 1027 1006
1041 1030 1029
1042 1043 1044
1042 1044 1045
1045 1044 1046
1045 1046 1047
1048 1049 1050
1048 1050 1051
1051 1050 1043
1051 1043 1042
1052 1053 1054
1052 1054 1055
1055 1054 1049
1055 1049 1048
1056 1057 1058
1059 1060 1061
1059 1061 1062
1063 1064 1065
1063 1065 1066
1063 1067 1068
1063 1068 1064
1069 1070 1071
1069 1071 1072
1073 1074 1070
1073 1070 1069
1065 1075 1076
1065 1076 1066
1075 1077 1076
1078 1079 1062
1078 1062 1061
1080 1081 1079
1080 1079 1078
1082 1083 1084
1082 1084 1085
1083 1086 1087
1083 1087 1084
1088 1089 1090
1088 1090 1091
1089 1082 1085
1089 1085 1090
1092 1093 1094
1092 1094 1095
1093 1088 1091
1093 1091 1094
948 1096 1097
948 1097 949
1098 1099 1100
1098 1100 1101
1102 1103 1104
949 1097 1105
949 1105 1106
1106 1105 1101
1106 1101 1100
1107 1108 1109
1110 1111 1112
1111 1113 1112
1114 1115 1116
1117 959 958
1117 958 1118
1118 958 1119
1120 1119 1121
1122 1121 1123
1110 1112 1124
1110 1124 1125
1125 1124 1126
1125 1126 1127
1128 1129 1130
1128 1130 1131
1109 1108 1129
1109 1129 1128
1132 1123 1133
1134 1133 1135
1136 1137 1138
1138 1135 1136
1131 1130 1139
1131 1139 1140
1141 1142 1126
1141 1126 1143
1144 1132 1134
1145 1134 1138
1146 1120 1122
1147 1122 1132
1148 1118 1120
1124 1149 1143
1124 1143 1126
1112 1113 1149
1112 1149 1124
1150 1151 1152
1150 1152 1153
1151 1115 1114
1151 1114 1152
1154 1155 1156
1155 1150 1157
1155 1157 1156
1158 1159 1160
1161 1162 1163
1164 1165 1166
1167 1168 1169
1161 1163 1170
1161 1170 1171
1160 1159 1172
1160 1172 1173
1174 1175 1176
1176 1175 1177
1176 1177 1178
1179 1180 1171
1179 1171 1170
1181 1182 1183
1181 1183 1184
1166 1165 1185
1166 1185 1184
1166 1184 1183
1186 1168 1167
1186 1167 1187
1188 1186 1187
1188 1187 1189
1069 1190 1073
1191 1192 1193
1190 1191 1193
1190 1193 1073
1047 1046 1194
1058 1057 1060
1058 1060 1059
1068 1067 1195
1072 1071 1196
1087 1086 1197
1104 1103 1099
1104 1099 1098
1079 1081 1198
1199 1198 1081
1118 1148 1053
1118 1053 1117
948 1200 1096
1022 1016 1018
1022 1018 1023
1015 1019 1013
1201 953 956
1201 956 1202
960 1203 1202
960 1202 956
959 1204 1203
959 1203 960
1015 1014 1205
1201 1206 1031
1201 1031 953
986 1207 988
1019 1028 1020
1208 1209 1210
1211 1212 1213
1209 1208 1214
1209 1214 1215
1216 1217 1218
1216 1218 1219
1215 1214 1217
1215 1217 1216
1220 1221 1222
1220 1222 1223
1219 1218 1221
1219 1221 1220
1223 1222 1224
1225 1226 1227
1225 1227 1228
1229 1230 1231
1229 1231 1232
1229 1227 1226
1229 1226 1230
1233 1234 1235
1233 1236 1237
1234 1237 1227
1234 1229 1232
1238 1239 1240
1224 1222 1241
1242 1243 1244
1242 1245 1246
1243 1246 1236
1243 1233 1247
1248 1249 1250
1248 1250 1251
1252 1253 1254
1255 1256 1257
1255 1257 1258
1256 1248 1251
1256 1251 1257
1259 1245 1242
1227 1237 1260
1237 1261 1260
1262 1263 1264
1236 1265 1261
1246 1245 1266
1265 1266 1267
1261 1268 1263
1240 1239 1269
1240 1269 1270
1270 1269 1271
1270 1271 1272
1272 1271 1211
1272 1211 1213
1273 1274 1275
1273 1275 1259
1274 1266 1275
1275 1245 1259
1249 1276 1250
1253 1273 1254
1273 1259 1254
1277 1278 1279
1277 1280 1281
1277 1281 1282
1280 1283 1284
1280 1284 1281
1283 1285 1286
1283 1286 1284
1285 1287 1288
1285 1288 1286
1289 1290 1291
1292 1285 1283
1292 1283 1293
1294 1295 1296
1294 1296 1297
1298 1279 1299
1298 1299 1300
1293 1298 1300
1293 1300 1301
1302 1295 1294
1302 1294 1303
1225 1304 1305
1225 1305 1306
1304 1307 1308
1304 1308 1305
1307 1309 1310
1307 1310 1308
1293 1283 1280
1293 1280 1298
1298 1280 1277
1298 1277 1279
1311 1312 1313
1312 1310 1309
1312 1309 1313
1277 1282 1278
1279 1278 1299
1314 1302 1303
1315 1316 1317
1315 1317 1318
1316 1319 1320
1316 1320 1317
1321 1322 1323
1321 1323 1324
1322 1315 1318
1322 1318 1323
1325 1326 1327
1325 1327 1328
1326 1321 1324
1326 1324 1327
1329 1330 1331
1332 1333 1334
1332 1334 1335
1336 1337 1338
1336 1338 1339
1336 1339 1340
1336 1340 1341
1342 1343 1344
1342 1344 1345
1346 1342 1345
1346 1345 1347
1338 1337 1348
1338 1348 1349
1349 1348 1350
1351 1334 1333
1351 1333 1352
1353 1351 1352
1353 1352 1354
1355 1356 1357
1355 1357 1358
1358 1357 1359
1358 1359 1360
1361 1362 1363
1361 1363 1364
1364 1363 1356
1364 1356 1355
1365 1366 1367
1365 1367 1368
1368 1367 1362
1368 1362 1361
1222 1221 1369
1222 1369 1370
1371 1372 1373
1371 1373 1374
1375 1376 1377
1221 1378 1379
1221 1379 1369
1378 1373 1372
1378 1372 1379
1380 1381 1382
1383 1384 1385
1385 1384 1386
1387 1388 1389
1390 1391 1392
1390 1392 1393
1391 1394 1395
1394 1396 1395
1397 1398 1399
1383 1400 1401
1383 1401 1384
1400 1402 1403
1400 1403 1401
1404 1405 1406
1404 1406 1407
1381 1404 1407
1381 1407 1382
1398 1408 1409
1408 1410 1411
1388 1410 1389
1410 1388 1411
1412 1406 1405
1412 1405 1413
1414 1415 1403
1414 1403 1416
1416 1403 1417
1418 1419 1408
1419 1389 1410
1324 1420 1397
1420 1418 1398
1327 1324 1394
1401 1403 1415
1401 1415 1421
1384 1401 1421
1384 1421 1386
1418 1422 1423
1418 1423 1419
1419 1423 1387
1419 1387 1389
1324 1424 1420
1420 1424 1422
1420 1422 1418
1425 1426 1427
1428 1429 1430
1431 1432 1433
1428 1430 1434
1428 1435 1436
1428 1436 1429
1426 1437 1438
1426 1438 1427
1439 1440 1441
1440 1442 1443
1440 1443 1441
1444 1436 1435
1444 1435 1445
1446 1447 1448
1446 1448 1449
1432 1447 1450
1432 1450 1433
1432 1448 1447
1451 1435 1428
1451 1428 1434
1452 1445 1435
1452 1435 1451
1342 1346 1453
1454 1455 1456
1453 1346 1455
1453 1455 1454
1319 1457 1320
1330 1332 1335
1330 1335 1331
1340 1458 1341
1343 1459 1344
1359 1460 1360
1376 1371 1374
1376 1374 1377
1352 1461 1354
1462 1354 1461
1391 1390 1328
1391 1328 1327
1222 1370 1241
1297 1296 1290
1297 1290 1289
1287 1285 1292
1463 1464 1226
1463 1226 1225
1230 1226 1464
1230 1464 1465
1231 1230 1465
1231 1465 1466
1287 1467 1288
1260 1264 1468
1292 1293 1301
1469 1470 1471
1472 1473 1474
1472 1474 1475
1466 1465 1476
1466 1476 1477
1465 1464 1478
1465 1478 1476
1479 1480 1481
1479 1481 1482
1480 1483 1484
1480 1484 1481
1481 1484 1485
1481 1485 1486
1482 1481 1486
1482 1486 1487
1485 1484 1488
1485 1488 1489
1484 1483 1490
1484 1490 1488
1488 1490 1491
1488 1491 1492
1489 1488 1492
1489 1492 1493
1478 1464 1463
1478 1463 1494
1495 1496 1497
1498 1499 1496
1498 1496 1495
1487 1486 1500
1487 1500 1501
1486 1485 1502
1486 1502 1500
1503 1502 1485
1503 1485 1489
1504 1503 1489
1504 1489 1493
1501 1500 1505
1501 1505 1506
1500 1502 1507
1500 1507 1505
1505 1507 1508
1505 1508 1509
1506 1505 1509
1506 1509 1510
1508 1507 1511
1508 1511 1512
1507 1502 1503
1507 1503 1511
1511 1503 1504
1511 1504 1513
1512 1511 1513
1512 1513 1514
1515 1516 1517
1518 1515 1512
1518 1512 1514
1515 1517 1508
1515 1508 1512
1508 1517 1519
1508 1519 1509
1509 1519 1520
1509 1520 1510
1517 1516 1521
1517 1521 1519
1519 1521 1520
1522 1496 1523
1522 1523 1524
1522 1525 1496
1526 1496 1527
1527 1496 1525
1497 1496 1526
1528 1529 1521
1528 1521 1530
1530 1521 1516
1530 1516 1531
1532 1531 1516
1532 1516 1515
1532 1515 1518
1532 1518 1533
1534 1535 1536
1534 1536 1537
1535 1325 1328
1535 1328 1536
1538 1390 1393
1538 1393 1466
1539 1538 1466
1539 1466 1477
1539 1540 1541
1539 1541 1537
1540 1542 1543
1540 1543 1541
1542 1544 1545
1542 1545 1543
1542 1540 1479
1542 1479 1482
1544 1542 1482
1544 1482 1487
1540 1539 1477
1540 1477 1479
1544 1546 1547
1544 1547 1545
1548 1546 1501
1548 1501 1506
1549 1548 1506
1549 1506 1510
1550 1551 1520
1550 1520 1529
1550 1552 1551
1549 1551 1553
1546 1548 1554
1546 1554 1547
1548 1549 1553
1548 1553 1554
1552 1550 1555
1552 1555 1556
1546 1544 1487
1546 1487 1501
1551 1549 1510
1551 1510 1520
1557 1558 1559
1557 1559 1560
1560 1559 1366
1560 1366 1365
1561 1562 1558
1561 1558 1557
1563 1564 1565
1563 1565 1566
1566 1565 1562
1566 1562 1561
1567 1568 1569
1567 1569 1570
1570 1569 1571
1570 1571 1572
1572 1571 1564
1572 1564 1563
1573 1574 1568
1573 1568 1567
1575 1576 1577
1575 1577 1578
1579 1580 1445
1579 1445 1452
1581 1580 1579
1536 1538 1539
1536 1539 1537
1328 1390 1538
1328 1538 1536
1541 1582 1534
1541 1534 1537
1543 1583 1582
1543 1582 1541
1545 1584 1583
1545 1583 1543
1547 1585 1584
1547 1584 1545
1586 1587 1588
1586 1588 1553
1554 1589 1585
1554 1585 1547
1553 1588 1589
1553 1589 1554
1555 1550 1529
1555 1529 1528
1475 1474 1590
1476 1480 1479
1476 1479 1477
1478 1483 1480
1478 1480 1476
1483 1478 1494
1483 1494 1490
1591 1491 1490
1591 1490 1494
1592 1444 1445
1592 1445 1580
1593 1594 1595
1596 1597 1598
1596 1598 1599
1597 1593 1595
1597 1595 1598
1600 1596 1599
1600 1599 1601
1600 1601 1602
1600 1602 1603
1604 1605 1606
1604 1606 1607
1604 1607 1608
1609 1605 1604
1609 1604 1608
1609 1608 1610
1611 1612 1613
1611 1613 1614
1614 1613 1615
1614 1615 1616
1617 1611 1614
1617 1614 1618
1618 1614 1616
1618 1616 1619
1620 1616 1621
1620 1621 1622
1623 1620 1622
1623 1622 1624
1623 1625 1626
1623 1626 1627
1625 1628 1629
1625 1629 1626
1623 1627 1630
1623 1630 1620
1623 1624 1631
1623 1631 1625
1625 1631 1632
1625 1632 1628
1633 1634 1635
1635 1634 1636
1637 1634 1633
1637 1633 1638
1630 1619 1616
1630 1616 1620
1639 1640 1641
1628 1632 1642
1628 1642 1629
1639 1643 1644
1639 1644 1640
1644 1643 1637
1644 1637 1638
1645 1646 1647
1648 1649 1647
1648 1647 1646
1650 1649 1651
1650 1651 1652
1650 1652 1653
1650 1653 1654
1655 1654 1653
1655 1653 1656
1657 1658 1607
1657 1607 1606
1658 1659 1612
1658 1612 1607
1660 1661 1662
1662 1657 1606
1663 1657 1662
1663 1662 1664
1664 1662 1661
1657 1663 1665
1657 1665 1658
1658 1665 1666
1658 1666 1659
1667 1636 1668
1667 1668 1669
1670 1636 1671
1649 1672 1647
1672 1649 1650
1672 1650 1673
1636 1674 1668
1675 1676 1677
1677 1676 1678
1679 1680 1681
1679 1681 1682
1683 1684 1685
1683 1685 1686
1687 1688 1689
1687 1689 1690
1634 1691 1692
1691 1683 1686
1691 1686 1692
1687 1690 1681
1687 1681 1680
1685 1684 1693
1694 1695 1696
1694 1696 1697
1697 1696 1698
1699 1700 1701
1702 1703 1700
1702 1700 1699
1634 1704 1636
1608 1607 1612
1608 1612 1611
1610 1608 1611
1610 1611 1617
1705 1706 1707
1705 1707 1708
1709 1706 1705
1708 1707 1710
1708 1710 1711
1711 1710 1712
1713 1714 1715
1713 1715 1716
1713 1716 1717
1718 1719 1720
1718 1720 1721
1718 1722 1719
1723 1724 1725
1723 1725 1726
1727 1728 1729
1727 1729 1730
1728 1721 1720
1728 1720 1729
1731 1717 1716
1731 1716 1732
1733 1734 1735
1733 1735 1736
1734 1727 1730
1734 1730 1735
1733 1736 1737
1738 1660 1605
1739 1740 1741
1739 1741 1742
1743 1742 1741
1743 1741 1744
1741 1617 1618
1741 1618 1744
1738 1745 1746
1746 1745 1740
1746 1740 1739
1745 1609 1610
1745 1610 1740
1738 1605 1745
1747 1748 1737
1749 1750 1619
1749 1619 1751
1752 1748 1747
1752 1747 1753
1754 1750 1749
1754 1749 1755
1756 1757 1758
1756 1758 1759
1760 1761 1762
1760 1762 1763
1761 1764 1762
1759 1758 1765
1759 1765 1766
1767 1768 1769
1767 1769 1770
1771 1772 1773
1771 1773 1774
1773 1772 1775
1773 1775 1776
1770 1769 1777
1770 1777 1778
1768 1767 1779
1768 1779 1780
1781 1782 1724
1781 1724 1723
1780 1783 1717
1780 1717 1731
1780 1779 1784
1780 1784 1783
1785 1786 1777
1768 1787 1788
1768 1788 1769
1789 1790 1791
1789 1791 1792
1771 1774 1790
1771 1790 1789
1763 1762 1736
1762 1747 1737
1774 1773 1735
1774 1735 1730
1773 1776 1735
1793 1794 1758
1793 1758 1795
1794 1755 1765
1791 1720 1719
1791 1719 1796
1796 1719 1722
1783 1784 1797
1783 1797 1798
1798 1797 1714
1799 1796 1722
1792 1791 1796
1792 1796 1799
1783 1798 1713
1783 1713 1717
1798 1714 1713
1791 1790 1729
1791 1729 1720
1790 1774 1730
1790 1730 1729
1749 1751 1766
1749 1766 1765
1753 1747 1764
1755 1749 1765
1800 1801 1802
1801 1803 1804
1801 1804 1802
1805 1806 1807
1805 1807 1808
1809 1806 1805
1810 1811 1812
1810 1812 1813
1814 1815 1816
1814 1816 1817
1818 1819 1820
1821 1822 1823
1821 1823 1824
1825 1826 1827
1825 1827 1828
1829 1830 1831
1829 1831 1832
1833 1834 1835
1833 1835 1836
1837 1838 1839
1837 1839 1840
1837 1840 1841
1837 1841 1842
1838 1843 1839
1844 1845 1846
1847 1848 1849
1850 1849 1845
1850 1845 1844
1847 1851 1852
1847 1852 1848
1851 1853 1854
1851 1854 1852
1842 1833 1855
1842 1855 1856
1857 1858 1853
1857 1853 1851
1859 1860 1861
1860 1862 1863
1860 1863 1861
1825 1828 1862
1825 1862 1860
1864 1865 1866
1864 1866 1867
1868 1869 1870
1868 1870 1871
1872 1873 1874
1872 1874 1875
1876 1877 1878
1876 1878 1879
1880 1881 1882
1880 1882 1883
1884 1885 1886
1884 1886 1887
1888 1873 1811
1888 1811 1810
1884 1887 1818
1811 1873 1872
1811 1872 1889
1873 1888 1890
1873 1890 1874
1891 1892 1893
1891 1893 1894
1822 1868 1823
1895 1809 1805
1814 1896 1897
1814 1897 1808
1898 1899 1900
1898 1900 1901
1902 1800 1903
1904 1905 1906
1907 1908 1909
1907 1909 1910
1899 1898 1911
1899 1911 1803
1902 1801 1800
1912 1913 1914
1914 1913 1915
1914 1915 1916
1917 1918 1919
1917 1919 1920
1921 1917 1920
1812 1922 1923
1812 1923 1924
1925 1926 1927
1925 1927 1928
1929 1930 1931
1929 1931 1932
1933 1934 1935
1933 1935 1931
1936 1934 1937
1936 1937 1938
1939 1940 1941
1883 1882 1942
1883 1942 1943
1944 1945 1946
1944 1946 1947
1948 1949 1950
1951 1878 1952
1951 1952 1953
1920 1954 1921
1955 1956 1957
1958 1959 1960
1955 1961 1962
1955 1962 1956
1919 1928 1953
1963 1964 1965
1966 1967 1968
1966 1968 1969
1969 1968 1970
1969 1970 1971
1972 1973 1967
1972 1967 1966
1972 1974 1975
1972 1975 1973
1976 1977 1978
1979 1980 1981
1979 1981 1982
1983 1984 1985
1986 1987 1988
1986 1988 1989
1990 1991 1992
1993 1994 1995
1993 1995 1985
1996 1997 1998
1996 1998 1999
2000 2001 1997
2000 1997 1996
2002 2003 1994
2002 1994 1993
2002 2004 2005
2002 2005 2006
2006 2005 2007
2006 2007 2008
2002 1993 2009
2002 2009 2004
2002 2006 2010
2002 2010 2003
2006 2008 2011
2006 2011 2010
2012 2013 2014
2012 2014 2015
2000 2012 2015
2000 2015 2001
2016 2017 1977
2016 1977 1976
2018 2019 2017
2018 2017 2016
2009 1993 1985
2009 1985 2020
2021 2022 2023
2024 2025 2026
2027 2028 2029
2024 2030 2025
2021 2023 2031
2021 2031 2032
2033 2034 2019
2033 2019 2018
1523 1496 2035
1982 2036 2037
1984 2020 1985
2038 2039 2040
1978 1977 2041
2042 2043 2044
2042 2045 2043
2042 2046 2047
2042 2047 2045
2047 2048 2049
2047 2049 2045
2050 2051 2052
2047 2046 2053
2047 2053 2054
2054 2053 2055
2054 2055 2056
2057 2056 2055
2057 2055 2058
2059 2060 2061
2059 2061 2062
2063 2064 2057
2063 2057 2058
2065 2059 2066
2059 2065 2067
2059 2067 2068
2059 2068 2060
2064 2069 2070
2064 2070 2057
2047 2054 2071
2047 2071 2048
2054 2056 2072
2054 2072 2071
2057 2070 2072
2057 2072 2056
2045 2073 2074
2045 2074 2043
2043 2074 2075
2043 2075 2044
2076 2077 2078
2076 2078 2079
2080 2081 2077
2080 2077 2076
2082 2083 2084
2083 2079 2078
2083 2078 2084
2085 2044 2075
1473 1470 2086
1470 2087 2086
2088 2089 2090
2091 2092 2093
2091 2093 2094
2095 2096 2094
2097 2098 2099
2097 2099 2100
2101 2102 1499
2101 1499 2103
2100 2099 2104
2100 2104 2105
2097 2106 2107
2097 2107 2098
2102 2035 1496
2102 1496 1499
2108 2109 2110
2108 2111 2109
2111 2112 2113
2111 2113 2114
2108 2115 2111
2115 2116 2112
2115 2112 2111
2112 2117 2118
2112 2118 2113
2117 2119 2120
2117 2120 2118
2116 2121 2117
2116 2117 2112
2121 2122 2119
2121 2119 2117
2123 2124 2125
2123 2125 2126
2123 2126 2120
2123 2120 2119
2127 2128 2129
2127 2129 2130
2130 2129 2131
2130 2131 2132
2124 2123 2128
2130 2132 2133
2130 2133 2134
2135 2123 2119
2135 2119 2122
2136 2137 2138
2136 2138 2139
2137 2140 2138
2141 2142 2143
2136 2144 2145
2136 2145 2137
2137 2145 2140
2146 2133 2147
2125 2148 2149
2125 2149 2150
2148 2151 2152
2148 2152 2149
2153 2154 2155
2153 2155 2156
2157 2153 2156
2157 2156 2158
2155 2154 2159
2160 2161 2162
2151 2163 2152
2163 2151 2133
2163 2133 2164
2163 2165 2166
2167 2163 2166
2168 2169 2170
1692 1704 1634
2171 2172 1704
2171 1704 2173
1204 2174 2175
1204 2175 1203
1203 2175 2176
1203 2176 1202
2177 2178 2179
2177 2179 2180
2180 2179 2181
2180 2181 2182
2179 2183 2184
2179 2184 2181
2178 2185 2183
2178 2183 2179
2184 2186 2187
2184 2187 2181
2181 2187 2188
2181 2188 2182
2187 2189 2190
2187 2190 2188
2186 2191 2189
2186 2189 2187
2176 2192 1201
2176 1201 1202
2185 2193 2194
2185 2194 2183
2183 2194 2195
2183 2195 2184
2196 2186 2184
2196 2184 2195
2197 2191 2186
2197 2186 2196
2193 2198 2199
2193 2199 2194
2194 2199 2200
2194 2200 2195
2199 2201 2202
2199 2202 2200
2198 2203 2201
2198 2201 2199
2202 2204 2205
2202 2205 2200
2200 2205 2196
2200 2196 2195
2205 2206 2197
2205 2197 2196
2204 2207 2206
2204 2206 2205
2208 2209 2210
2211 2207 2204
2211 2204 2208
2209 2208 2204
2209 2204 2202
2202 2201 2212
2202 2212 2209
2201 2203 2213
2201 2213 2212
2209 2212 2214
2209 2214 2210
2212 2213 2214
1670 1674 1636
1528 1530 2214
1528 2214 2215
1530 1531 2210
1530 2210 2214
2210 1531 1532
2210 1532 2208
1532 1533 2211
1532 2211 2208
2216 1667 1669
2217 2218 2219
2217 2219 2220
2220 2219 1053
2220 1053 1052
2221 1204 959
2221 959 1117
2222 2174 1204
2222 1204 2221
2222 2218 2223
2222 2223 2224
2224 2223 2225
2224 2225 2226
2226 2225 2227
2226 2227 2228
2226 2178 2177
2226 2177 2224
2228 2185 2178
2228 2178 2226
2224 2177 2174
2224 2174 2222
2228 2227 2229
2228 2229 2230
2231 2198 2193
2231 2193 2230
2232 2203 2198
2232 2198 2231
2233 2215 2213
2233 2213 2234
2235 2236 2237
2235 2237 2238
2232 2239 2234
2230 2229 2240
2230 2240 2231
2231 2240 2239
2231 2239 2232
1555 2233 2237
1555 2237 1556
2230 2193 2185
2230 2185 2228
2234 2213 2203
2234 2203 2232
2241 2242 2243
2241 2243 2244
2242 1092 1095
2242 1095 2243
2245 2241 2244
2245 2244 2246
2247 2248 2249
2247 2249 2250
2248 2245 2246
2248 2246 2249
2251 2252 2253
2251 2253 2254
2252 2255 2256
2252 2256 2253
2255 2247 2250
2255 2250 2256
2257 2251 2254
2257 2254 2258
2259 2260 2261
2262 1188 1189
2262 1189 2263
2264 2262 2263
2219 2218 2222
2219 2222 2221
1053 2219 2221
1053 2221 1117
2223 2218 2217
2223 2217 2265
2225 2223 2265
2225 2265 2266
2227 2225 2266
2227 2266 2267
2229 2227 2267
2229 2267 2268
2238 2239 2269
2238 2269 2235
2240 2229 2268
2240 2268 2270
2239 2240 2270
2239 2270 2269
1555 1528 2215
1555 2215 2233
2175 2174 2177
2175 2177 2180
2176 2175 2180
2176 2180 2182
2182 2188 2192
2182 2192 2176
2271 2272 1654
2271 1654 1655
1650 1654 2272
1650 2272 1673
1612 1659 1655
1612 1655 1656
1659 1666 2271
1659 2271 1655
1660 1662 1605
1854 1853 1859
2273 1980 1979
2274 2275 2276
2274 2276 2277
1617 1741 1740
1617 1740 1610
2061 2060 2064
2061 2064 2063
2060 2068 2069
2060 2069 2064
1794 1765 1758
2134 2125 2130
2278 2279 2093
2278 2093 2092
2105 2104 2090
2105 2090 2089
2132 2131 2144
2132 2144 2136
2133 2132 2136
2133 2136 2139
2280 2281 2141
2280 2141 2143
2279 2278 2101
2052 2051 2282
2081 2051 2283
2284 2160 2285
2284 2285 2279
2286 1679 1682
2168 2287 2288
2168 2288 2169
2289 1695 1694
1702 2290 1703
2291 2292 2293
1712 1710 2294
1688 2295 1689
1736 1762 1737
1941 1940 2296
2297 2298 1180
2297 1180 1179
2299 2300 2301
2302 2303 2170
1858 1825 1860
1858 1860 1853
1754 1743 1744
1754 1744 1750
1744 1618 1619
1744 1619 1750
1206 1201 2192
1206 2192 2304
1649 1648 2305
1498 1590 1499
2066 2059 2062
1142 2306 1126
2307 2308 2309
1463 1225 1306
1463 1306 2310
1494 1463 2310
1494 2310 1591
1951 2311 2312
1943 1942 2313
1943 2313 2314
1723 1726 2315
1723 2315 2316
2317 2318 2319
2317 2319 1788
1793 2318 1794
2148 2134 2133
2148 2133 2151
1859 1853 1860
1847 1849 1850
1856 1837 1842
2109 2111 2114
1818 1820 1889
1922 1820 1819
1745 1605 1609
1662 1606 1605
1941 2039 1867
1941 1867 1866
2320 2321 2322
1471 1470 1473
1471 1473 1472
2323 2173 1675
2188 2190 2304
2188 2304 2192
1667 1635 1636
2324 1635 1667
1978 2041 2325
1636 1704 2326
1636 2326 1671
1704 2172 2327
1675 2173 1704
1675 1704 1692
2173 2328 2171
1704 2327 2326
948 969 1200
2170 2169 2302
2279 2103 2284
2279 2101 2103
2329 2257 2258
1573 2330 1574
2331 1552 1556
2331 1556 2332
1556 2237 2236
1556 2236 2332
1587 1586 1552
1587 1552 2331
2238 2237 2234
1553 1551 1586
2234 2239 2238
2128 2333 2135
2152 2163 2167
2125 2334 2335
2336 2125 2124
2337 2338 2339
2340 2341 2342
2343 2344 2345
2343 2345 2346
2347 2348 2349
2347 2349 2350
2351 2352 2342
2351 2342 2341
2353 2354 2339
2353 2339 2338
2355 2356 2344
2355 2344 2343
2348 2357 2358
2348 2358 2349
2356 2355 2359
2356 2359 2360
2358 2357 2361
2358 2361 2362
2363 2364 2365
2363 2365 2366
2367 2368 2369
2367 2369 2370
2371 2367 2370
2371 2370 2372
2366 2365 2373
2366 2373 2374
2375 2376 2377
2375 2377 2378
2379 2380 2381
2379 2381 2382
2382 2381 2369
2382 2369 2368
2378 2377 2364
2378 2364 2363
2383 2384 2385
2386 2387 2388
2389 2390 2391
2389 2391 2392
2393 2394 2395
2393 2395 2396
2390 2397 2398
2390 2398 2391
2397 2399 2400
2397 2400 2398
2401 2402 2403
2401 2403 2404
2405 2401 2404
2405 2404 2406
2407 2408 2409
2407 2409 2410
2408 2411 2412
2408 2412 2409
2413 2414 2389
2415 2416 2417
2415 2417 2418
2419 2420 2421
2419 2421 2422
2412 2423 2424
2412 2424 2425
2426 2427 2428
2426 2428 2429
2430 2431 2432
2430 2432 2433
2434 2435 2430
2434 2430 2433
2411 2436 2423
2411 2423 2412
2437 2438 2439
2437 2439 2440
2441 2442 2443
2441 2443 2444
2445 2446 2447
2445 2447 2448
2449 2450 2451
2449 2451 2452
2453 2454 2455
2453 2455 2456
2449 2452 2457
2449 2457 2458
2453 2456 2459
2453 2459 2460
2461 2462 2463
2461 2463 2464
2465 2466 2467
2465 2467 2468
2420 2469 2470
2420 2470 2421
2471 2442 2472
2471 2472 2473
2474 2475 2476
2474 2476 2477
2415 2477 2476
2415 2476 2416
2478 2479 2480
2456 2481 2459
2462 2482 2463
2456 2455 2481
2478 2480 2483
2478 2483 2484
2485 2484 2483
2485 2483 2486
2385 2384 2380
2385 2380 2379
2487 2388 2387
2487 2387 2488
2389 2392 2413
2393 2396 2489
2410 2490 2491
2410 2491 2407
2418 2417 2492
2493 2494 2495
2493 2495 2496
2497 2498 2499
2497 2500 2501
2497 2501 2498
2502 2503 2501
2502 2501 2500
2504 2503 2502
2505 2506 2504
2507 2508 2509
2507 2509 2510
2511 2512 2508
2511 2508 2507
2513 2514 2515
2516 2517 2518
2516 2518 2519
2520 2521 2522
2520 2522 2517
2523 2524 2525
2523 2525 2526
2524 2527 2528
2524 2528 2525
2528 2527 2529
2528 2529 2530
2531 2532 2533
2531 2533 2534
2534 2533 2535
2534 2535 2495
2535 2496 2495
2536 2537 2538
2539 2523 2526
2519 2518 2512
2519 2512 2511
2540 2541 2542
2543 2544 2545
2546 2547 2548
2549 2548 2547
2549 2547 2550
2551 2552 2553
2551 2553 2554
2555 2556 2552
2555 2552 2551
2557 2558 2559
2557 2559 2560
2561 2562 2563
2561 2563 2558
2561 2558 2557
2540 2542 2563
2540 2563 2562
2494 2493 2514
2494 2514 2513
2521 2520 2538
2521 2538 2537
2543 2549 2550
2543 2550 2544
2510 2509 2506
2510 2506 2505
2532 2531 2530
2532 2530 2529
2560 2559 2556
2560 2556 2555
2550 2547 2564
2550 2564 2565
2547 2553 2564
2566 2552 2556
2566 2556 2567
2559 2558 2568
2558 2563 2569
2558 2569 2570
2569 2563 2542
2569 2542 2571
2544 2550 2565
2544 2565 2572
2556 2559 2567
2542 2541 2571
2545 2544 2572
2554 2553 2546
2564 2553 2566
2503 2506 2573
2574 2509 2508
2574 2508 2575
2575 2508 2512
2575 2512 2576
2518 2517 2522
2577 2578 2517
2577 2517 2516
2512 2518 2576
2579 2580 2578
2579 2578 2577
2573 2506 2509
2573 2509 2574
2581 2580 2579
2504 2506 2503
2576 2518 2522
2546 2553 2547
2566 2553 2552
673 556 555
674 640 686
555 557 558
555 559 672
450 449 480
55 426 451
385 2582 474
385 474 473
474 2582 450
474 450 480
34 386 46
46 386 385
46 385 473
51 54 53
51 53 48
389 393 392
389 392 444
426 54 51
386 33 384
2583 2584 2585
2583 2585 2586
2587 2583 2586
2587 2586 2588
2589 2587 2588
2589 2588 2590
2589 2590 2591
2589 2591 2592
2592 2591 2593
2594 2593 2595
2596 2597 2598
2596 2598 2599
2596 2599 2600
2596 2600 2601
2601 2600 2585
2601 2585 2584
2602 2603 2604
2602 2604 2605
2606 2603 2602
2607 2586 2585
2607 2585 2608
2588 2586 2607
2588 2607 2609
2590 2588 2609
2590 2609 2610
2611 2591 2590
2611 2590 2610
2593 2591 2611
2593 2611 2612
2613 2593 2612
2613 2612 2614
2615 2599 2598
2615 2598 2616
2617 2600 2599
2617 2599 2615
2608 2585 2600
2608 2600 2617
2604 2603 2618
2604 2618 2619
2603 2613 2614
2603 2614 2618
2603 2606 2613
2613 2606 2595
2592 2593 2594
2595 2593 2613
2234 2237 2233
1551 1552 1586
30 2620 463
30 463 448
31 30 448
31 448 36
2620 45 463
30 29 529
30 529 2620
529 383 45
529 45 2620
40 39 445
528 11 204
24 202 25
317 25 202
23 25 525
316 184 189
165 166 187
229 413 247
247 249 418
513 225 523
311 226 513
527 218 217
1520 1521 1529
2214 2213 2215
932 849 592
932 592 678
855 847 846
827 798 797
799 788 538
394 68 67
67 468 394
1243 1247 1244
1242 1244 1252
1252 1254 1242
1242 1246 1243
1259 1242 1254
1243 1236 1233
1261 1237 1236
1263 1260 1261
1265 1236 1246
1268 1261 1265
1265 1267 1268
1266 1274 1267
1245 1275 1266
1246 1266 1265
1234 1227 1229
1234 1232 1235
1227 1260 1228
1233 1235 1247
1233 1237 1234
1391 1395 1392
1396 1394 1397
1397 1399 1396
1408 1411 1409
1398 1409 1399
1420 1398 1397
1324 1397 1394
1327 1394 1391
1418 1408 1398
1419 1410 1408
985 970 992
971 980 1003
970 972 973
970 974 992
973 975 974
973 962 961
961 963 964
961 965 975
964 955 965
964 958 957
1118 1119 1120
1120 1121 1122
1122 1123 1132
1132 1133 1134
1134 1135 1138
1145 1138 1137
1144 1134 1145
1147 1132 1144
1146 1122 1147
1148 1120 1146
1911 1810 1813
1911 1813 2621
1817 1816 2622
1898 1888 1810
1898 1810 1911
1901 1890 1888
1901 1888 1898
2623 2624 1908
2623 1908 1907
1924 1923 1916
1924 1916 2625
1918 1925 1928
1918 1928 1919
1957 1950 1949
1957 1949 1955
1953 1952 2626
1953 2626 1919
2627 2628 2629
2627 2629 1932
2621 1804 1803
2621 1803 1911
1814 1808 1807
1814 1807 1815
1808 1897 1895
1808 1895 1805
1903 1900 1899
1903 1899 1902
1910 1909 1904
1910 1904 1906
1902 1899 1803
1902 1803 1801
1916 1915 2625
1919 2630 1954
1919 1954 1920
1960 1957 1956
1960 1956 1958
1956 1962 1958
1884 1872 1875
1884 1875 1885
1876 1879 1882
1876 1882 1881
1818 1889 1872
1818 1872 1884
1879 2312 1942
1879 1942 1882
1942 2312 2311
1942 2311 2313
1889 1820 1812
1889 1812 1811
1820 1922 1812
1822 1821 1819
1822 1819 1818
2631 1880 1883
2631 1883 1939
1887 1886 1869
1887 1869 1868
1822 1887 1868
2314 2632 1936
1939 1883 1943
1939 1943 1940
1940 1943 2314
1940 2314 1936
1827 1824 1823
1827 1823 1828
2038 1864 1867
2038 1867 2039
1871 1870 1863
1871 1863 1862
1823 1871 1862
1823 1862 1828
1818 1887 1822
1823 1868 1871
1776 1775 1760
1776 1760 1763
1778 1777 1757
1778 1757 1756
1777 1793 1795
1777 1786 1793
1736 1776 1763
1735 1776 1736
1762 1764 1747
2568 2558 2570
2567 2559 2568
2346 2345 2354
2346 2354 2353
2347 2350 2352
2347 2352 2351
2452 2451 2454
2452 2454 2453
2460 2457 2452
2460 2452 2453
2464 2468 2467
2464 2467 2461
2485 2486 2633
2485 2633 2634
2635 2465 2447
2635 2447 2446
2442 2449 2458
2442 2458 2443
2450 2449 2442
2450 2442 2471
2469 2634 2633
2469 2633 2636
2371 2372 2362
2371 2362 2361
2374 2373 2360
2374 2360 2359
2419 2422 2637
2419 2637 2638
2444 2428 2427
2444 2427 2441
2448 2432 2431
2448 2431 2445
2639 2640 2473
2639 2473 2472
2638 2637 2641
2638 2641 2642
1971 1970 1965
1971 1965 1964
2008 2007 2030
2008 2030 2024
2026 2011 2008
2026 2008 2024
2029 2014 2013
2029 2013 2027
2032 2031 2034
2032 2034 2033
