byte offset: 0
first index: 16590
index count: 11451
topology: trianglelist
format: DXGI_FORMAT_R16_UINT

4245 4246 4247
4245 4247 4248
4249 4250 4251
4247 4246 4252
4247 4252 4253
4254 4250 4255
4256 4257 4246
4256 4246 4245
4251 4254 4258
4251 4258 4259
4246 4257 4260
4246 4260 4252
4261 4262 4257
4261 4257 4256
4259 4258 4263
4259 4263 4264
4257 4262 4265
4257 4265 4260
4266 4267 4262
4266 4262 4261
4264 4263 4268
4264 4268 4269
4262 4267 4270
4262 4270 4265
4271 4272 4267
4271 4267 4266
4273 4274 4272
4273 4272 4271
4269 4268 4275
4269 4275 4276
4277 4276 4275
4277 4275 4278
4279 4270 4267
4279 4267 4272
4272 4274 4280
4272 4280 4279
4281 4282 4274
4281 4274 4273
4277 4278 4283
4277 4283 4284
4274 4282 4285
4274 4285 4280
4286 4287 4282
4286 4282 4281
4284 4283 4288
4284 4288 4289
4282 4287 4290
4282 4290 4285
4291 4292 4287
4291 4287 4286
4289 4288 4293
4289 4293 4294
4287 4292 4295
4287 4295 4290
4296 4297 4292
4296 4292 4291
4294 4293 4298
4294 4298 4299
4292 4297 4300
4292 4300 4295
4301 4297 4296
4299 4298 4302
4301 4300 4297
4303 4304 4305
4303 4305 4306
4306 4307 4303
4304 4308 4305
4309 4310 4308
4304 4309 4308
4311 4312 4313
4312 4314 4315
4316 4317 4318
4316 4318 4314
4319 4320 4321
4317 4322 4318
4320 4323 4324
4325 4326 4327
4325 4327 4322
4328 4329 4330
4328 4330 4323
4326 4331 4332
4326 4332 4327
4329 4333 4334
4329 4334 4330
4331 4335 4336
4331 4336 4332
4337 4338 4339
4337 4339 4340
4341 4342 4343
4341 4343 4344
4337 4340 4334
4337 4334 4333
4344 4336 4335
4344 4335 4341
4338 4345 4346
4338 4346 4339
4342 4347 4348
4342 4348 4343
4345 4349 4346
4347 4350 4351
4347 4351 4348
4349 4352 4353
4350 4354 4351
4349 4353 4346
4355 4356 4357
4358 4359 4360
4360 4361 4358
4361 4362 4363
4363 4364 4361
4362 4365 4363
4365 4319 4366
4353 4367 4346
4367 4368 4346
4355 4369 4370
4355 4370 4356
4346 4368 4371
4346 4371 4339
4369 4372 4373
4369 4373 4370
4374 4340 4339
4374 4339 4371
4375 4373 4372
4375 4372 4376
4334 4340 4374
4334 4374 4377
4375 4376 4378
4375 4378 4379
4330 4334 4377
4330 4377 4380
4330 4380 4323
4381 4379 4378
4381 4378 4382
4382 4383 4384
4382 4384 4381
4385 4324 4323
4386 4387 4324
4386 4324 4385
4385 4388 4389
4385 4389 4386
4390 4391 4392
4384 4383 4393
4384 4393 4394
4392 4395 4390
4387 4396 4321
4387 4321 4324
4396 4397 4321
4397 4363 4366
4398 4364 4363
4363 4397 4398
4398 4399 4364
4364 4399 4358
4397 4396 4400
4397 4400 4401
4397 4401 4398
4396 4387 4400
4402 4400 4387
4387 4386 4403
4387 4403 4402
4404 4405 4406
4386 4407 4408
4409 4403 4386
4386 4408 4409
4410 4411 4389
4410 4389 4388
4412 4413 4411
4412 4411 4410
4414 4415 4416
4414 4416 4417
4417 4391 4418
4417 4418 4414
4405 4404 4419
4419 4420 4405
4421 4420 4419
4422 4408 4407
4422 4407 4423
4424 4425 4422
4424 4422 4423
4426 4427 4428
4428 4429 4426
4430 4431 4432
4421 4433 4420
4390 4418 4391
4412 4434 4435
4412 4435 4413
4434 4436 4437
4434 4437 4435
4436 4438 4439
4436 4439 4437
4438 4440 4439
4441 4442 4443
4444 4445 4446
4421 4447 4433
4448 4449 4450
4448 4450 4451
4448 4451 4430
4452 4416 4415
4452 4415 4453
4453 4454 4455
4453 4455 4452
4454 4443 4442
4454 4442 4455
4449 4445 4444
4449 4444 4450
4402 4456 4457
4402 4457 4400
4400 4457 4458
4400 4458 4401
4459 4460 4461
4462 4463 4458
4462 4458 4457
4464 4465 4462
4464 4462 4457
4466 4467 4468
4403 4469 4456
4403 4456 4402
4470 4461 4460
4401 4458 4471
4401 4471 4398
4463 4472 4471
4463 4471 4458
4398 4471 4473
4473 4399 4398
4472 4474 4473
4472 4473 4471
4399 4473 4475
4475 4358 4399
4476 4475 4473
4474 4476 4473
4358 4475 4477
4358 4477 4359
4475 4476 4478
4475 4478 4477
4479 4480 4481
4479 4481 4482
4482 4483 4484
4482 4484 4479
4480 4485 4486
4486 4481 4480
4485 4487 4488
4488 4486 4485
4487 4489 4490
4487 4490 4488
4489 4491 4492
4489 4492 4490
4493 4468 4467
4467 4494 4493
4495 4494 4467
4461 4470 4496
4497 4495 4467
4461 4496 4498
4499 4500 4465
4499 4465 4464
4491 4501 4502
4491 4502 4492
4409 4503 4469
4409 4469 4403
4470 4504 4505
4408 4422 4506
4408 4506 4409
4506 4507 4503
4506 4503 4409
4504 4508 4509
4504 4509 4510
4504 4510 4505
4425 4506 4422
4511 4512 4507
4511 4507 4506
4508 4513 4514
4508 4514 4509
4515 4516 4425
4515 4425 4424
4517 4518 4519
4517 4519 4427
4516 4520 4511
4516 4511 4425
4520 4521 4512
4520 4512 4511
4513 4522 4523
4513 4523 4514
4524 4525 4516
4524 4516 4515
4518 4526 4519
4525 4520 4516
4527 4528 4521
4527 4521 4520
4522 4529 4530
4522 4530 4523
4525 4524 4531
4525 4531 4532
4525 4532 4527
4533 4534 4526
4531 4535 4536
4531 4536 4532
4536 4537 4532
4537 4527 4532
4538 4528 4527
4538 4527 4537
4539 4540 4541
4542 4530 4529
4542 4529 4543
4544 4545 4500
4544 4500 4499
4494 4546 4547
4494 4547 4493
4501 4548 4549
4501 4549 4502
4545 4544 4550
4545 4550 4551
4548 4552 4553
4548 4553 4549
4546 4554 4555
4546 4555 4547
4556 4557 4551
4556 4551 4550
4554 4558 4559
4554 4559 4555
4552 4560 4561
4552 4561 4553
4562 4563 4557
4562 4557 4556
4558 4564 4565
4558 4565 4559
4560 4566 4567
4560 4567 4561
4359 4568 4303
4477 4478 4569
4477 4569 4568
4483 4570 4484
4303 4568 4304
4568 4569 4571
4572 4573 4570
4570 4483 4572
4574 4575 4563
4574 4563 4562
4564 4576 4577
4564 4577 4565
4566 4578 4579
4566 4579 4567
4575 4574 4580
4575 4580 4581
4578 4582 4583
4578 4583 4579
4576 4584 4585
4576 4585 4577
4580 4586 4581
4584 4587 4585
4583 4582 4588
4589 4590 4591
4592 4593 4594
4592 4594 4595
4595 4596 4597
4595 4597 4592
4598 4505 4510
4599 4496 4505
4599 4505 4598
4600 4601 4599
4600 4599 4598
4598 4510 4429
4309 4602 4310
4309 4603 4602
4604 4605 4606
4571 4607 4603
4608 4573 4605
4603 4309 4571
4573 4572 4605
4309 4304 4571
4593 4609 4610
4593 4610 4594
4609 4611 4612
4609 4612 4610
4611 4613 4614
4611 4614 4612
4613 4615 4616
4613 4616 4614
4615 4590 4589
4615 4589 4616
4617 4597 4596
4618 4619 4617
4617 4596 4618
4620 4486 4488
4498 4620 4488
4621 4622 4481
4621 4481 4486
4620 4621 4486
4622 4623 4482
4622 4482 4481
4623 4483 4482
4483 4624 4572
4316 4625 4317
4626 4625 4316
4316 4312 4626
4627 4628 4629
4630 4621 4620
4630 4620 4627
4625 4631 4317
4317 4632 4395
4393 4633 4394
4629 4628 4601
4498 4628 4620
4496 4599 4628
4628 4498 4496
4621 4630 4622
4626 4312 4311
4622 4634 4623
4635 4605 4572
4635 4606 4605
4510 4509 4426
4510 4426 4429
4509 4514 4517
4509 4517 4426
4514 4523 4518
4514 4518 4517
4523 4530 4533
4523 4533 4518
4530 4542 4533
4542 4636 4533
4395 4632 4390
4429 4637 4600
4429 4600 4598
4430 4638 4431
4430 4451 4638
4432 4431 4639
4470 4505 4496
4640 4541 4641
4642 4539 4541
4307 4359 4303
4359 4307 4360
4361 4364 4358
4643 4644 4645
4643 4646 4647
4643 4647 4644
4645 4648 4643
4643 4649 4646
4644 4650 4651
4644 4647 4652
4644 4652 4653
4653 4654 4655
4653 4655 4650
4652 4654 4653
4655 4654 4656
4655 4656 4657
4658 4659 4656
4658 4656 4654
4652 4658 4654
4657 4656 4660
4657 4660 4661
4659 4662 4660
4659 4660 4656
4661 4660 4663
4661 4663 4664
4662 4665 4663
4662 4663 4660
4664 4663 4666
4664 4666 4667
4665 4668 4666
4665 4666 4663
4667 4666 4669
4667 4669 4670
4668 4671 4669
4668 4669 4666
4669 4672 4670
4671 4672 4669
4672 4673 4670
4674 4675 4676
4677 4674 4676
4648 4678 4649
4649 4679 4680
4649 4680 4681
4649 4681 4646
4682 4679 4678
4682 4678 4683
4679 4684 4680
4685 4686 4687
4685 4687 4688
4689 4690 4691
4689 4691 4692
4685 4693 4694
4685 4694 4686
4690 4689 4695
4690 4695 4696
4697 4688 4687
4697 4687 4698
4691 4699 4700
4691 4700 4692
4686 4678 4648
4686 4648 4687
4687 4648 4701
4701 4698 4687
4648 4645 4701
4678 4694 4683
4693 4702 4703
4693 4703 4694
4696 4695 4704
4696 4704 4705
4694 4703 4706
4694 4706 4683
4683 4706 4707
4683 4707 4682
4682 4707 4684
4702 4708 4709
4702 4709 4703
4705 4704 4710
4705 4710 4711
4703 4709 4712
4703 4712 4706
4712 4713 4707
4712 4707 4706
4651 4714 4701
4651 4701 4645
4714 4715 4698
4714 4698 4701
4715 4716 4697
4715 4697 4698
4699 4717 4718
4699 4718 4700
4719 4714 4651
4651 4650 4720
4651 4720 4719
4721 4715 4714
4714 4719 4721
4721 4722 4716
4721 4716 4715
4717 4723 4724
4717 4724 4718
4655 4720 4650
4725 4719 4720
4726 4727 4728
4726 4728 4729
4720 4730 4725
4731 4732 4733
4734 4731 4733
4729 4735 4726
4725 4736 4719
4736 4737 4722
4736 4722 4721
4723 4738 4739
4723 4739 4724
4740 4741 4655
4657 4740 4655
4727 4742 4743
4727 4743 4728
4725 4730 4744
4725 4744 4745
4745 4746 4725
4747 4748 4749
4747 4749 4732
4731 4750 4747
4731 4747 4732
4746 4751 4737
4746 4737 4736
4738 4752 4739
4661 4740 4657
4661 4753 4740
4742 4754 4755
4742 4755 4743
4753 4661 4664
4664 4756 4753
4754 4757 4758
4754 4758 4755
4667 4759 4756
4667 4756 4664
4757 4760 4761
4757 4761 4758
4670 4673 4759
4670 4759 4667
4760 4675 4674
4760 4674 4761
4762 4746 4745
4745 4763 4762
4744 4764 4763
4744 4763 4745
4762 4765 4751
4762 4751 4746
4752 4766 4767
4752 4767 4768
4768 4739 4752
4769 4762 4763
4763 4764 4770
4763 4770 4771
4763 4771 4769
4769 4772 4765
4769 4765 4762
4766 4773 4774
4766 4774 4767
4748 4775 4776
4748 4776 4749
4775 4777 4776
4776 4777 4778
4769 4779 4780
4769 4780 4772
4769 4771 4779
4773 4781 4782
4773 4782 4774
4771 4783 4779
4770 4784 4783
4770 4783 4771
4785 4779 4783
4783 4786 4785
4784 4787 4786
4784 4786 4783
4785 4780 4779
4785 4788 4780
4781 4789 4790
4781 4790 4782
4788 4785 4791
4791 4792 4788
4789 4793 4794
4789 4794 4790
4785 4786 4791
4786 4795 4791
4787 4796 4795
4787 4795 4786
4791 4797 4792
4795 4797 4791
4794 4793 4798
4797 4795 4796
4799 4800 4801
4755 4802 4803
4755 4803 4743
4804 4802 4755
4804 4755 4758
4743 4803 4805
4743 4805 4728
4728 4805 4806
4728 4806 4729
4729 4806 4807
4729 4807 4735
4735 4807 4808
4735 4808 4809
4808 4810 4809
4811 4812 4813
4811 4814 4815
4813 4814 4811
4816 4817 4709
4709 4817 4712
4709 4708 4816
4817 4816 4818
4817 4818 4819
4817 4820 4712
4819 4821 4820
4819 4820 4817
4820 4713 4712
4710 4822 4711
4823 4824 4822
4822 4710 4823
4812 4825 4826
4826 4813 4812
4827 4819 4818
4823 4828 4829
4823 4829 4824
4827 4821 4819
4799 4830 4831
4799 4831 4800
4695 4689 4832
4695 4832 4833
4689 4692 4834
4834 4832 4689
4692 4700 4835
4835 4834 4692
4700 4718 4836
4700 4836 4835
4718 4724 4837
4718 4837 4836
4724 4739 4838
4724 4838 4837
4768 4838 4739
4750 4731 4839
4777 4840 4841
4777 4841 4778
4840 4831 4830
4840 4830 4841
4731 4734 4839
4815 4842 4839
4815 4839 4734
4758 4761 4843
4758 4843 4804
4843 4761 4674
4843 4674 4677
4842 4815 4814
4648 4649 4643
4736 4721 4719
4746 4736 4725
4678 4679 4649
4678 4686 4694
4844 4845 4846
4846 4847 4848
4846 4848 4844
4844 4848 4849
4845 4850 4851
4851 4846 4845
4848 4847 4852
4853 4854 4848
4848 4854 4849
4848 4852 4853
4855 4852 4847
4856 4855 4847
4846 4856 4847
4854 4853 4857
4854 4857 4858
4859 4860 4861
4855 4862 4863
4855 4863 4864
4856 4865 4862
4856 4862 4855
4855 4864 4866
4866 4852 4855
4857 4853 4852
4852 4866 4857
4864 4867 4868
4864 4868 4866
4869 4867 4864
4864 4863 4869
4866 4868 4870
4866 4870 4857
4870 4871 4858
4870 4858 4857
4860 4872 4861
4867 4873 4874
4867 4874 4868
4867 4869 4875
4875 4873 4867
4868 4874 4876
4868 4876 4870
4870 4876 4877
4870 4877 4871
4878 4879 4880
4878 4880 4881
4881 4882 4883
4881 4883 4878
4884 4873 4875
4879 4885 4886
4879 4886 4880
4873 4887 4888
4873 4888 4874
4884 4887 4873
4874 4888 4889
4874 4889 4876
4889 4890 4877
4889 4877 4876
4882 4891 4892
4882 4892 4883
4872 4893 4894
4872 4894 4895
4872 4895 4861
4893 4896 4894
4891 4897 4898
4891 4898 4892
4899 4900 4865
4899 4865 4856
4846 4899 4856
4897 4901 4902
4897 4902 4898
4903 4887 4884
4885 4904 4905
4885 4905 4886
4887 4906 4907
4887 4907 4888
4903 4906 4887
4888 4907 4908
4888 4908 4889
4908 4890 4889
4908 4909 4890
4896 4910 4911
4896 4911 4912
4896 4912 4894
4913 4906 4903
4904 4914 4915
4904 4915 4905
4906 4916 4917
4906 4917 4907
4913 4916 4906
4907 4917 4918
4907 4918 4908
4918 4909 4908
4918 4919 4909
4910 4920 4921
4921 4911 4910
4922 4923 4916
4922 4916 4913
4914 4924 4925
4914 4925 4915
4916 4923 4926
4916 4926 4917
4926 4927 4918
4926 4918 4917
4927 4928 4919
4927 4919 4918
4920 4929 4930
4920 4930 4921
4931 4932 4923
4931 4923 4922
4924 4933 4934
4924 4934 4925
4923 4932 4935
4923 4935 4926
4926 4935 4936
4926 4936 4927
4936 4937 4928
4936 4928 4927
4930 4929 4938
4930 4938 4939
4940 4941 4932
4940 4932 4931
4942 4943 4934
4934 4933 4942
4932 4941 4944
4932 4944 4935
4935 4944 4945
4935 4945 4936
4945 4946 4937
4945 4937 4936
4939 4938 4947
4939 4947 4948
4947 4949 4950
4951 4952 4953
4946 4945 4954
4946 4954 4955
4950 4948 4947
4956 4957 4958
4956 4958 4959
4951 4960 4952
4961 4957 4956
4961 4956 4962
4963 4964 4965
4966 4967 4949
4965 4968 4963
4969 4970 4941
4969 4941 4940
4971 4972 4943
4943 4942 4971
4941 4970 4973
4941 4973 4944
4944 4973 4954
4944 4954 4945
4974 4975 4970
4974 4970 4969
4971 4976 4977
4971 4977 4972
4970 4975 4978
4970 4978 4973
4978 4979 4973
4979 4980 4955
4979 4955 4954
4981 4982 4983
4981 4983 4984
4982 4985 4986
4982 4986 4983
4985 4987 4988
4985 4988 4986
4959 4989 4990
4959 4990 4956
4989 4991 4990
4991 4992 4990
4993 4994 4990
4993 4990 4992
4956 4990 4994
4956 4994 4962
4995 4996 4994
4995 4994 4993
4961 4962 4997
4998 4999 4961
5000 4998 4961
4961 4997 5000
4962 4994 4996
4962 4996 4997
4895 4894 5001
5001 4894 4912
5001 4912 5002
4912 4911 5003
4912 5003 5002
5003 4911 4921
5003 4921 5004
5004 4921 4930
5004 4930 5005
5005 4930 4939
5005 4939 5006
4939 4948 5006
4948 4950 5007
4948 5007 5006
4950 5008 5007
4967 5008 4950
5009 5010 5011
5009 5011 5012
5012 5013 5009
5010 5014 5011
5014 5015 5016
5015 5017 5018
5017 5019 5020
5019 5021 5022
5021 5023 5024
5025 5026 5027
5025 5027 5028
4965 5029 4968
5030 5031 4999
5030 4999 5032
4999 4998 5033
4999 5033 5032
4850 5034 4851
4851 4899 4846
5034 4900 4899
4899 4851 5034
4995 5035 5036
5036 4996 4995
5035 5037 5036
5037 5038 5039
5037 5039 5040
5037 5040 5036
5038 5041 5042
5038 5042 5039
5041 5043 5044
5041 5044 5042
5043 5045 5046
5043 5046 5044
5045 5047 5048
5045 5048 5046
5047 5049 5048
5050 5051 5052
5053 5049 5054
5051 5053 5054
5049 5053 5048
5033 4998 5000
5000 5055 5033
5055 5000 5056
5055 5056 5057
5000 4997 5058
5000 5058 5056
4997 4996 5036
4997 5036 5058
5057 5056 5059
5056 5058 5060
5056 5060 5059
5058 5036 5040
5040 5060 5058
5059 5060 5061
5059 5061 5062
5060 5040 5039
5060 5039 5061
5062 5061 5063
5062 5063 5064
5061 5039 5042
5061 5042 5063
5064 5063 5065
5064 5065 5066
5063 5042 5044
5063 5044 5065
5066 5065 5067
5066 5067 5068
5065 5044 5046
5065 5046 5067
5051 5069 5053
5069 5070 5071
5071 5053 5069
5070 5068 5067
5070 5067 5071
5053 5071 5048
5067 5046 5048
5067 5048 5071
4979 4954 4973
5014 5016 5011
5015 5018 5016
5017 5020 5018
5019 5022 5020
5021 5024 5022
5023 5072 5024
5073 5013 5012
4967 4950 4949
5074 5075 5076
5074 5076 5077
5075 5078 5079
5075 5079 5076
5078 5075 5080
5078 5080 5081
5075 5074 5082
5075 5082 5080
5083 5084 5080
5083 5080 5082
5084 5085 5081
5084 5081 5080
5085 5084 5086
5085 5086 5087
5084 5083 5088
5084 5088 5086
5087 5086 5089
5087 5089 5090
5086 5088 5091
5086 5091 5089
5090 5089 5092
5090 5092 5093
5089 5091 5094
5089 5094 5092
5093 5092 5095
5093 5095 5096
5092 5094 5097
5092 5097 5095
5096 5095 5098
5096 5098 5099
5095 5097 5100
5095 5100 5098
5099 5098 5101
5099 5101 5102
5098 5100 5103
5098 5103 5101
5102 5101 5104
5102 5104 5105
5101 5103 5106
5101 5106 5104
5105 5104 5107
5105 5107 5108
5104 5106 5109
5104 5109 5107
5108 5107 5110
5108 5110 5111
5107 5109 5112
5107 5112 5110
5111 5110 5113
5111 5113 5114
5110 5112 5115
5110 5115 5113
5114 5113 5116
5114 5116 5117
5113 5115 5118
5113 5118 5116
5117 5116 5119
5117 5119 5120
5116 5118 5121
5116 5121 5119
5120 5119 5122
5119 5121 5122
5123 5124 5125
5123 5125 5126
5127 5128 5125
5127 5125 5124
5129 5130 5128
5129 5128 5127
5131 5132 5123
5131 5123 5126
5133 5132 5131
5133 5131 5134
5134 5135 5136
5134 5136 5133
5135 5137 5138
5135 5138 5136
5137 5139 5140
5137 5140 5138
5139 5141 5142
5139 5142 5140
5141 5143 5144
5141 5144 5142
5143 5145 5146
5143 5146 5144
5145 5147 5148
5145 5148 5146
5147 5149 5150
5147 5150 5148
5149 5151 5152
5149 5152 5150
5151 5153 5154
5151 5154 5152
5153 5155 5154
5077 5076 5156
5077 5156 5157
5076 5079 5158
5076 5158 5156
5130 5129 5159
5157 5156 5160
5157 5160 5161
5160 5156 5158
5160 5158 5162
5159 5163 5164
5159 5164 5165
5160 5166 5161
5162 5166 5160
5164 5167 5165
5168 5169 5170
5170 5171 5168
5172 5173 5169
5172 5169 5168
5174 5175 5176
5174 5176 5177
5178 5179 5180
5171 5181 5182
5182 5168 5171
5183 5180 5179
5184 5183 5179
5181 5185 5186
5181 5186 5182
5183 5187 5188
5183 5188 5180
5168 5182 5189
5168 5189 5172
5177 5176 5190
5177 5190 5191
5182 5186 5192
5182 5192 5189
5191 5190 5193
5191 5193 5194
5195 5192 5186
5195 5186 5196
5194 5193 5197
5194 5197 5198
5196 5186 5185
5196 5185 5199
5187 5200 5201
5187 5201 5188
5195 5196 5202
5195 5202 5203
5199 5202 5196
5203 5202 5204
5203 5204 5205
5202 5206 5207
5202 5207 5204
5199 5206 5202
5205 5204 5208
5205 5208 5209
5204 5207 5210
5204 5210 5208
5209 5208 5211
5209 5211 5212
5210 5213 5208
5214 5215 5216
5217 5215 5214
5211 5214 5216
5211 5216 5212
5214 5211 5213
5214 5213 5217
5218 5219 5220
5221 5222 5223
5224 5218 5220
5198 5197 5225
5198 5225 5226
5200 5227 5228
5200 5228 5201
5225 5229 5226
5227 5230 5231
5227 5231 5228
5232 5229 5233
5232 5233 5234
5229 5232 5226
5230 5235 5231
5234 5233 5236
5234 5236 5237
5238 5239 5235
5230 5238 5235
5219 5218 5237
5219 5237 5236
5222 5239 5223
5238 5240 5239
5241 5242 5243
5241 5243 5244
5245 5246 5241
5241 5246 5242
5244 5243 5247
5244 5247 5248
5248 5247 5249
5248 5249 5250
5250 5249 5232
5250 5232 5251
5232 5252 5251
5234 5253 5252
5232 5234 5252
5253 5237 5218
5253 5218 5224
5234 5237 5253
5249 5226 5232
5226 5249 5247
5226 5247 5198
5174 5177 5254
5174 5254 5255
5242 5254 5177
5242 5177 5191
5191 5194 5243
5191 5243 5242
5243 5194 5198
5243 5198 5247
5246 5254 5242
5254 5246 5255
5246 5256 5255
5256 5246 5245
5239 5240 5223
5213 5211 5208
5257 5258 5259
5257 5259 5260
5260 5261 5262
5260 5263 5264
5260 5264 5257
5263 5260 5262
5263 5262 5265
5266 5261 5259
5267 5266 5259
5267 5259 5258
5267 5258 5268
5269 5270 5271
5269 5271 5272
5272 5271 5258
5272 5258 5257
5272 5273 5274
5272 5274 5269
5273 5272 5257
5273 5257 5264
5271 5275 5268
5271 5268 5258
5275 5271 5270
5275 5270 5276
5270 5277 5276
5278 5270 5269
5274 5279 5278
5274 5278 5269
5278 5277 5270
5277 5280 5281
5277 5281 5282
5277 5282 5276
5283 5280 5278
5279 5284 5283
5279 5283 5278
5281 5280 5285
5281 5285 5286
5286 5287 5281
5288 5283 5284
5288 5284 5289
5283 5288 5280
5290 5291 5292
5288 5293 5280
5267 5294 5266
5295 5282 5296
5296 5297 5295
5298 5299 5297
5298 5297 5296
5295 5276 5282
5300 5301 5295
5300 5295 5297
5302 5303 5304
5302 5304 5305
5297 5299 5306
5297 5306 5300
5302 5307 5303
5308 5295 5301
5305 5304 5309
5305 5309 5310
5275 5276 5308
5275 5308 5311
5295 5308 5276
5310 5309 5312
5310 5312 5313
5268 5275 5311
5268 5311 5314
5313 5312 5315
5313 5315 5316
5267 5268 5314
5267 5314 5317
5316 5315 5318
5316 5318 5319
5267 5317 5294
5319 5318 5320
5319 5320 5321
5322 5323 5324
5325 5326 5327
5325 5327 5328
5325 5323 5326
5328 5327 5329
5328 5329 5330
5286 5285 5331
5332 5333 5286
5331 5332 5286
5334 5288 5289
5334 5289 5335
5293 5288 5334
5336 5293 5334
5335 5337 5338
5335 5338 5334
5334 5338 5336
5291 5290 5339
5340 5341 5298
5342 5340 5298
5298 5287 5342
5299 5341 5343
5299 5343 5306
5307 5344 5345
5307 5345 5303
5330 5329 5346
5330 5346 5347
5331 5348 5332
5332 5348 5349
5350 5351 5332
5349 5350 5332
5338 5352 5336
5338 5353 5354
5338 5354 5352
5338 5337 5355
5338 5355 5353
5356 5339 5357
5357 5358 5356
5356 5358 5359
5348 5360 5349
5361 5362 5340
5363 5364 5365
5340 5342 5366
5340 5366 5367
5368 5369 5370
5341 5362 5371
5341 5371 5343
5344 5372 5373
5344 5373 5345
5374 5375 5376
5374 5376 5377
5375 5374 5378
5375 5378 5379
5333 5351 5366
5333 5366 5342
5290 5357 5339
5358 5380 5359
5381 5382 5361
5383 5384 5364
5363 5383 5364
5362 5382 5385
5362 5385 5371
5386 5372 5387
5386 5387 5388
5372 5386 5373
5389 5390 5381
5391 5392 5384
5383 5391 5384
5385 5382 5390
5385 5390 5393
5387 5394 5388
5395 5349 5360
5396 5395 5360
5359 5380 5397
5397 5398 5359
5399 5400 5350
5349 5395 5350
5350 5395 5399
5351 5400 5401
5351 5401 5366
5402 5367 5366
5402 5366 5401
5403 5404 5405
5403 5405 5406
5407 5408 5409
5407 5409 5395
5396 5407 5395
5353 5410 5411
5353 5411 5354
5353 5355 5412
5353 5412 5410
5380 5413 5397
5379 5378 5414
5379 5414 5415
5416 5417 5393
5416 5393 5390
5390 5389 5416
5394 5418 5419
5394 5419 5388
5420 5421 5392
5392 5391 5420
5422 5423 5417
5422 5417 5416
5416 5424 5422
5418 5425 5426
5418 5426 5419
5421 5427 5428
5421 5428 5429
5420 5427 5421
5430 5431 5422
5422 5431 5423
5432 5433 5431
5431 5433 5434
5431 5434 5423
5435 5436 5437
5437 5438 5435
5429 5428 5437
5429 5437 5436
5428 5425 5438
5428 5438 5437
5425 5428 5426
5402 5401 5439
5402 5439 5440
5404 5441 5442
5404 5442 5405
5440 5439 5443
5440 5443 5444
5442 5441 5445
5442 5445 5446
5444 5443 5447
5444 5447 5448
5446 5445 5449
5446 5449 5450
5448 5447 5451
5448 5451 5452
5450 5449 5453
5450 5453 5454
5451 5455 5452
5454 5453 5456
5454 5456 5457
5458 5459 5455
5456 5460 5457
5451 5458 5455
5458 5461 5459
5460 5462 5463
5463 5457 5460
5464 5465 5409
5408 5464 5409
5466 5400 5399
5399 5465 5466
5439 5401 5400
5400 5466 5439
5464 5467 5465
5468 5469 5470
5468 5470 5471
5472 5469 5468
5473 5474 5467
5471 5470 5475
5471 5475 5476
5477 5478 5474
5476 5475 5479
5476 5479 5480
5478 5461 5481
5480 5479 5463
5480 5463 5462
5478 5481 5474
5461 5458 5481
5465 5467 5482
5465 5482 5466
5466 5482 5443
5466 5443 5439
5447 5443 5482
5447 5482 5483
5482 5467 5483
5483 5451 5447
5483 5481 5451
5451 5481 5458
5474 5481 5483
5410 5484 5485
5410 5485 5411
5484 5410 5412
5484 5412 5486
5413 5487 5488
5413 5488 5397
5415 5414 5489
5415 5489 5490
5484 5491 5492
5484 5492 5485
5486 5493 5491
5486 5491 5484
5491 5494 5495
5491 5495 5492
5493 5494 5491
5496 5497 5498
5498 5497 5499
5500 5496 5498
5498 5499 5495
5498 5495 5494
5498 5494 5500
5501 5502 5503
5503 5504 5501
5505 5487 5506
5505 5506 5507
5487 5505 5488
5507 5506 5508
5507 5508 5509
5490 5489 5510
5490 5510 5511
5493 5500 5494
5511 5510 5512
5511 5512 5513
5502 5513 5512
5503 5502 5512
5503 5512 5509
5504 5503 5509
5504 5509 5508
5509 5512 5510
5509 5510 5507
5507 5510 5489
5507 5489 5505
5489 5414 5514
5514 5505 5489
5414 5378 5515
5515 5514 5414
5322 5326 5323
5516 5373 5386
5516 5386 5383
5373 5516 5517
5373 5517 5345
5383 5386 5388
5383 5388 5391
5388 5419 5391
5419 5427 5420
5426 5427 5419
5419 5420 5391
5426 5428 5427
5363 5516 5383
5326 5518 5519
5326 5519 5327
5326 5322 5520
5326 5520 5518
5345 5517 5521
5345 5521 5303
5521 5304 5303
5522 5516 5363
5523 5524 5522
5523 5522 5363
5522 5517 5516
5519 5329 5327
5329 5525 5526
5329 5526 5346
5519 5525 5329
5527 5374 5377
5528 5378 5374
5527 5528 5374
5378 5528 5515
5529 5309 5304
5521 5529 5304
5309 5530 5531
5309 5531 5312
5309 5529 5530
5312 5531 5532
5312 5532 5315
5315 5532 5533
5315 5533 5318
5533 5534 5320
5533 5320 5318
5535 5536 5537
5535 5537 5538
5535 5538 5530
5535 5529 5536
5530 5529 5535
5538 5537 5519
5538 5519 5518
5539 5538 5518
5539 5518 5520
5539 5530 5538
5521 5517 5522
5522 5536 5521
5524 5536 5522
5536 5529 5521
5524 5537 5536
5531 5530 5539
5531 5539 5540
5541 5519 5537
5524 5541 5537
5541 5525 5519
5539 5520 5540
5531 5540 5542
5531 5542 5532
5542 5543 5533
5542 5533 5532
5543 5544 5534
5543 5534 5533
5523 5545 5541
5523 5541 5524
5546 5525 5541
5541 5545 5546
5525 5546 5526
5545 5523 5406
5545 5406 5547
5547 5406 5405
5547 5405 5548
5548 5405 5442
5548 5442 5549
5549 5442 5446
5549 5446 5550
5550 5446 5450
5550 5450 5551
5450 5454 5551
5454 5457 5479
5454 5479 5551
5552 5546 5545
5547 5552 5545
5552 5526 5546
5552 5553 5526
5552 5554 5555
5552 5555 5553
5552 5547 5554
5555 5556 5553
5528 5398 5515
5554 5547 5548
5554 5548 5557
5557 5548 5549
5557 5549 5469
5549 5550 5470
5549 5470 5469
5557 5472 5555
5557 5555 5554
5398 5514 5515
5488 5514 5398
5398 5397 5488
5469 5472 5557
5550 5551 5475
5550 5475 5470
5479 5475 5551
5514 5488 5505
5362 5341 5340
5457 5463 5479
5287 5333 5342
5341 5299 5298
5287 5296 5281
5333 5287 5286
5395 5409 5399
5400 5351 5350
5351 5333 5332
5467 5474 5483
5465 5399 5409
5464 5473 5467
5473 5477 5474
5430 5432 5431
5424 5430 5422
5389 5424 5416
5390 5382 5381
5382 5362 5361
2276 2278 5558
2279 5559 2278
2278 5559 5560
5560 5558 2278
5561 5562 5563
5561 5563 5564
5565 5566 5562
5565 5562 5561
5562 5566 5567
5562 5567 5568
5562 5568 5569
5562 5569 5563
5569 5568 5570
5569 5570 5571
5568 5567 5572
5568 5572 5570
5570 5572 5573
5570 5573 5574
5571 5570 5574
5571 5574 5575
5573 5576 5574
5575 5574 5576
5575 5576 5577
5578 5579 5576
5577 5576 5579
5577 5579 5580
5580 5579 5581
5580 5581 5582
5583 5581 5579
5584 5585 5581
5581 5585 5582
5586 5585 5587
5586 5587 5588
5589 5587 5585
5585 5586 5582
5588 5587 5590
5588 5590 5591
5592 5593 5587
5589 5592 5587
5590 5594 5591
5593 5594 5590
5595 5596 5597
5597 5598 5595
5560 5599 5558
5563 5600 5601
5601 5564 5563
5563 5569 5602
5563 5602 5600
5602 5569 5571
5602 5571 5603
5604 5605 5606
5571 5575 5607
5571 5607 5603
5608 5605 5609
5608 5609 5610
5607 5575 5577
5607 5577 5611
5610 5609 5612
5610 5612 5613
5611 5577 5580
5611 5580 5614
5613 5612 5615
5613 5615 5616
5616 5615 5617
5616 5617 5618
5580 5582 5619
5580 5619 5614
5618 5617 5620
5618 5620 5621
5582 5586 5619
5621 5620 5622
5621 5622 5623
5622 5596 5623
5596 5595 5623
5566 5565 5624
5625 5567 5566
5624 5625 5566
5565 5626 5624
5627 5572 5567
5628 5627 5567
5625 5628 5567
5629 5573 5572
5572 5627 5629
5630 5578 5573
5629 5630 5573
5631 5583 5578
5630 5631 5578
5583 5632 5633
5583 5633 5584
5631 5632 5583
5584 5633 5634
5584 5634 5589
5634 5592 5589
5635 5598 5636
5636 5637 5638
5636 5638 5635
5635 5595 5598
5637 5639 5640
5637 5640 5638
5639 5641 5642
5639 5642 5640
5641 5643 5644
5641 5644 5642
5631 5630 5645
5643 5646 5647
5643 5647 5644
5630 5629 5648
5630 5648 5645
5629 5627 5648
5649 5650 5651
5652 5653 5654
5652 5654 5655
5652 5655 5656
5652 5656 5657
5648 5658 5645
5659 5660 5650
5650 5649 5661
5650 5661 5659
5658 5662 5645
5663 5662 5658
5664 5665 5660
5659 5664 5660
5646 5666 5647
5653 5625 5654
5624 5667 5668
5624 5668 5625
5625 5668 5654
5624 5626 5669
5624 5669 5667
5667 5669 5670
5667 5670 5671
5668 5667 5671
5668 5671 5672
5668 5672 5673
5668 5673 5654
5672 5674 5673
5654 5673 5675
5654 5675 5655
5655 5675 5676
5655 5676 5656
5677 5656 5676
5677 5676 5678
5656 5677 5679
5656 5679 5657
5673 5674 5680
5673 5680 5675
5675 5680 5681
5675 5681 5676
5676 5681 5682
5682 5678 5676
5683 5664 5684
5683 5684 5685
5664 5686 5687
5664 5687 5684
5688 5677 5678
5688 5678 5689
5677 5688 5690
5677 5690 5679
5691 5689 5678
5678 5682 5691
5692 5688 5689
5692 5689 5693
5688 5692 5694
5688 5694 5690
5695 5693 5689
5689 5691 5695
5693 5696 5697
5693 5697 5692
5696 5693 5695
5696 5695 5698
5697 5699 5694
5697 5694 5692
5700 5701 5702
5700 5702 5703
5700 5703 5704
5700 5704 5705
5701 5687 5686
5686 5702 5701
5661 5706 5659
5706 5707 5703
5706 5703 5702
5706 5702 5659
5708 5704 5703
5708 5703 5707
5666 5709 5710
5664 5683 5665
5659 5686 5664
5702 5686 5659
5711 5712 5705
5711 5705 5704
5704 5708 5713
5704 5713 5711
5698 5714 5715
5698 5715 5696
5715 5697 5696
5716 5699 5697
5715 5716 5697
5717 5718 5712
5717 5712 5711
5713 5719 5717
5713 5717 5711
5714 5720 5721
5714 5721 5715
5715 5721 5722
5715 5722 5716
5717 5719 5723
5717 5723 5724
5724 5725 5718
5724 5718 5717
5722 5721 5726
5722 5726 5727
5726 5721 5720
5726 5720 5728
5729 5725 5724
5723 5729 5724
5727 5726 5730
5726 5728 5730
5635 5623 5595
5621 5623 5635
5621 5635 5638
5618 5621 5638
5618 5638 5640
5640 5642 5616
5640 5616 5618
5642 5644 5613
5642 5613 5616
5613 5644 5647
5613 5647 5610
5610 5647 5710
5610 5710 5608
5731 5606 5608
5731 5608 5710
5732 5733 5734
5732 5734 5735
5736 5737 5733
5736 5733 5732
5738 5739 5737
5738 5737 5736
5683 5685 5739
5683 5739 5738
5709 5731 5710
5666 5710 5647
5709 5740 5731
5665 5683 5738
5731 5740 5741
5741 5742 5743
5743 5731 5741
5743 5742 5744
5745 2276 5558
5745 2271 2276
5746 5604 5606
5746 5606 5731
5746 5731 5743
5747 5748 5746
5749 5750 5747
5751 5752 5749
5749 5752 5750
5747 5750 5748
5746 5748 5604
5605 5608 5606
5747 5746 5743
5747 5743 5753
5743 5744 5753
5593 5590 5587
5754 5755 5756
5756 5757 5754
5758 5755 5759
5759 5760 5761
5761 5758 5759
5755 5758 5756
5760 5762 5761
5762 5763 5764
5762 5764 5761
5763 5765 5764
5765 5766 5767
5767 5764 5765
5766 5768 5767
5768 5769 5770
5768 5770 5767
5769 5771 5772
5772 5770 5769
5771 5773 5772
5773 5774 5775
5773 5775 5776
5776 5777 5772
5776 5772 5773
5774 5778 5779
5779 5775 5774
5780 5781 5757
5756 5780 5757
5782 5783 5781
5780 5782 5781
5784 5785 5786
5784 5786 5783
5783 5782 5784
5785 5787 5786
5788 5789 5790
5788 5790 5787
5785 5788 5787
5789 5791 5790
5791 5792 5793
5794 5795 5792
5792 5796 5794
5794 5796 5797
5796 5792 5791
5796 5791 5798
5796 5798 5799
5796 5799 5797
5798 5791 5789
5798 5789 5800
5798 5800 5801
5798 5801 5799
5800 5789 5788
5800 5788 5802
5800 5802 5803
5800 5803 5801
5802 5788 5804
5802 5804 5805
5802 5805 5806
5806 5803 5802
5805 5804 5807
5805 5807 5808
5805 5808 5809
5805 5809 5806
5810 5811 5808
5808 5811 5812
5808 5812 5809
5808 5807 5810
5811 5810 5813
5811 5813 5814
5811 5814 5815
5811 5815 5812
5813 5758 5816
5813 5816 5814
5814 5816 5817
5814 5817 5815
5816 5758 5761
5816 5761 5818
5816 5818 5819
5816 5819 5817
5785 5804 5788
5807 5804 5785
5807 5785 5784
5807 5784 5782
5807 5782 5810
5813 5756 5758
5813 5780 5756
5813 5810 5782
5813 5782 5780
5818 5761 5764
5818 5764 5820
5818 5820 5819
5764 5767 5821
5764 5821 5820
5767 5770 5821
5770 5772 5777
5770 5777 5822
5770 5822 5821
5823 5824 5825
5824 5826 5827
5828 5829 5826
5824 5830 5826
5826 5830 5828
5828 5831 5829
5832 5833 5831
5831 5828 5832
5832 5834 5835
5832 5835 5833
5834 5836 5837
5834 5837 5835
5836 5838 5839
5836 5839 5837
5838 5840 5841
5838 5841 5839
5840 5842 5843
5840 5843 5841
5842 5844 5845
5842 5845 5843
5844 5846 5847
5844 5847 5845
5846 5848 5847
5846 5849 5848
5848 5850 5851
5848 5851 5852
5853 5854 5855
5856 5857 5858
5856 5858 5859
5860 5861 5862
5863 5864 5859
5863 5859 5858
5861 5865 5866
5867 5864 5863
5868 5869 5865
5861 5868 5865
5830 5869 5828
5869 5870 5832
5869 5832 5828
5871 5870 5869
5832 5870 5872
5832 5872 5834
5873 5872 5870
5872 5874 5836
5872 5836 5834
5874 5875 5876
5836 5874 5877
5836 5877 5838
5876 5877 5874
5838 5877 5878
5838 5878 5840
5879 5878 5877
5840 5878 5880
5840 5880 5842
5881 5880 5878
5842 5880 5882
5842 5882 5844
5883 5882 5880
5844 5882 5849
5844 5849 5846
5884 5849 5882
5885 5886 5887
5885 5888 5889
5885 5889 5886
5888 5890 5891
5888 5891 5889
5890 5892 5893
5890 5893 5891
5892 5894 5895
5892 5895 5893
5886 5889 5896
5886 5896 5897
5891 5898 5896
5891 5896 5889
5893 5899 5891
5895 5900 5893
5886 5897 5901
5886 5901 5887
5900 5899 5893
5899 5898 5891
5895 5902 5903
5895 5903 5900
5902 5895 5894
5902 5894 5904
5905 5906 5903
5905 5903 5902
5905 5902 5904
5905 5904 5907
5908 5909 5906
5908 5906 5905
5908 5907 5910
5908 5905 5907
5911 5912 5909
5911 5909 5908
5913 5914 5912
5913 5912 5911
5915 5914 5913
5916 5854 5853
5916 5917 5854
5917 5918 5919
5917 5919 5920
5918 5917 5916
5921 5920 5919
5922 5921 5919
5923 5922 5919
5923 5919 5918
5918 5924 5923
5916 5853 5925
5853 5926 5925
5927 5928 5929
5925 5926 5930
5926 5915 5930
5930 5915 5931
5931 5911 5932
5932 5911 5910
5911 5908 5910
5931 5913 5911
5915 5913 5931
5933 5934 5935
5933 5935 5936
5937 5933 5936
5937 5936 5938
5939 5937 5938
5939 5938 5940
5929 5939 5940
5929 5940 5927
5916 5925 5941
5941 5924 5916
5929 5928 5942
5942 5928 5943
5918 5916 5924
5944 5941 5930
5941 5925 5930
5931 5945 5944
5931 5944 5930
5946 5947 5935
5946 5935 5934
5932 5948 5945
5932 5945 5931
5949 5950 5948
5949 5948 5932
5951 5952 5949
5953 5954 5951
5954 5952 5951
5949 5932 5910
5951 5949 5907
5949 5910 5907
5904 5953 5951
5951 5907 5904
5953 5904 5955
5904 5894 5955
5955 5894 5892
5952 5950 5949
5824 5827 5825
5861 5866 5862
5792 5795 5793
5791 5793 5790
5848 5849 5850
5884 5850 5849
5883 5884 5882
5881 5883 5880
5879 5881 5878
5876 5879 5877
5874 5872 5875
5873 5875 5872
5871 5873 5870
5868 5871 5869
5956 2743 5957
2743 5956 5958
5958 2741 2743
5959 5960 5958
5959 5958 5956
5960 5959 5961
5960 5961 5962
5963 5962 5961
5961 5964 5963
5962 5963 5965
5962 5965 5966
5960 5962 5966
5960 5966 5967
2765 5968 5969
2765 5969 2766
5970 5971 5963
5970 5963 5964
5963 5971 5972
5963 5972 5965
5966 5973 5974
5966 5974 5967
5965 5973 5966
5967 5975 5960
5967 5974 5976
5967 5976 5975
5975 2741 5958
5977 2741 5975
5975 5958 5960
5976 5977 5975
5976 5978 5977
5978 5976 5979
5979 5980 5978
5979 5976 5974
5979 5974 5981
5981 5974 5973
5981 5973 5982
5983 5982 5973
5965 5983 5973
5982 5984 5985
5982 5985 5981
5982 5986 5987
5987 5988 5982
5981 5985 5989
5981 5989 5979
5989 5990 5980
5989 5980 5979
5985 5984 5991
5985 5991 5992
5993 5994 5995
5996 5997 5992
5996 5992 5991
5985 5992 5998
5985 5998 5989
5992 5997 5999
5992 5999 5998
6000 5990 5989
6000 5989 5998
6000 5998 5999
6000 5999 6001
6002 5997 5996
6003 5999 5997
6002 6003 5997
6004 6005 6001
6004 6001 5999
5999 6003 6004
6005 6004 6006
6004 6003 6007
6004 6007 6006
6003 6002 6008
6008 6007 6003
6007 6009 6010
6007 6010 6006
6009 6007 6008
6009 6008 6011
6012 6010 6009
6012 6009 6013
6013 6009 6011
6013 6011 6014
6013 6015 6016
6013 6016 6012
6015 6013 6014
6015 6014 6017
6018 6015 6017
6017 6019 6018
6015 6018 6020
6015 6020 6016
6021 6018 6019
6021 6020 6018
6022 6023 5971
6022 5971 5970
6024 6023 6022
5971 6023 5972
6023 6025 5972
6026 6025 6023
6024 6026 6023
5965 5972 6027
5965 6027 5983
5972 6025 6027
6025 6028 6027
6029 6028 6025
6025 6026 6029
5983 6027 6030
5983 6030 6031
6027 6028 6030
6032 6030 6028
6029 6032 6028
6033 5986 6031
6033 6031 6034
6033 5987 5986
6034 6031 6030
6034 6030 6035
5988 5987 6036
5988 6036 6037
6038 6039 6037
6037 6036 6038
6039 6038 6040
6040 6041 6039
6032 6035 6030
5987 6033 6042
5987 6042 6036
6042 6033 6034
6042 6034 6043
6034 6035 6044
6034 6044 6043
6042 6045 6038
6042 6038 6036
6038 6045 6046
6038 6046 6040
6045 6042 6047
6045 6047 6048
6043 6044 6049
6043 6049 6047
6050 6047 6049
6050 6049 6051
6050 6048 6047
6035 6052 6053
6035 6053 6044
6035 6032 6052
6053 6054 6044
6049 6055 6051
6056 6052 6032
6029 6056 6032
6057 6053 6052
6052 6056 6057
6058 6054 6053
6053 6057 6058
6048 6050 6059
6060 6061 6040
6060 6040 6046
6062 6050 6051
6062 6051 6063
6050 6062 6059
6051 6055 6064
6051 6064 6063
6055 6065 6064
6066 6064 6065
6065 6067 6066
6064 6068 6069
6064 6069 6063
6066 6068 6064
6063 6069 6070
6063 6070 6062
6071 6059 6062
6070 6072 6071
6070 6071 6062
6067 6073 6074
6074 6066 6067
6073 6075 6074
6076 6075 6077
6078 6076 6077
6066 6074 6068
6068 6079 6080
6069 6068 6080
6069 6080 6081
6079 6076 6078
6079 6082 6080
6083 6080 6082
6084 6085 6083
6084 6083 6082
6083 6081 6080
6069 6081 6086
6069 6086 6070
6086 6087 6072
6086 6072 6070
6081 6083 6088
6081 6088 6086
6088 6089 6087
6088 6087 6086
6083 6085 6090
6083 6090 6088
6090 6091 6089
6090 6089 6088
6084 6092 6093
6084 6093 6085
6085 6093 6094
6085 6094 6090
6094 6095 6091
6094 6091 6090
6095 6094 6096
6094 6093 6096
6093 6092 6096
6061 6097 6041
6061 6041 6040
6098 6099 6061
6098 6061 6060
6061 6099 6100
6061 6100 6097
6101 6102 6099
6101 6099 6098
6099 6102 6103
6099 6103 6100
6104 6105 6102
6104 6102 6101
6105 6106 6103
6105 6103 6102
6105 6104 6107
6105 6107 6108
6109 6106 6105
6105 6108 6109
6108 6110 6109
6108 6107 6110
2971 6111 6112
2971 6112 2972
6111 6113 6112
6114 6115 6113
6111 6116 6113
6113 6116 6114
6056 6117 6057
6118 6119 6115
6115 6114 6118
6120 6121 6054
6054 6058 6120
6121 6120 6122
6121 6122 6123
6124 6125 6126
6117 6058 6057
6058 6117 6127
6058 6127 6120
6122 6120 6127
6122 6127 6128
6129 6130 6119
6118 6129 6119
6131 6132 6133
6131 6133 6130
6129 6131 6130
6134 6135 6123
6134 6123 6122
6122 6128 6136
6122 6136 6134
6125 6137 6138
6125 6138 6139
6125 6139 6126
6135 6134 6140
6135 6140 6141
6137 6142 6143
6137 6143 6138
6140 6134 6136
6140 6136 6144
6132 6145 6146
6132 6146 6133
6145 6147 6148
6145 6148 6146
6141 6140 6149
6149 6150 6141
6142 6151 6143
6149 6140 6144
6149 6144 6152
6147 6153 6154
6147 6154 6148
6150 6149 6155
6156 6157 6158
6159 6160 6156
6156 6158 6159
6149 6152 6155
6153 6161 6154
6162 6163 6160
6159 6162 6160
6162 6164 6165
6162 6165 6163
6164 6166 6167
6164 6167 6165
2978 6168 2973
6169 6170 6168
2978 6169 6168
6171 6172 6170
6169 6171 6170
3028 6173 3029
3031 6174 6175
6175 3032 3031
6176 6177 6178
6179 6180 6181
6173 6176 6178
6182 6174 6183
6183 6184 6182
6181 6185 6179
5969 5968 6177
6180 6186 6187
6187 6181 6180
6186 3091 6187
5969 6176 2766
3028 2766 6176
6174 6182 6175
3051 3055 6188
3051 6188 3047
6189 6188 3055
3055 3053 6189
6190 6191 6192
3056 3058 6190
6191 6193 6194
6191 6194 6192
6193 6195 6194
6193 6196 6195
6197 6198 6199
6199 6200 6197
6196 6193 6201
6201 6202 6196
6198 6203 6204
6193 6191 6201
6191 3058 6201
3058 3062 6201
3034 6205 6203
6202 3061 3033
6175 6205 3032
6201 3062 6202
6205 6175 6206
6206 6204 6205
6184 6207 6208
6209 6210 6185
6208 6211 6182
6208 6182 6184
6185 6181 6209
6212 6213 6214
6209 6215 6210
6214 6216 6212
6217 6211 6208
6212 3063 3066
6212 3066 6213
6206 6175 6211
6218 6206 6211
6217 6218 6211
6204 6219 6199
6218 6217 6220
6221 6219 6218
6218 6220 6221
6222 6199 6219
6221 6222 6219
6222 6223 6200
6222 6200 6199
6222 6221 6224
6222 6224 6223
6221 6225 6224
6225 6221 6220
3076 3072 6215
6216 3073 6212
6215 3095 3076
6209 3095 6215
3073 3077 6212
3091 3094 6187
3095 6209 3094
6209 6181 6187
6209 6187 3094
3077 3063 6212
6226 6166 6164
6226 6164 6227
6227 6164 6162
6227 6162 6228
6162 6229 6228
6158 6229 6159
6162 6159 6229
6230 6231 6232
6230 6232 6233
6234 6235 6236
6234 6236 6237
6232 6231 6238
6234 6237 6239
6240 6230 6233
6240 6233 6241
6242 6236 6235
6242 6235 6243
6244 6240 6241
6244 6241 6245
6246 6244 6245
6246 6245 6247
6248 6246 6247
6248 6247 6249
5993 6250 5994
6251 6248 6249
6251 6249 6252
6251 6252 6250
6252 5994 6250
6253 3138 3136
6253 3172 3138
6254 3172 6253
6254 3159 3172
3142 6255 3140
6256 3159 6254
6256 3160 3159
6257 6258 6255
6259 6258 6257
6258 6260 6255
6261 6256 6262
6263 6261 6262
6263 6264 6261
6256 6254 6262
6265 6254 6253
6265 6262 6254
6266 6267 6268
6264 6263 6269
6270 6265 6253
3135 6271 6270
3136 3135 6270
6253 3136 6270
6270 6271 6272
6273 6265 6272
6271 6274 6272
6275 6276 6269
6275 6277 6278
6275 6278 6276
6277 6166 6226
6277 6226 6278
6276 6264 6269
6279 6280 6281
6282 6283 6284
6282 6284 6279
6285 6286 6282
6287 6288 6285
6289 6288 6287
6290 6289 6287
6290 6287 6285
6290 6285 6291
6285 6282 6292
6292 6282 6293
6293 6279 6281
6279 6284 6280
6292 6291 6285
6282 6279 6293
6294 6263 6262
6294 6269 6263
6295 6267 6296
6297 6269 6294
6298 6272 6274
6298 6274 6299
6300 6269 6297
6300 6275 6269
6301 6277 6275
6301 6275 6300
6301 6167 6166
6301 6166 6277
6302 6303 6304
6305 6302 6306
6307 6308 6302
6307 6302 6309
6310 6311 6309
6302 6304 6309
6311 6307 6309
6304 6310 6309
6302 6305 6303
6074 6079 6068
6305 6291 6312
6313 6305 6312
6313 6303 6305
6314 6315 6313
6314 6313 6312
6314 6312 6292
6312 6291 6292
6316 6317 6315
6316 6315 6314
6316 6314 6293
6314 6292 6293
6318 6319 6316
6316 6293 6281
6281 6318 6316
6320 6319 6318
6321 6322 6318
6321 6318 6281
6323 6320 6322
6320 6318 6322
6322 6321 6324
6325 6322 6324
6325 6323 6322
6326 6295 6327
6327 6324 6326
6328 6329 6327
6325 6324 6327
6321 6326 6324
6330 5993 6331
5993 5995 6331
6273 6272 6298
6273 6298 6332
6333 6330 6331
6329 6328 6334
6329 6323 6325
6335 6328 6336
6328 6327 6296
6267 6266 6296
6266 6336 6296
6327 6295 6296
6328 6335 6334
6337 6323 6329
6337 6338 6323
6337 6329 6334
6337 6334 6339
6329 6325 6327
6340 6337 6339
6340 6339 6341
6338 6337 6340
6340 6341 6342
6340 6342 6343
6344 6338 6340
6344 6340 6343
6343 6342 6345
6343 6345 6346
6347 6344 6343
6347 6343 6346
6346 6345 6348
6346 6348 6349
6349 6348 6350
6349 6350 6351
6352 6351 6350
6352 6350 6353
6346 6349 6354
6346 6354 6347
6349 6351 6355
6349 6355 6354
6351 6352 6356
6351 6356 6355
6357 6352 6353
6357 6356 6352
6305 6306 6291
6302 6308 6306
6319 6317 6316
6358 6298 6299
6358 6299 6359
6360 6332 6298
6360 6298 6358
6361 6358 6359
6361 6359 6362
6363 6360 6358
6363 6358 6361
6364 6361 6362
6364 6362 6365
6366 6363 6361
6366 6361 6364
6367 6364 6365
6367 6365 6368
6369 6366 6364
6369 6364 6367
6370 6367 6368
6370 6368 6371
6372 6370 6371
6372 6371 6373
6372 6374 6242
6372 6373 6374
6372 6242 6375
6242 6243 6375
6376 6369 6367
6376 6367 6370
6376 6370 6372
6376 6372 6375
6236 6242 6374
6236 6374 6377
6237 6236 6377
6237 6377 6378
6237 6378 6239
6255 6260 3140
3058 6191 6190
6176 5969 6177
3028 6176 6173
6204 6206 6219
6218 6219 6206
6175 6182 6211
6198 6204 6199
6203 6205 6204
3034 3032 6205
3062 3061 6202
6054 6049 6044
6049 6054 6055
6042 6043 6047
6379 6281 6280
6379 6321 6281
6126 6380 6381
6126 6381 6124
6328 6296 6336
6286 6283 6282
6288 6286 6285
6075 6076 6074
6079 6074 6076
6382 6383 6384
3211 6385 6386
3211 6386 3212
6386 6387 6388
6386 6388 3212
6389 6390 6388
6388 6387 6389
6391 6392 6390
6389 6391 6390
6393 6394 6392
6392 6391 6393
6394 6393 6395
6394 6395 6396
6397 6398 6386
6397 6386 6385
6398 6399 6387
6398 6387 6386
6400 6389 6387
6400 6387 6399
6400 6399 6401
6402 6391 6403
6403 6391 6400
6403 6404 6402
6405 6406 6407
6405 6407 6408
6408 6409 6405
6391 6389 6400
6391 6402 6410
6391 6410 6393
6393 6410 6395
6410 6402 6411
6410 6411 6395
6402 6404 6412
6402 6412 6413
6402 6413 6411
6406 6414 6415
6406 6415 6407
6396 6395 6416
6396 6416 6417
6395 6411 6418
6395 6418 6416
6411 6413 6419
6419 6420 6411
6421 6422 6423
6413 6412 6424
6413 6424 6425
6413 6425 6426
6413 6426 6419
6415 6414 6427
6415 6427 6428
6429 6430 6431
6431 6432 6429
6433 6434 6435
6433 6435 6436
6398 6397 6430
6398 6430 6429
6398 6429 6437
6398 6437 6399
6429 6432 6438
6429 6438 6437
6434 6439 6440
6434 6440 6435
6399 6437 6441
6399 6441 6401
6437 6438 6442
6437 6442 6441
6439 6443 6444
6439 6444 6440
6445 6400 6401
6445 6401 6446
6446 6401 6441
6446 6441 6447
6441 6442 6448
6441 6448 6447
6443 6449 6450
6443 6450 6444
6445 6446 6451
6445 6451 6452
6446 6447 6453
6453 6451 6446
6447 6448 6454
6454 6453 6447
6455 6454 6448
6449 6456 6457
6449 6457 6450
6452 6451 6458
6458 6459 6452
6451 6460 6458
6453 6461 6460
6453 6460 6451
6459 6458 6462
6459 6462 6463
6458 6460 6462
6460 6461 6464
6460 6465 6462
6466 6465 6460
6460 6464 6466
6419 6426 6420
6461 6453 6454
6461 6454 6467
6461 6467 6468
6461 6468 6464
6464 6384 6469
6468 6384 6464
6469 6466 6464
6470 6471 6382
6382 6471 6472
6472 6383 6382
6382 6384 6473
6382 6473 6470
6474 6475 6476
6476 6477 6478
6470 6474 6476
6471 6470 6476
6471 6476 6478
6471 6478 6479
6475 6480 6477
6477 6481 6482
6481 6483 6484
6480 6485 6481
6486 6487 6488
6489 6487 6486
6488 6490 6486
6486 6483 6485
6485 6489 6486
6487 6491 6488
6465 6492 6462
6493 6492 6465
6466 6469 6494
6466 6494 6465
6465 6494 6493
6462 6492 6495
6462 6495 6463
6495 6492 6496
6495 6496 6497
6492 6493 6496
6498 6499 6425
6498 6425 6424
6499 6500 6426
6499 6426 6425
6493 6494 6501
6501 6494 6383
6502 6503 6504
6501 6383 6472
6501 6472 6505
6494 6469 6383
6383 6469 6384
6468 6473 6384
6506 6507 6496
6506 6496 6493
6507 6508 6497
6507 6497 6496
6509 6510 6507
6509 6507 6506
6510 6511 6508
6510 6508 6507
6512 6505 6472
6512 6472 6479
6472 6471 6479
6467 6454 6455
6467 6455 6513
6457 6456 6514
6457 6514 6515
6513 6516 6468
6513 6468 6467
6514 6517 6518
6514 6518 6515
6516 6519 6473
6516 6473 6468
6520 6521 6518
6518 6517 6520
6522 6470 6473
6522 6473 6519
6470 6522 6523
6470 6523 6474
6475 6474 6523
6475 6523 6524
6478 6525 6512
6478 6512 6479
6482 6526 6525
6482 6525 6478
6524 6527 6480
6524 6480 6475
6484 6528 6526
6484 6526 6482
6485 6480 6527
6485 6527 6529
6490 6530 6528
6490 6528 6484
6488 6491 6530
6488 6530 6490
6485 6529 6489
6531 6532 6533
6534 6535 6532
6531 6534 6532
6536 6537 6535
6534 6536 6535
6538 6539 6537
6536 6538 6537
6540 6541 6542
6540 6542 6539
6538 6540 6539
6542 6541 6543
6542 6543 6544
6544 6543 6545
6544 6545 6546
6547 6548 6546
6547 6546 6545
6547 6545 6549
6548 6547 6550
6549 6551 6552
6549 6552 6547
6552 6553 6550
6552 6550 6547
6551 6554 6555
6551 6555 6552
6555 6553 6552
6555 6556 6553
6556 6555 6557
6557 6558 6556
6557 6555 6554
6557 6554 6559
6558 6557 6560
6558 6560 6561
6560 6557 6559
6560 6559 6562
6561 6560 6563
6561 6563 6564
6560 6562 6565
6560 6565 6563
6566 6564 6563
6566 6563 6565
6509 6567 6568
6509 6568 6510
6567 6569 6568
6570 6571 6572
6570 6572 6569
6571 6573 6574
6571 6574 6572
6573 6575 6574
6576 6574 6575
6576 6577 6572
6576 6572 6574
6577 6578 6569
6577 6569 6572
6578 6579 6568
6578 6568 6569
6579 6511 6568
6498 6580 6581
6498 6581 6499
6581 6580 6582
6581 6582 6583
6583 6582 6584
6583 6584 6585
6585 6584 6586
6585 6586 6587
6587 6586 6588
6587 6588 6589
6589 6588 6590
6589 6590 6591
6590 6592 6591
6593 6591 6592
6499 6581 6594
6499 6594 6500
6581 6583 6595
6581 6595 6594
6583 6585 6596
6583 6596 6595
6585 6587 6597
6585 6597 6596
6597 6587 6589
6597 6589 6598
6598 6589 6591
6598 6591 6593
6599 6600 6601
6599 6601 6423
6602 6603 6416
6602 6416 6418
6603 6604 6417
6603 6417 6416
6605 6606 6603
6605 6603 6602
6606 6607 6604
6606 6604 6603
6608 6609 6606
6608 6606 6605
6609 6610 6607
6609 6607 6606
6611 6612 6609
6611 6609 6608
6612 6613 6610
6612 6610 6609
6614 6615 6612
6614 6612 6611
6615 6616 6613
6615 6613 6612
6617 6618 6615
6617 6615 6614
6618 6619 6616
6618 6616 6615
6620 6621 6618
6620 6618 6617
6621 6622 6619
6621 6619 6618
6620 6623 6621
6622 6621 6623
6624 3213 6625
6624 3214 3213
6626 6627 6628
6626 6628 6625
6624 6625 6628
6629 6627 6626
6629 6626 6630
6631 6629 6630
6631 6630 6632
6633 6631 6632
6633 6632 6634
6635 6633 6634
6635 6634 6636
6637 6635 6636
6637 6636 6638
6639 6637 6638
6639 6638 6640
6641 6642 6643
6642 6644 6643
6641 6645 6646
6641 6643 6645
6646 6647 6648
6649 6650 6651
6652 6650 6653
6649 6653 6650
6648 6647 6654
6599 6649 6651
6599 6651 6655
6649 6599 6422
6656 6649 6422
6653 6649 6656
6657 6658 6659
6660 6657 6659
6659 6661 6660
6600 6599 6655
6600 6655 6662
6663 6664 6601
6663 6601 6600
6665 6666 6664
6665 6664 6663
6667 6668 6666
6667 6666 6665
6669 6670 6668
6669 6668 6667
6671 6672 6670
6671 6670 6669
6673 6674 6672
6673 6672 6671
6675 6674 6673
6676 6663 6600
6676 6600 6662
6677 6665 6663
6677 6663 6676
6678 6667 6665
6678 6665 6677
6679 6669 6667
6679 6667 6678
6679 6680 6671
6679 6671 6669
6681 6673 6671
6681 6671 6680
6675 6673 6681
6682 6639 6640
6682 6640 6683
6684 6682 6683
6684 6683 6685
6686 6684 6685
6686 6685 6687
6686 6687 6688
6689 6660 6690
6660 6661 6690
6657 6660 6691
6691 6660 6692
6693 6694 6695
6696 6697 6698
6696 6698 6694
6699 6700 6698
6699 6698 6697
6701 6702 6700
6701 6700 6699
6703 6704 6702
6703 6702 6701
6703 6705 6706
6703 6706 6704
6707 6708 6705
6707 6709 6710
6707 6710 6708
6711 6712 6710
6711 6710 6709
6713 6712 6711
6714 6707 6705
6708 6706 6705
6714 6705 6715
6705 6703 6715
6715 6703 6701
6715 6701 6716
6716 6701 6699
6716 6699 6717
6718 6713 6711
6718 6711 6709
6718 6709 6719
6719 6709 6707
6719 6707 6720
6720 6707 6714
6720 6714 6721
6721 6714 6715
6721 6715 6722
6723 6722 6715
6724 6548 6725
6725 6550 6553
6723 6715 6716
6726 6723 6717
6548 6550 6725
6727 6717 6697
6727 6697 6696
6727 6696 6728
6728 6696 6693
6728 6693 6729
6693 6696 6694
6730 6731 6732
6733 6734 6735
6734 6731 6735
6736 6733 6730
6730 6735 6731
6733 6735 6730
6730 6732 6737
6738 6736 6730
6738 6730 6737
6732 6739 6737
6738 6740 6736
6741 6737 6739
6741 6739 6742
6741 6743 6738
6741 6738 6737
6744 6740 6738
6744 6738 6743
6745 6741 6742
6745 6742 6746
6745 6747 6743
6745 6743 6741
6748 6744 6743
6748 6743 6747
6745 6746 6749
6745 6749 6750
6750 6751 6747
6750 6747 6745
6752 6747 6751
6753 6751 6754
6753 6752 6751
6755 6750 6749
6755 6749 6756
6754 6750 6755
6754 6751 6750
6757 6753 6754
6752 6748 6747
6755 6758 6759
6755 6756 6758
6723 6716 6717
6726 6717 6727
6717 6699 6697
6754 6755 6760
6761 6754 6760
6760 6762 6761
6761 6757 6754
6755 6759 6760
6763 6764 6765
6764 6726 6766
6764 6766 6765
6766 6726 6727
6767 6763 6765
6768 6769 6763
6768 6763 6770
6763 6767 6770
6768 6771 6769
6772 6773 6774
6772 6774 6775
6776 6773 6772
6776 6772 6777
6776 6777 6778
6770 6767 6779
6427 6780 6781
6780 6782 6781
6783 6784 6781
6784 6428 6427
6781 6782 6785
6784 6427 6781
6786 6692 6689
6783 6781 6785
6692 6660 6689
6787 6769 6771
6788 6789 6775
6788 6775 6774
6790 6502 6769
6791 6792 6502
6792 6503 6502
6769 6787 6790
6791 6502 6790
6791 6790 6787
6791 6787 6793
6794 6795 6789
6794 6789 6788
6796 6797 6791
6798 6799 6796
6793 6800 6796
6793 6796 6791
6801 6798 6796
6801 6796 6800
6802 6803 6795
6802 6795 6794
6804 6803 6805
6806 6807 6798
6804 6808 6809
6798 6801 6806
6804 6805 6808
6807 6799 6798
6799 6797 6796
6803 6802 6805
6810 6811 6807
6810 6807 6806
6812 6813 6809
6812 6809 6808
6811 6810 6814
6813 6812 6815
6816 6817 6784
6816 6784 6783
6818 6786 6689
6818 6689 6819
6820 6819 6689
6820 6689 6690
6821 6822 6693
6821 6693 6695
6822 6821 6823
6822 6823 6824
6825 6824 6823
6825 6823 6826
6827 6825 6826
6827 6826 6828
6766 6727 6728
6766 6728 6829
6728 6729 6829
6765 6766 6829
6830 6729 6822
6831 6829 6729
6729 6830 6831
6729 6693 6822
6830 6824 6832
6832 6825 6833
6833 6827 6834
6829 6835 6767
6829 6767 6765
6836 6835 6829
6836 6829 6831
6836 6831 6837
6837 6832 6838
6838 6833 6839
6839 6834 6840
6831 6830 6837
6837 6830 6832
6830 6822 6824
6832 6824 6825
6838 6832 6833
6833 6825 6827
6839 6833 6834
6841 6839 6842
6839 6840 6842
6843 6839 6841
6844 6838 6843
6657 6691 6654
6654 6845 6648
6652 6653 6656
6654 6658 6657
6691 6845 6654
6846 6779 6835
6847 6782 6780
6779 6767 6835
6848 6837 6844
6836 6846 6835
6848 6836 6837
6844 6837 6838
6843 6838 6839
6836 6848 6846
6849 6850 6817
6849 6817 6816
6851 6818 6819
6851 6819 6852
6853 6852 6819
6853 6819 6820
6854 6855 6850
6854 6850 6849
6856 6851 6852
6856 6852 6857
6858 6857 6852
6858 6852 6853
6857 6858 6859
6860 6856 6857
6860 6857 6859
6861 6855 6854
6861 6854 6862
6858 6863 6859
6859 6864 6865
6866 6862 6867
6860 6859 6865
6866 6861 6862
6859 6863 6864
6868 6865 6864
6868 6864 6869
6867 6870 6871
6867 6871 6866
6871 6870 6872
6868 6869 6873
6646 6645 6647
6490 6483 6486
6483 6490 6484
6485 6483 6481
6481 6484 6482
6477 6482 6478
6480 6481 6477
6475 6477 6476
6567 6570 6569
6647 6658 6654
4320 4328 4323
4380 4385 4323
4312 4315 4313
4312 4316 4314
4317 4325 4322
4397 4366 4321
4320 4324 4321
4319 4321 4366
4365 4366 4363
5280 5277 5278
5287 5298 5296
5281 5296 5282
5260 5259 5261
5363 5403 5406
5363 5406 5523
4250 4254 4251
6874 6875 6876
6877 6878 6879
6876 6880 6874
6879 6881 6877
6875 6882 6883
6875 6884 6885
6883 6884 6875
6885 6876 6875
6882 6886 6887
6882 6887 6883
6886 6888 6889
6889 6887 6886
6881 6890 6877
6891 6892 6890
6881 6893 6890
6890 6893 6894
6894 6891 6890
6891 6894 6895
6888 6896 6897
6897 6889 6888
6896 6898 6899
6899 6897 6896
6899 6898 6900
6899 6900 6901
6900 6902 6903
6900 6903 6901
6902 6904 6905
6902 6905 6903
6905 6904 6906
6905 6906 6907
6908 6909 6910
6908 6910 6911
6906 6912 6913
6906 6913 6907
6909 6914 6915
6909 6915 6910
6916 6917 6913
6916 6913 6912
6918 6919 6917
6918 6917 6916
6920 6921 6922
6920 6922 6923
6915 6914 6920
6915 6920 6923
6924 6925 6926
6926 6925 6927
6928 6929 6930
6931 6932 6933
6876 6934 6880
6885 6935 6936
6885 6936 6934
6876 6885 6934
6935 6937 6938
6935 6938 6936
6894 6939 6895
6937 6940 6941
6937 6941 6938
6939 6942 6943
6939 6943 6895
6940 6944 6945
6940 6945 6941
6942 6946 6947
6942 6947 6943
6944 6948 6949
6944 6949 6945
6946 6950 6951
6946 6951 6947
6948 6952 6953
6948 6953 6949
6950 6954 6955
6950 6955 6951
6952 6956 6957
6952 6957 6953
6954 6958 6959
6954 6959 6955
6957 6956 6960
6957 6960 6961
6958 6962 6963
6958 6963 6959
6961 6960 6964
6961 6964 6965
6962 6966 6967
6962 6967 6963
6965 6964 6968
6965 6968 6969
6966 6970 6967
6969 6968 6971
6969 6971 6972
6970 6973 6974
6970 6974 6975
6970 6975 6967
6971 6976 6977
6971 6977 6972
6973 6978 6979
6973 6979 6974
6980 6981 6982
6983 6935 6885
6983 6885 6884
6883 6984 6983
6883 6983 6884
6935 6983 6985
6985 6937 6935
6984 6986 6985
6984 6985 6983
6987 6937 6985
6985 6988 6987
6986 6989 6988
6986 6988 6985
6987 6940 6937
6940 6987 6944
6988 6990 6991
6988 6991 6987
6989 6990 6988
6987 6991 6944
6944 6991 6992
6944 6992 6948
6993 6992 6991
6993 6991 6990
6994 6995 6993
6994 6993 6990
6989 6994 6990
6948 6992 6996
6948 6996 6952
6992 6993 6997
6992 6997 6996
6995 6998 6997
6995 6997 6993
6952 6996 6999
6952 6999 6956
6996 6997 7000
6996 7000 6999
6997 6998 7001
7001 7000 6997
6956 6999 7002
6956 7002 6960
6999 7000 7003
7002 6999 7003
6889 6984 6883
6889 6883 6887
7004 6984 6889
6889 6897 7004
6984 7004 6986
6897 7005 7006
6897 7006 7004
6899 7005 6897
7006 6989 6986
7006 6986 7004
7007 7008 7006
7007 7006 7005
6899 6901 7007
6899 7007 7005
7008 6994 6989
7008 6989 7006
7009 7010 7008
7009 7008 7007
6901 6903 7009
6901 7009 7007
7010 6995 6994
7010 6994 7008
7011 7012 7010
7011 7010 7009
7009 6903 6905
7009 6905 7011
7012 6998 6995
7012 6995 7010
7013 7011 6905
6905 6907 7013
7011 7014 7015
7011 7015 7012
7016 7017 7018
7013 7019 7011
7015 6998 7012
7015 7001 6998
6907 6913 7020
6907 7020 7013
7021 7018 7017
7013 7020 7019
7022 7023 7024
7017 7025 7021
7026 7027 7028
7024 7029 7022
7014 7030 7031
7014 7031 7015
7032 7001 7015
7015 7031 7032
7032 7033 7000
7032 7000 7001
7000 7033 7003
6913 6917 7034
6913 7034 7020
7023 7035 7036
7023 7036 7024
7037 7038 7021
7037 7021 7025
7039 7027 7040
7026 7041 7027
7042 7043 7031
7042 7031 7030
7044 7032 7031
7043 7044 7031
7033 7032 7044
7045 7046 7047
7048 7049 7050
7051 7003 7033
7046 7052 7053
7054 7050 7049
7043 7055 7044
7051 7056 7003
7003 7057 7002
7057 6960 7002
7057 6964 6960
6917 6919 7058
6917 7058 7034
7035 7059 7036
6919 7060 7061
6919 7061 7058
6919 6918 7062
6919 7062 7060
7059 7063 7064
7059 7064 7036
7060 6925 6924
7060 6924 7061
7060 7062 6927
7060 6927 6925
7063 6929 6928
7063 6928 7065
7063 7065 7064
7066 7067 7068
7066 7068 7026
6921 7069 7070
6921 7070 6922
7070 7069 6931
7070 6931 6933
7071 7072 7056
7071 7056 7051
7054 7073 7050
7072 7057 7056
7074 7075 7076
7077 7078 7079
7072 7080 7057
7081 6964 7057
7081 6968 6964
7082 7083 7072
7082 7072 7071
7073 7054 7084
7073 7084 7085
7083 7086 7080
7083 7080 7072
7075 7074 7087
7088 7079 7089
7078 7090 7088
7091 7092 7093
7087 7094 7075
7093 7095 7096
7093 7096 7097
7098 6968 7081
6968 7098 7099
6968 7099 6971
7090 7100 7101
7090 7101 7088
7102 6976 6971
6971 7099 7102
7103 7101 7100
7103 7100 7104
7105 7106 7107
7105 7107 7108
7107 7109 7110
7107 7110 7108
7038 7037 7111
7038 7111 7112
7113 7114 7043
7113 7043 7042
7114 7115 7055
7114 7055 7043
7116 7053 7052
7116 7117 7053
7040 7118 7119
7040 7119 7120
7109 7121 7110
7122 7123 7124
7068 7067 7125
7068 7125 7123
7113 7126 7127
7113 7127 7114
7114 7127 7128
7114 7128 7115
7126 7129 7130
7126 7130 7127
7127 7130 7131
7127 7131 7128
7132 7133 7134
7111 7135 7136
7111 7136 7112
7135 7137 7138
7135 7138 7136
7116 7139 7140
7116 7140 7117
7139 7141 7142
7139 7142 7140
7120 7119 7143
7120 7143 7144
7144 7143 7145
7144 7145 7146
7147 7086 7083
7083 7148 7147
7087 7149 7150
7087 7150 7094
7085 7084 7151
7085 7151 7152
7097 7096 7153
7097 7153 7154
7155 7147 7148
7151 7156 7157
7151 7157 7152
7158 7159 7160
7158 7160 7147
7149 7161 7162
7149 7162 7150
7163 7164 7165
7165 7166 7167
7165 7167 7168
7169 7170 7171
7169 7171 7154
7122 7092 7041
7041 7068 7122
7067 7172 7125
7172 7173 7174
7175 7176 7173
7176 7177 7178
7179 6911 7180
7180 7181 7179
7181 7182 7183
7172 7066 7184
7184 7185 7175
7186 7187 7188
7177 7176 7188
7187 7177 7188
7003 7056 7057
7155 7158 7147
7147 7160 7086
7083 7082 7148
7046 7045 7052
7180 7182 7181
7132 7189 7133
7190 7191 7132
7176 7178 7173
6981 7192 6982
6981 7193 7192
7194 7122 7124
7194 7124 7195
7095 7194 7195
7121 7195 7110
7027 7041 7092
7172 7175 7173
7026 7068 7041
7122 7068 7123
7122 7194 7092
7172 7174 7125
7172 7067 7066
7179 6908 6911
7175 7172 7184
6599 6423 6422
6273 6262 6265
6265 6270 6272
4628 4599 4601
4627 4620 4628
4317 4631 4632
4428 4637 4429
4640 4642 4541
4636 7196 4534
4533 4636 4534
4359 4477 4568
4568 4571 4304
5129 5163 5159
4518 4533 4526
4525 4527 4520
4426 4517 4427
4425 4511 4506
4630 4634 4622
4311 4313 7197
7198 7199 7200
5051 5054 5052
4569 4607 4571
4604 4608 4605
4624 4635 4572
4623 4624 4483
4644 4653 4650
4644 4651 4645
4679 4682 4684
7176 7175 7185
4655 4741 4720
4352 4367 4353
5573 5578 5576
5578 5583 5579
5583 5584 5581
5584 5589 5585
6797 6792 6791
6511 6510 6568
5983 6031 5986
5983 5986 5982
7201 7202 7203
7204 7205 7206
5753 7207 7208
5753 7208 5747
5744 7209 7207
5744 7207 5753
7207 7210 7211
7207 7211 7208
7209 7212 7210
7209 7210 7207
5749 7213 5751
7214 7215 7216
5322 7217 7218
5322 7218 5520
5520 7218 5540
7218 7219 7220
7218 7220 5540
7217 7221 7219
7217 7219 7218
7222 7223 7224
7219 7225 7226
7219 7226 7220
7221 7225 7219
7225 7227 7226
7228 7229 7230
7210 7231 7232
7210 7232 7211
7212 7233 7231
7212 7231 7210
7213 7234 7235
7213 7235 5751
7091 7093 7097
7091 7097 7236
7236 7097 7154
7236 7154 7171
7237 7169 7154
7237 7154 7153
7093 7194 7095
7093 7092 7194
7165 7168 7163
7039 7040 7120
7039 7120 7238
7238 7120 7144
7238 7144 7239
7239 7144 7146
7239 7146 7240
7132 7134 7190
7040 7092 7118
7040 7027 7092
7231 7241 7242
7231 7242 7232
7233 7243 7241
7233 7241 7231
7234 7244 7245
7234 7245 7235
