byte offset: 0
first index: 42927
index count: 2700
topology: trianglelist
format: DXGI_FORMAT_R16_UINT

10692 10693 10694
10692 10694 10695
10696 10697 10698
10699 10697 10700
10699 10700 10701
10700 10702 10703
10700 10703 10704
10705 10706 10707
10705 10707 10708
10707 10696 10708
10709 10710 10711
10709 10711 10712
10713 10714 10715
10716 10717 10718
10716 10718 10719
10717 10713 10715
10717 10715 10718
10720 10721 10722
10720 10722 10723
10724 10725 10726
10727 10728 10729
10727 10729 10730
10731 10732 10733
10732 10734 10713
10735 10731 10733
10710 10736 10711
10736 10730 10711
10711 10737 10738
10739 10740 10741
10704 10742 10701
10704 10701 10700
10701 10743 10744
10701 10744 10699
10745 10699 10744
10746 10747 10738
10748 10733 10749
10733 10750 10740
10751 10752 10753
10697 10754 10702
10697 10702 10700
10755 10751 10756
10724 10757 10758
10757 10759 10758
10705 10708 10760
10745 10746 10761
10760 10761 10762
10739 10763 10764
10765 10762 10766
10737 10730 10729
10737 10729 10740
10739 10741 10763
10749 10733 10740
10765 10767 10768
10767 10769 10768
10770 10771 10772
10694 10706 10695
10722 10721 10692
10722 10692 10773
10774 10773 10695
10720 10770 10772
10720 10772 10775
10768 10770 10723
10776 10777 10778
10776 10778 10779
10780 10781 10779
10782 10771 10769
10782 10769 10783
10784 10785 10786
10781 10787 10776
10788 10789 10790
10769 10767 10783
10763 10716 10719
10763 10719 10791
10792 10793 10794
10718 10715 10786
10718 10786 10795
10795 10788 10719
10795 10719 10718
10736 10727 10730
10732 10796 10733
10791 10719 10788
10791 10788 10790
10777 10759 10778
10722 10765 10768
10722 10768 10723
10722 10773 10774
10722 10774 10765
10773 10692 10695
10770 10720 10723
10791 10766 10762
10791 10762 10763
10758 10797 10725
10756 10786 10793
10725 10752 10726
10752 10725 10753
10749 10728 10748
10748 10735 10733
10701 10742 10798
10701 10798 10743
10716 10750 10717
10751 10784 10756
10757 10799 10759
10789 10788 10800
10789 10783 10790
10797 10777 10787
10789 10800 10787
10781 10789 10787
10764 10763 10762
10761 10764 10762
10774 10695 10705
10711 10730 10737
10739 10738 10737
10774 10705 10760
10765 10760 10762
10713 10734 10714
10714 10794 10715
10738 10739 10746
10746 10739 10764
10746 10764 10761
10708 10761 10760
10698 10745 10761
10769 10770 10768
10780 10782 10783
10770 10769 10771
10781 10776 10779
10788 10795 10800
10797 10787 10800
10777 10776 10787
10725 10797 10753
10753 10797 10785
10777 10758 10759
10758 10777 10797
10724 10758 10725
10785 10795 10786
10800 10795 10785
10797 10800 10785
10756 10784 10786
10784 10753 10785
10751 10753 10784
10706 10705 10695
10767 10790 10783
10766 10791 10790
10765 10766 10767
10765 10774 10760
10697 10699 10698
10696 10698 10708
10781 10780 10783
10698 10761 10708
10798 10709 10712
10798 10712 10743
10743 10712 10747
10743 10747 10744
10789 10781 10783
10767 10766 10790
10793 10792 10755
10793 10755 10756
10715 10794 10793
10786 10715 10793
10732 10713 10796
10796 10713 10717
10796 10717 10750
10741 10740 10750
10750 10716 10741
10741 10716 10763
10733 10796 10750
10728 10749 10729
10729 10749 10740
10739 10737 10740
10696 10754 10697
10712 10711 10738
10712 10738 10747
10745 10744 10747
10745 10698 10699
10746 10745 10747
10801 10802 10803
10801 10803 10804
10805 10806 10807
10808 10809 10810
10811 10812 10813
10811 10813 10814
10814 10813 10815
10814 10815 10816
10817 10818 10816
10818 10819 10814
10820 10821 10822
10820 10822 10823
10824 10823 10825
10824 10825 10826
10827 10828 10829
10830 10831 10832
10833 10834 10835
10833 10835 10836
10834 10837 10838
10834 10838 10835
10839 10840 10835
10839 10835 10838
10835 10840 10841
10835 10841 10836
10842 10843 10840
10842 10840 10839
10840 10843 10844
10840 10844 10841
10845 10846 10847
10848 10849 10850
10851 10833 10836
10851 10836 10852
10836 10841 10853
10836 10853 10852
10854 10855 10856
10855 10857 10856
10856 10801 10858
10856 10858 10859
10857 10860 10856
10860 10802 10801
10861 10862 10844
10817 10863 10818
10863 10864 10865
10866 10865 10867
10868 10869 10870
10869 10871 10870
10872 10873 10874
10875 10876 10831
10877 10824 10826
10877 10826 10866
10878 10879 10820
10880 10881 10882
10883 10830 10832
10884 10885 10876
10885 10870 10876
10886 10845 10887
10888 10873 10872
10889 10890 10891
10892 10893 10894
10892 10894 10895
10895 10896 10897
10895 10897 10892
10897 10890 10892
10898 10899 10900
10898 10901 10899
10827 10902 10903
10827 10903 10828
10903 10902 10821
10903 10821 10820
10891 10810 10904
10896 10905 10850
10896 10850 10897
10906 10810 10849
10809 10907 10908
10825 10909 10812
10825 10812 10811
10843 10842 10910
10843 10910 10911
10889 10861 10912
10889 10912 10913
10861 10889 10914
10915 10886 10916
10859 10858 10917
10859 10917 10915
10918 10878 10824
10918 10824 10877
10860 10801 10856
10847 10887 10845
10804 10919 10858
10804 10858 10801
10920 10906 10849
10885 10868 10870
10901 10898 10921
10881 10832 10882
10922 10923 10867
10922 10832 10831
10907 10845 10908
10809 10908 10810
10906 10808 10810
10888 10924 10899
10924 10900 10899
10873 10888 10925
10925 10899 10926
10915 10904 10886
10845 10927 10846
10845 10907 10928
10823 10822 10909
10823 10909 10825
10910 10894 10893
10910 10893 10911
10861 10844 10912
10823 10824 10878
10823 10878 10820
10803 10929 10930
10803 10930 10804
10805 10851 10852
10863 10931 10818
10859 10932 10856
10933 10934 10932
10934 10935 10932
10845 10928 10927
10849 10897 10850
10936 10889 10891
10904 10917 10937
10937 10889 10936
10853 10844 10862
10938 10804 10930
10805 10853 10806
10891 10904 10936
10936 10904 10937
10917 10858 10919
10917 10919 10937
10904 10915 10917
10804 10938 10919
10919 10914 10937
10806 10862 10938
10938 10862 10914
10929 10807 10806
10929 10806 10930
10930 10806 10938
10861 10914 10862
10806 10853 10862
10853 10841 10844
10805 10852 10853
10889 10913 10890
10897 10849 10890
10849 10891 10890
10849 10848 10920
10810 10891 10849
10908 10904 10810
10845 10886 10908
10904 10908 10886
10933 10932 10887
10887 10932 10916
10887 10916 10886
10847 10933 10887
10932 10859 10916
10916 10859 10915
10935 10854 10932
10854 10856 10932
10913 10912 10911
10913 10911 10893
10912 10844 10843
10912 10843 10911
10913 10893 10892
10913 10892 10890
10938 10914 10919
10889 10937 10914
10873 10870 10874
10871 10874 10870
10826 10931 10866
10922 10831 10939
10888 10899 10925
10865 10882 10867
10830 10875 10831
10875 10884 10876
10832 10881 10883
10831 10876 10939
10939 10876 10940
10939 10940 10941
10941 10940 10925
10922 10939 10941
10922 10941 10923
10876 10870 10940
10941 10925 10926
10899 10918 10926
10873 10940 10870
10882 10864 10880
10867 10882 10832
10867 10832 10922
10923 10866 10867
10826 10825 10811
10826 10811 10819
10818 10931 10819
10819 10811 10814
10923 10941 10926
10923 10926 10918
10899 10878 10918
10864 10882 10865
10866 10931 10865
10866 10923 10877
10877 10923 10918
10878 10899 10879
10901 10879 10899
10903 10879 10828
10828 10901 10921
10828 10921 10829
10820 10879 10903
10863 10865 10931
10826 10819 10931
10879 10901 10828
10940 10873 10925
10818 10814 10816
10942 10943 10944
10942 10944 10945
10946 10947 10948
10949 10950 10951
10949 10951 10948
10951 10952 10953
10951 10953 10954
10955 10956 10957
10955 10957 10958
10957 10956 10946
10959 10960 10961
10959 10961 10962
10963 10964 10965
10966 10967 10968
10966 10968 10969
10969 10968 10964
10969 10964 10963
10970 10971 10972
10970 10972 10973
10974 10975 10976
10977 10978 10979
10977 10979 10980
10981 10982 10983
10983 10963 10984
10985 10982 10981
10962 10961 10986
10986 10961 10978
10961 10987 10988
10989 10990 10991
10952 10951 10950
10952 10950 10992
10950 10949 10993
10950 10993 10994
10995 10993 10949
10996 10987 10997
10998 10999 10982
10982 10991 11000
11001 11002 11003
10948 10951 10954
10948 10954 11004
11005 11006 11001
10974 11007 11008
11008 11007 11009
10955 11010 10956
10995 11011 10996
11010 11012 11011
10989 11013 11014
11015 11016 11012
10988 10991 10979
10988 10979 10978
10989 11014 10990
10999 10991 10982
11015 11017 11018
11018 11017 11019
11020 11021 11022
10944 10943 10958
10972 11023 10942
10972 10942 10973
11024 10943 11023
10970 11025 11021
10970 11021 11020
11017 10971 11020
11026 11027 11028
11026 11028 11029
11030 11027 11031
11032 11033 11019
11032 11019 11022
11034 11035 11036
11031 11026 11037
11038 11039 11040
11019 11033 11018
11014 11041 10967
11014 10967 10966
11042 11043 11044
10968 11045 11035
10968 11035 10964
11045 10968 10967
11045 10967 11038
10986 10978 10977
10983 10982 11046
11041 11039 11038
11041 11038 10967
11029 11028 11009
10972 10971 11017
10972 11017 11015
10972 11015 11024
10972 11024 11023
11023 10943 10942
11020 10971 10970
11041 11014 11012
11041 11012 11016
11007 10976 11047
11006 11044 11035
10976 10975 11003
11003 11002 10976
10999 10998 10980
10998 10982 10985
10950 10994 11048
10950 11048 10992
10966 10969 11000
11001 11006 11034
11008 11009 11049
11040 11050 11038
11040 11039 11033
11047 11037 11029
11040 11037 11050
11031 11037 11040
11013 11012 11014
11011 11012 11013
11024 10955 10943
10961 10988 10978
10989 10988 10987
11024 11010 10955
11015 11012 11010
10963 10965 10984
10965 10964 11043
10987 10996 10989
10996 11013 10989
10996 11011 11013
10956 11010 11011
10947 11011 10995
11019 11017 11020
11030 11033 11032
11020 11022 11019
11031 11027 11026
11038 11050 11045
11047 11050 11037
11029 11037 11026
10976 11002 11047
11002 11036 11047
11029 11009 11007
11007 11047 11029
10974 10976 11007
11036 11035 11045
11050 11036 11045
11047 11036 11050
11006 11035 11034
11034 11036 11002
11001 11034 11002
10958 10943 10955
11018 11033 11039
11016 11039 11041
11015 11018 11016
11015 11010 11024
10948 10947 10949
10946 10956 10947
11031 11033 11030
10947 10956 11011
11048 10994 10960
11048 10960 10959
10994 10993 10997
10994 10997 10960
11040 11033 11031
11018 11039 11016
11044 11006 11005
11044 11005 11042
10964 11044 11043
11035 11044 10964
10983 11046 10963
11046 10969 10963
11046 11000 10969
10990 11000 10991
11000 10990 10966
10990 11014 10966
10982 11000 11046
10980 10979 10999
10979 10991 10999
10989 10991 10988
10946 10948 11004
10960 10997 10987
10960 10987 10961
10995 10997 10993
10995 10949 10947
10996 10997 10995
11051 11052 11053
11051 11053 11054
11055 11056 11057
11058 11059 11060
11061 11062 11063
11061 11063 11064
11062 11065 11066
11062 11066 11063
11067 11065 11068
11068 11062 11069
11070 11071 11072
11070 11072 11073
11074 11075 11076
11074 11076 11071
11077 11078 11079
11080 11081 11082
11083 11084 11085
11083 11085 11086
11086 11085 11087
11086 11087 11088
11089 11087 11085
11089 11085 11090
11085 11084 11091
11085 11091 11090
11092 11089 11090
11092 11090 11093
11090 11091 11094
11090 11094 11093
11095 11096 11097
11098 11099 11100
11101 11102 11084
11101 11084 11083
11084 11102 11103
11084 11103 11091
11104 11105 11106
11106 11105 11107
11105 11108 11109
11105 11109 11051
11107 11105 11110
11110 11051 11054
11111 11094 11112
11067 11068 11113
11113 11114 11115
11116 11117 11114
11118 11119 11120
11120 11119 11121
11122 11123 11124
11125 11082 11126
11127 11116 11075
11127 11075 11074
11128 11070 11129
11130 11131 11132
11133 11081 11080
11134 11126 11135
11135 11126 11119
11136 11137 11095
11138 11122 11124
11139 11140 11141
11142 11143 11144
11142 11144 11145
11143 11142 11146
11143 11146 11147
11146 11142 11141
11148 11149 11150
11148 11150 11151
11077 11079 11152
11077 11152 11153
11152 11070 11073
11152 11073 11153
11140 11154 11059
11147 11146 11099
11147 11099 11155
11156 11100 11059
11060 11157 11158
11076 11061 11064
11076 11064 11159
11093 11160 11161
11093 11161 11092
11139 11162 11163
11139 11163 11111
11111 11164 11139
11165 11166 11136
11108 11165 11167
11108 11167 11109
11168 11127 11074
11168 11074 11128
11110 11105 11051
11096 11095 11137
11052 11051 11109
11052 11109 11169
11170 11100 11156
11135 11119 11118
11151 11171 11148
11132 11131 11081
11172 11117 11173
11172 11082 11081
11158 11157 11095
11060 11059 11157
11156 11059 11058
11138 11150 11174
11174 11150 11149
11124 11175 11138
11175 11176 11150
11165 11136 11154
11095 11097 11177
11095 11178 11158
11071 11076 11159
11071 11159 11072
11161 11160 11145
11161 11145 11144
11111 11163 11094
11071 11070 11128
11071 11128 11074
11053 11052 11179
11053 11179 11180
11055 11102 11101
11113 11068 11181
11108 11105 11182
11183 11182 11184
11184 11182 11185
11095 11177 11178
11100 11099 11146
11186 11140 11139
11154 11187 11167
11187 11186 11139
11103 11112 11094
11188 11179 11052
11055 11057 11103
11140 11186 11154
11186 11187 11154
11167 11187 11169
11167 11169 11109
11154 11167 11165
11052 11169 11188
11169 11187 11164
11057 11188 11112
11188 11164 11112
11180 11179 11057
11180 11057 11056
11179 11188 11057
11111 11112 11164
11057 11112 11103
11103 11094 11091
11055 11103 11102
11139 11141 11162
11146 11141 11100
11100 11141 11140
11100 11170 11098
11059 11100 11140
11157 11059 11154
11095 11157 11136
11154 11136 11157
11183 11137 11182
11137 11136 11166
11137 11166 11182
11096 11137 11183
11182 11166 11108
11166 11165 11108
11185 11182 11104
11104 11182 11105
11162 11145 11160
11162 11160 11163
11163 11160 11093
11163 11093 11094
11162 11142 11145
11162 11141 11142
11188 11169 11164
11139 11164 11187
11124 11123 11119
11121 11119 11123
11075 11116 11181
11172 11189 11082
11138 11175 11150
11114 11117 11131
11080 11082 11125
11125 11126 11134
11081 11133 11132
11082 11189 11126
11189 11190 11126
11189 11191 11190
11191 11175 11190
11172 11173 11191
11172 11191 11189
11126 11190 11119
11191 11176 11175
11150 11176 11168
11124 11119 11190
11131 11130 11115
11117 11172 11081
11117 11081 11131
11173 11117 11116
11075 11069 11061
11075 11061 11076
11068 11069 11181
11069 11062 11061
11173 11168 11176
11173 11176 11191
11150 11168 11128
11115 11114 11131
11116 11114 11181
11116 11127 11173
11127 11168 11173
11128 11129 11150
11151 11150 11129
11152 11079 11129
11079 11078 11171
11079 11171 11151
11070 11152 11129
11113 11181 11114
11075 11181 11069
11129 11079 11151
11190 11175 11124
11068 11065 11062
11192 11193 11194
11195 11196 11197
11198 11199 11200
11198 11200 11201
11202 11203 11204
11205 11206 11207
11205 11207 11208
11195 11209 11210
11195 11210 11196
11211 11212 11213
11205 11214 11215
11205 11215 11206
11216 11217 11218
11216 11218 11219
11220 11216 11221
11222 11221 11216
11222 11216 11219
11212 11223 11224
11212 11224 11213
11213 11224 11207
11214 11199 11225
11214 11225 11226
11227 11194 11220
11210 11222 11219
11210 11219 11196
11194 11215 11217
11194 11217 11216
11213 11193 11211
11193 11228 11211
11194 11229 11192
11192 11228 11193
11194 11227 11230
11231 11232 11225
11208 11233 11200
11220 11194 11216
11230 11229 11194
11198 11234 11235
11198 11235 11231
11234 11201 11203
11234 11202 11235
11214 11205 11200
11214 11200 11199
11199 11198 11225
11232 11236 11226
11232 11226 11225
11200 11205 11208
11198 11231 11225
11218 11236 11197
11206 11213 11207
11194 11193 11206
11194 11206 11215
11217 11226 11218
11218 11226 11236
11215 11214 11226
11215 11226 11217
11201 11237 11203
11200 11233 11237
11200 11237 11201
11202 11234 11203
11234 11198 11201
11196 11219 11218
11196 11218 11197
11206 11193 11213
11238 11239 11240
11241 11242 11243
11244 11245 11246
11244 11246 11247
11248 11249 11250
11251 11252 11253
11251 11253 11254
11241 11243 11255
11241 11255 11256
11257 11258 11259
11251 11254 11260
11251 11260 11261
11262 11263 11264
11262 11264 11265
11266 11267 11262
11268 11263 11262
11268 11262 11267
11259 11258 11269
11259 11269 11270
11258 11253 11269
11261 11271 11272
11261 11272 11247
11273 11266 11239
11255 11243 11263
11255 11263 11268
11239 11262 11265
11239 11265 11260
11258 11257 11240
11240 11257 11274
11239 11238 11275
11238 11240 11274
11239 11276 11273
11277 11272 11278
11252 11246 11279
11266 11262 11239
11276 11239 11275
11244 11277 11280
11244 11280 11281
11281 11250 11245
11281 11280 11248
11261 11247 11246
11261 11246 11251
11247 11272 11244
11278 11272 11271
11278 11271 11282
11246 11252 11251
11244 11272 11277
11264 11242 11282
11254 11253 11258
11239 11260 11254
11239 11254 11240
11265 11264 11271
11264 11282 11271
11260 11265 11271
11260 11271 11261
11245 11250 11283
11246 11245 11283
11246 11283 11279
11248 11250 11281
11281 11245 11244
11243 11242 11264
11243 11264 11263
11254 11258 11240
