byte offset: 0
first index: 0
index count: 20472
topology: trianglelist
format: DXGI_FORMAT_R16_UINT

0 1 2
3 4 5
4 3 6
7 8 1
8 7 9
10 11 12
13 14 15
14 13 16
17 18 13
13 19 16
18 20 19
21 22 20
23 24 25
24 23 26
25 22 27
22 25 28
25 29 28
26 30 24
30 29 24
29 30 31
30 3 5
3 30 32
5 33 30
33 31 30
34 35 0
35 34 36
37 15 14
15 37 38
39 38 37
38 39 40
2 34 0
41 40 42
40 41 38
43 44 15
45 46 47
48 46 49
46 50 47
50 46 48
49 51 48
52 53 54
46 55 49
56 57 58
57 59 58
48 60 50
60 48 61
48 62 61
62 48 51
63 57 56
57 63 64
65 66 67
64 59 57
59 64 68
64 69 68
70 65 71
72 71 6
71 72 70
73 70 72
74 75 72
75 73 72
75 76 73
75 74 77
78 75 77
76 75 78
73 79 70
79 73 80
76 80 73
80 76 81
82 83 84
83 85 84
86 87 88
87 89 88
83 90 78
83 91 85
92 93 94
78 77 83
92 87 86
87 92 54
95 53 96
78 90 97
98 99 100
101 102 99
102 103 104
105 103 102
52 92 94
92 52 54
53 52 106
54 53 95
107 108 109
110 111 112
105 113 110
113 102 114
102 113 105
115 116 117
118 119 117
120 121 122
2 8 123
124 125 126
125 124 127
128 129 127
130 131 132
131 130 133
133 130 134
135 136 137
138 139 140
139 138 136
141 142 143
144 145 142
146 147 148
149 150 151
152 153 154
115 155 156
157 158 159
158 157 160
161 123 162
163 164 165
147 166 167
167 166 168
169 170 171
164 172 173
172 164 174
10 175 11
11 17 44
176 177 178
179 180 181
182 183 184
185 55 46
186 187 188
189 26 190
191 6 183
192 175 193
175 192 17
130 194 134
195 196 197
196 195 198
199 200 201
200 199 202
201 203 204
205 206 207
208 31 33
207 206 209
210 207 209
211 148 147
212 213 214
213 212 148
215 216 217
216 215 218
219 220 221
220 219 222
223 224 225
226 27 21
171 227 169
228 229 230
229 228 231
232 228 233
228 232 231
231 234 235
234 231 232
236 237 238
237 236 239
235 239 240
241 239 235
242 243 236
244 243 245
243 239 236
239 243 244
236 246 242
247 248 249
248 247 250
251 249 225
249 251 252
253 249 252
250 247 254
255 256 257
256 255 258
259 224 10
224 251 225
251 224 259
178 260 261
12 262 176
263 177 176
264 178 261
178 259 176
259 178 264
44 265 11
266 262 12
12 265 267
268 269 270
271 268 272
273 268 270
268 267 272
267 268 273
42 274 275
42 2 274
121 276 122
275 277 42
278 279 265
278 280 279
280 278 277
281 282 283
284 285 286
44 43 265
279 287 272
288 289 290
291 292 145
293 294 295
294 293 296
297 298 299
298 297 300
301 141 302
303 144 141
304 291 104
279 280 287
271 272 305
280 285 284
285 280 121
286 285 306
307 308 309
310 129 311
129 310 127
311 312 310
313 127 310
127 313 125
314 315 316
317 318 319
320 321 196
9 322 323
324 325 326
248 225 249
327 328 329
327 329 330
330 331 327
329 332 330
333 334 258
335 336 337
338 339 340
341 342 343
344 345 346
347 348 349
201 350 351
196 352 320
353 354 355
356 357 316
357 356 358
359 360 361
362 363 364
314 365 315
366 367 368
369 368 370
371 335 347
335 371 336
372 222 219
222 372 373
217 374 375
374 217 213
219 370 372
370 219 369
376 377 378
377 376 379
380 357 358
357 380 381
382 383 384
385 386 387
386 385 388
389 390 385
387 378 391
378 387 376
379 392 393
376 394 395
379 376 395
396 397 398
399 400 396
396 401 399
401 396 402
403 404 405
402 398 406
403 402 407
402 403 408
409 410 411
412 413 414
413 412 415
416 258 417
258 416 418
419 420 421
324 422 423
424 420 419
419 425 424
425 419 324
426 427 428
429 331 383
423 430 324
431 432 433
431 434 435
436 432 431
431 430 436
430 431 435
437 308 438
439 309 440
441 442 443
428 427 444
295 445 446
426 428 435
434 426 435
439 443 309
442 447 443
438 448 437
449 448 450
451 452 453
275 121 277
161 155 454
155 161 162
455 456 457
276 275 160
441 443 439
427 458 444
272 287 305
265 272 267
272 265 279
38 43 15
277 278 41
275 276 121
277 41 42
11 265 12
2 161 274
459 460 461
423 462 430
463 460 459
464 462 423
267 266 12
193 223 465
430 428 466
417 467 416
468 469 470
176 10 12
10 176 259
234 471 235
248 238 223
390 472 388
473 474 406
250 475 248
476 477 478
242 479 243
236 238 246
480 481 482
483 484 395
485 481 480
486 484 483
483 386 487
386 483 394
232 488 234
489 383 490
237 465 238
228 491 233
228 230 491
391 385 387
385 391 389
239 241 237
400 397 396
227 492 169
174 493 172
494 174 495
169 174 494
382 496 314
192 21 18
227 171 471
497 332 498
332 497 330
499 500 501
502 498 332
382 384 503
501 500 504
164 505 174
213 211 374
211 213 148
506 366 368
369 506 368
507 140 139
140 507 167
221 506 369
215 508 218
509 510 511
510 509 512
217 214 213
511 510 513
349 371 347
359 514 360
364 515 362
215 375 516
375 215 217
517 518 139
519 332 329
231 240 229
240 231 235
406 520 473
406 407 402
406 474 407
521 522 523
522 521 524
525 526 527
527 359 528
359 527 529
361 528 359
530 531 532
335 337 533
534 535 124
536 537 445
538 539 143
540 132 541
132 540 542
543 523 522
544 525 545
541 546 540
130 542 547
542 130 132
302 548 296
548 302 539
100 293 297
549 550 551
549 551 552
294 548 553
548 294 296
554 446 555
552 551 556
100 299 98
299 100 297
334 417 258
324 557 425
557 324 558
450 448 559
560 489 561
529 527 180
562 207 210
207 562 361
529 514 359
25 563 23
563 25 27
163 505 164
173 165 164
319 340 317
564 565 566
314 357 382
524 567 568
202 569 570
310 571 313
450 559 572
455 573 574
455 575 576
185 46 45
71 4 6
183 3 184
96 106 107
106 96 53
294 445 295
346 577 409
577 346 578
545 579 544
200 580 581
580 200 579
201 204 199
533 582 335
577 583 409
197 345 195
345 197 346
373 584 222
140 585 586
587 137 138
222 584 220
516 508 215
221 369 219
349 348 588
347 582 589
361 360 590
361 205 207
590 205 361
257 591 255
235 471 241
592 254 247
255 591 593
445 549 446
541 594 595
596 597 598
597 596 599
600 601 602
149 515 603
515 149 362
151 362 149
362 151 363
140 587 138
587 140 586
479 245 243
604 605 606
607 608 609
610 611 612
613 614 615
615 614 616
617 618 619
619 618 620
621 622 623
624 625 626
626 625 627
628 629 630
631 632 633
186 23 563
634 631 635
593 333 255
255 333 258
216 214 217
636 214 216
604 606 637
638 605 604
174 505 495
314 496 365
576 573 455
156 116 115
158 454 159
639 115 119
183 6 3
159 115 639
454 274 161
119 115 117
640 641 642
643 644 645
291 646 647
648 649 650
650 649 651
226 193 652
193 226 192
653 654 655
653 166 147
171 170 186
72 656 74
657 658 659
104 103 304
145 144 291
291 647 292
659 658 660
326 422 324
661 662 663
184 32 189
182 664 665
182 666 667
153 668 154
667 154 182
184 669 182
189 669 184
670 611 671
610 671 611
672 673 674
612 611 675
568 676 524
677 568 678
568 677 676
679 680 681
680 342 341
682 683 684
341 682 684
343 682 341
684 681 341
681 680 341
176 262 263
419 325 324
421 325 419
178 177 260
685 686 687
685 688 689
688 685 690
685 687 691
689 692 693
694 695 691
694 687 696
697 698 699
698 697 700
699 698 701
702 700 697
700 702 703
702 704 705
706 181 527
527 707 706
699 708 709
710 711 712
712 711 713
714 715 713
713 715 712
716 717 718
719 720 721
720 722 723
680 679 723
721 720 723
680 722 342
723 724 721
723 679 724
566 725 726
725 566 727
728 145 292
728 670 142
670 728 673
729 674 673
730 728 292
728 730 731
144 142 141
732 733 734
734 717 716
717 734 733
735 736 737
738 739 740
738 741 742
737 736 743
741 738 744
661 738 662
745 746 747
748 749 750
748 751 752
738 661 739
179 753 754
753 179 755
527 181 180
579 570 521
756 514 529
653 146 757
758 757 759
759 148 212
756 180 760
181 755 179
754 761 179
755 181 706
748 762 749
757 758 190
32 26 189
750 749 763
764 765 766
767 768 769
770 771 772
773 772 774
775 776 777
778 779 780
781 782 779
783 784 785
786 787 788
789 790 791
792 793 794
793 792 795
796 797 798
796 799 794
186 188 800
471 801 802
801 471 171
471 803 241
803 471 802
792 804 805
758 189 190
654 757 190
179 761 806
529 180 756
807 808 809
809 810 811
810 809 808
812 813 811
812 814 815
816 289 288
817 818 819
820 821 822
822 823 824
237 825 465
826 827 824
827 826 828
237 241 825
190 23 654
23 190 26
806 760 180
829 605 638
830 831 832
833 834 835
834 833 831
836 837 835
838 839 830
839 838 840
835 841 833
841 835 837
837 842 841
842 837 604
445 843 549
843 445 537
446 556 555
556 446 552
446 549 552
844 845 846
845 844 847
846 845 556
848 847 844
847 848 849
637 606 850
294 536 445
553 536 294
604 851 842
852 853 854
855 852 856
856 637 855
851 637 856
853 852 855
3 32 184
838 857 858
859 604 837
834 836 835
622 659 860
655 170 166
654 23 186
654 170 655
861 862 863
855 637 850
599 720 597
672 611 673
675 611 672
597 720 719
864 865 866
866 598 864
598 866 596
728 729 673
731 729 728
867 523 543
523 867 868
826 869 819
869 826 870
154 664 182
668 664 154
662 738 742
871 872 873
874 875 876
871 877 878
876 875 879
876 879 880
878 877 881
874 882 878
882 874 883
883 876 884
876 883 874
759 757 146
146 653 147
655 166 653
560 885 886
885 560 561
885 887 886
524 546 541
581 350 200
200 350 201
676 522 524
579 200 570
888 707 889
526 707 527
397 400 890
397 520 398
520 397 890
868 867 891
521 546 524
398 402 396
868 544 523
544 868 526
892 355 354
355 892 893
210 894 562
521 544 579
544 521 523
198 195 893
348 347 512
197 196 895
335 582 347
409 344 346
411 344 409
329 896 149
328 896 329
897 898 499
898 500 499
503 496 382
448 449 437
367 899 368
444 900 428
430 466 558
324 430 558
435 428 430
258 901 256
901 258 418
902 418 416
408 903 904
395 392 379
402 904 401
904 402 408
405 408 403
405 903 408
376 387 394
379 393 377
589 512 347
592 247 253
253 247 249
394 483 395
193 905 652
465 223 238
223 225 248
825 906 907
269 268 271
825 905 465
278 43 41
41 43 38
265 43 278
277 121 280
120 285 121
306 285 120
447 309 443
309 447 307
309 308 437
440 309 437
152 154 667
394 387 386
388 385 390
388 487 386
487 388 472
398 520 406
383 331 330
357 314 316
490 561 489
315 356 316
383 381 490
382 381 383
381 382 357
908 909 910
911 912 913
914 915 916
583 410 409
351 203 201
917 918 772
919 625 920
921 922 923
547 194 130
312 571 310
924 925 926
830 857 838
857 830 832
669 666 182
927 488 232
928 929 338
578 197 895
197 578 346
929 928 930
343 342 931
570 200 202
932 569 202
319 338 340
167 507 147
933 474 473
934 458 427
935 936 937
448 938 456
559 456 455
939 119 118
119 939 639
457 575 455
115 159 454
939 159 639
159 939 157
321 895 196
492 493 169
561 381 380
381 561 490
169 493 174
319 124 338
126 928 338
338 124 126
429 383 489
384 383 330
940 941 942
941 940 943
944 945 940
945 944 946
947 948 949
950 951 952
944 953 954
953 944 955
956 953 957
956 958 959
958 956 960
609 961 607
952 945 962
945 952 951
962 946 963
946 962 945
964 962 963
962 964 965
319 534 124
966 961 967
952 962 965
968 963 969
963 968 964
947 969 970
969 947 968
971 948 970
972 951 950
556 845 555
973 556 551
302 293 301
293 302 296
99 104 303
100 303 301
297 295 300
295 297 293
295 446 300
637 851 604
104 291 144
554 300 446
298 300 554
974 975 976
977 371 349
79 66 65
67 66 978
979 980 981
982 983 984
981 985 986
979 987 980
988 989 990
983 991 988
991 983 982
112 111 984
22 986 992
993 987 979
37 994 39
994 37 995
37 996 995
14 997 996
22 998 20
998 22 992
35 999 1000
992 986 985
20 1001 19
1001 20 998
19 997 16
997 19 1001
555 1002 1003
970 948 947
949 948 1004
1005 1006 1007
1008 1009 1010
1009 1008 1011
0 1012 1
1008 1000 1011
39 999 36
999 39 994
40 36 34
36 40 39
42 34 2
40 34 42
1013 1014 1015
1014 1013 1016
1012 1010 1017
1010 1012 1008
8 9 323
1018 1005 1013
1005 1018 1006
7 1016 1013
15 17 13
17 15 44
1019 1020 1014
1010 1021 1017
1015 1022 1013
1023 1024 1025
1015 1020 1026
1020 1015 1014
322 9 1027
35 1000 1008
7 1007 9
1027 9 1007
8 323 1028
1005 7 1013
1026 1022 1015
1007 7 1005
1011 1029 1009
1030 1031 1023
1031 1030 1032
1033 1034 1035
969 1036 1037
1036 969 963
1029 1011 1038
1 1017 7
1017 1 1012
1017 1021 1016
1008 1012 35
35 1012 0
36 999 35
1017 1016 7
1016 1019 1014
1019 1016 1021
1007 1006 1027
106 1039 107
1039 108 107
984 111 982
1040 1041 1042
1041 1040 1043
1042 572 1044
572 1042 1041
559 448 456
574 559 455
559 574 1045
1044 572 1045
572 559 1045
1046 1034 1033
8 1028 1047
970 1037 1048
1037 970 969
638 604 859
609 960 1049
954 953 956
282 1050 1051
704 1052 705
1053 708 1054
708 1053 709
1052 709 1053
709 1052 704
703 702 705
704 702 697
709 697 699
1054 915 914
915 1054 1055
695 685 691
685 695 690
1056 914 916
1057 1058 1059
1060 1061 1062
1063 1064 1065
1066 820 822
1067 1068 1069
1070 1071 1072
1073 805 804
1074 821 1075
804 794 799
794 804 792
1076 282 281
1076 693 1050
1077 1078 1079
1080 1081 1082
1081 1080 1083
1084 1064 1082
1064 1084 1065
1085 917 772
816 1086 1087
1088 1089 1086
1090 1069 1068
1091 1092 1068
1092 1091 1093
1094 1095 1096
1095 1094 1097
1098 686 693
686 1098 1099
1100 1101 1102
1103 811 813
811 1103 809
1104 1103 813
1103 1104 1105
813 1106 1104
1106 813 1107
762 1108 815
1108 762 1109
1107 812 815
1110 763 749
749 815 1110
815 749 762
762 748 752
733 1111 752
1111 733 1112
1099 1112 732
733 732 1112
1113 718 717
1099 687 686
1114 1115 1116
1117 908 910
909 916 910
916 909 1056
1118 908 1117
1119 1120 1121
1122 1123 1072
1124 772 773
289 816 1125
1092 1126 1127
1071 1122 1072
1120 1128 1129
1122 708 1130
696 687 732
708 1131 1054
1076 1098 693
1098 1076 281
1111 1132 1109
751 750 1133
750 751 748
1109 762 1111
1104 1106 798
1103 1105 807
1103 807 809
1063 1134 1135
798 1106 1136
793 796 794
796 793 797
991 1137 1138
1139 633 1140
1075 1141 1142
1141 1075 1143
823 826 824
826 823 870
799 820 1144
1092 1090 1068
1090 1092 1127
823 1145 1146
1094 1096 1147
1086 1148 1149
1093 1097 1092
289 1125 1150
1097 1151 1126
1086 1089 1148
1111 762 752
813 812 1107
290 1140 1152
629 1153 1154
1153 629 1155
1156 1140 1134
1153 1157 1154
773 1156 1124
1156 773 1158
795 792 805
1135 1134 1159
1140 290 1139
1082 1160 1084
1160 1082 1081
1081 1161 1160
818 826 819
826 818 828
1162 1154 1157
1154 1162 1163
1151 1094 1147
816 1164 1125
1165 773 774
773 1165 1158
1106 1166 1101
1166 1106 1107
1167 716 718
772 918 770
924 926 1168
1133 750 763
1146 870 823
870 1146 1169
1100 1170 1141
1159 632 1171
1172 1159 1171
1159 1172 1173
1174 1082 1064
1082 1174 1080
1091 289 1150
1158 1165 1152
651 649 1175
630 629 1176
1177 1178 1179
1180 1181 1179
1181 1180 1173
1168 1157 1182
1157 1168 926
629 1163 1176
1163 629 1154
1064 1180 1174
926 925 1183
1179 1184 628
1135 1173 1180
1173 1135 1159
1083 1161 1081
692 1050 693
732 687 1099
1072 1185 1070
1186 1123 1187
1187 1188 1186
1123 1130 1187
1187 1189 1190
1187 1130 1189
1190 1188 1187
1119 1070 1057
1076 1050 282
915 1050 692
687 694 691
1131 708 1191
1122 1130 1123
1192 1193 1194
1193 1192 1195
704 697 709
1050 1055 1051
1055 1050 915
1130 708 701
1196 283 282
1197 1123 1186
1167 734 716
734 1167 1198
717 752 1113
752 717 733
1101 1100 1199
290 289 1139
816 1088 1086
1088 816 1200
1128 1120 1119
1119 1201 1128
1202 1101 1199
1203 817 869
869 817 819
926 1162 1157
1162 926 1183
1204 1205 1206
1207 1208 1209
1208 1207 1210
1206 1208 1204
1208 1206 1211
1212 1205 1204
1204 1213 1212
1208 1214 1213
1214 1208 1210
1215 1216 1217
1218 1219 1220
1219 1221 1222
1223 1224 1225
1224 1223 1226
1227 880 1228
976 1229 974
1230 1231 1232
1233 1234 875
1235 1236 1237
1236 1235 1238
1231 1239 1240
1239 1231 1241
1242 415 1243
1244 1245 1246
1245 1244 1247
1248 1249 1225
1249 1248 1247
1250 627 1251
1252 625 919
1253 1254 1255
1256 974 1229
1257 1258 1259
1260 1261 1262
1261 1260 1263
1264 1265 1266
1236 1267 1237
1268 1269 1270
1269 1268 1271
787 1268 1272
1268 787 1271
1271 1273 1274
1273 1271 787
1264 1275 1276
1274 1277 1278
1279 1280 1274
1281 1282 1264
1283 1282 1284
1264 1266 1281
1285 1286 1287
879 1288 1289
1290 1285 1291
1285 1290 1292
1293 1294 1295
1296 1297 1216
1286 1298 1287
1298 1286 1299
1300 1301 1302
1303 1243 412
1301 1300 415
1304 1300 1302
1300 413 415
413 1300 1304
1217 1216 1297
1297 1296 1305
1306 1307 1308
1276 1309 1264
1252 627 625
627 1252 1310
1311 1312 778
1262 1313 1314
1313 1262 1315
1216 1316 1317
1281 1318 1282
1319 1316 1216
1273 787 786
1268 1320 1272
1268 1270 1320
1275 1321 1276
1237 1322 1241
1241 1322 1239
1237 1241 1235
1323 1324 1325
1273 1326 1279
881 874 878
884 880 1227
880 884 876
1241 1230 1327
1315 1256 1313
1256 1315 974
875 1234 879
1260 1328 1263
1254 1329 1330
1261 1315 1262
1315 1261 1331
1311 1332 1312
1260 1314 1333
1314 1260 1262
1254 1330 1255
1334 1335 1336
1271 1278 1269
1278 1271 1274
1337 1324 1338
1311 780 775
780 1339 775
1340 1249 1341
1249 1340 1342
1324 1343 1344
1345 1346 1347
1346 1345 1348
1343 1337 1349
775 1332 1311
1231 1230 1241
1240 1232 1231
1223 1342 1350
1324 1323 1351
1248 1352 1353
1352 1248 1354
1355 1353 1352
626 627 1250
880 1289 1228
1356 1346 1357
1346 1356 1347
1333 1328 1260
778 1312 1358
627 1337 1251
1273 1279 1274
1359 1295 1294
920 625 624
1360 1361 923
1318 1284 1282
1233 881 1362
881 1233 875
879 1289 880
1219 1363 1221
1324 1337 1343
1223 1350 1364
1324 1344 1325
1341 1247 1244
1247 1341 1249
777 1332 775
1337 1338 1365
1366 975 974
923 1356 921
1361 1347 923
1347 1361 1345
1244 1367 1341
923 922 1360
1342 1368 1350
1368 1342 1340
1246 1245 1355
1251 1337 1365
1297 1305 1369
1317 1296 1216
1221 1370 1222
1307 1371 1372
1373 1374 1308
1374 1373 1375
1376 1308 1374
1374 1377 1378
1374 1378 1379
1377 1374 1375
1363 1380 1221
416 1381 902
1216 1215 1319
1306 1308 1376
1297 1369 1217
1204 1208 1213
893 892 198
1382 1214 1210
1372 1373 1308
1308 1307 1372
1359 1292 1290
1292 1359 1294
1286 1285 1383
1369 1305 1384
1235 1241 1327
780 1311 778
290 1152 1385
1386 1387 1388
1387 1386 1389
1390 1391 1392
1393 1384 1305
1394 877 873
877 871 873
921 1356 1395
912 1396 1397
1349 627 1310
627 1349 1337
1398 1399 1400
1398 1401 1399
1402 779 778
1338 1324 1351
1233 1403 1234
1385 1152 1404
1152 1405 1404
1406 1090 1407
1069 1090 1406
1408 1403 1233
1234 1288 879
974 1409 1366
1409 974 1315
1331 1410 1411
1035 1412 1033
1259 1258 1413
1331 1409 1315
827 822 824
822 827 1066
823 822 821
1414 1415 1416
1293 1417 1418
1280 1277 1274
1419 1415 1420
1264 1309 1265
1282 1421 1264
1422 1423 1424
1425 1195 1192
1286 1276 1299
1426 1317 1316
1291 1285 1287
1383 1285 1292
810 812 811
812 810 814
1427 1428 1429
1428 1427 1430
1000 1038 1011
1196 996 997
996 1196 1431
1432 283 1196
1433 980 1434
987 1434 980
1191 1435 1436
1100 1433 1170
1437 998 992
998 1437 1438
1431 1051 1131
1120 1129 1439
995 1431 1436
1431 995 996
1191 1436 1131
1196 1051 1431
1131 1436 1431
985 1437 992
1437 985 1433
1170 1433 1434
1440 1170 1434
1121 1441 1071
1441 1121 1442
1442 1000 999
1000 1442 1439
994 1435 1441
1441 999 994
999 1441 1442
1439 1442 1120
1120 1442 1121
1443 1444 1445
1446 1443 1447
998 1432 1001
1432 998 1438
1222 1370 1448
1449 1450 1451
1306 1382 1452
1453 412 1454
1207 1452 1210
1452 1207 1455
1306 1452 1307
1452 1382 1210
1368 1456 1350
1357 1457 1458
1282 1283 1421
1362 877 1394
877 1362 881
660 1459 1460
1459 660 1461
622 1462 659
860 1460 1463
1464 1462 1465
1465 1462 1466
1467 1462 1468
860 659 660
660 658 1461
1469 648 650
1142 1141 1170
1470 1471 1472
1470 1079 1473
1474 1472 1475
1474 1470 1472
1077 1476 1078
1477 1470 1474
1473 1471 1470
1079 1470 1477
1478 1479 1480
1079 1479 1473
1479 1079 1078
1467 659 1462
1473 1479 1471
1175 1476 651
651 1476 1077
657 659 1467
1468 1462 1464
1471 1479 1478
1075 1481 1074
1067 1482 1483
1482 1067 1484
1069 1484 1067
1485 1170 1440
1486 1487 1137
1486 1488 1489
1486 1489 1490
1491 1492 1493
712 1494 1495
1491 1496 1497
1498 1499 713
715 1494 712
982 1137 991
1500 616 1501
615 616 1500
1502 614 613
710 712 1497
712 1491 1497
1503 1504 1505
1506 1507 1502
616 620 1501
614 620 616
620 614 619
1507 619 614
619 1507 1508
1501 620 1509
618 1509 620
619 1508 617
711 1498 713
1499 714 713
1492 1491 1495
1491 712 1495
1496 1491 1490
1491 1486 1490
767 1486 1493
1486 1491 1493
1510 1511 1459
1463 1460 1511
767 1512 1487
1512 767 1445
1137 1512 1138
1512 1137 1487
1513 991 1463
1512 1463 1138
1142 1514 1075
1515 1516 1447
1447 1516 1446
1517 1516 1515
1447 1443 1445
1518 1517 1515
617 1508 1519
1519 1508 1520
1521 1519 1520
1521 1520 1522
1521 1523 765
1524 1506 1525
1507 614 1502
1525 1506 1502
1525 1502 613
1181 1505 1526
1505 1181 1503
1181 1172 1503
1172 1181 1173
1503 1172 1527
1171 1527 1172
1527 1171 1528
1528 632 1529
632 1528 1171
1529 632 1530
1530 632 631
1531 628 630
766 1523 1532
1523 766 765
1152 1140 1158
1518 1515 1533
1515 769 1533
769 1515 1447
1447 767 769
767 1447 1445
769 768 1534
1535 1536 1537
1538 1539 1540
1541 1542 1543
1542 1541 1537
1541 1543 1544
1544 1545 1538
1543 1545 1544
635 633 1546
1547 1139 1548
1545 1539 1538
1540 1539 1549
1550 1540 1549
633 1547 1546
1547 633 1139
632 1134 633
1548 289 1551
1091 1551 289
1552 1550 1553
1554 1555 1556
1557 1558 1559
1488 982 111
982 1488 1137
1559 1558 1560
1557 623 1561
623 1557 1559
623 1559 1560
1562 1563 1564
1565 1566 1567
1568 1569 1570
1569 1571 1572
1563 1540 1550
1552 1563 1550
1564 1563 1552
1561 1444 1573
1574 1575 1568
1576 1577 1578
1577 1576 1579
1580 1579 1576
1581 1582 1583
1584 1582 1581
1574 1568 1584
1584 1568 1570
1585 1586 1587
1578 1577 1588
1577 1068 1067
1587 1067 1483
1067 1587 1586
1514 1170 1485
1170 1514 1142
1551 1589 1548
1067 1588 1577
1588 1067 1586
1481 1514 1590
1577 1589 1551
1589 1577 1579
1577 1551 1091
1078 1480 1479
1480 1078 1476
1438 1591 1432
1591 1438 1592
1593 1594 1595
1596 1597 1598
1593 1599 1596
1599 1593 1600
1596 1599 1601
1602 1603 1604
1604 1603 1605
1606 1607 1608
1607 1606 1605
1609 1605 1610
1605 1609 1604
1603 1607 1605
1609 1602 1604
1602 1609 1611
1612 1611 1609
1601 1597 1596
1613 1614 1615
645 644 1616
1617 1618 1619
1617 1600 1618
1620 1618 1600
1600 1593 1620
1618 1621 1622
1623 1618 1620
645 1624 1625
645 1625 643
1626 1102 1166
1438 1627 1592
1627 1102 1626
1556 1628 1629
1629 1630 642
640 642 1630
1631 641 1632
1633 1634 1631
1634 1633 1635
1132 1636 1109
1636 1132 1637
1634 641 1631
1631 1632 1638
1636 1639 1109
1108 1639 1640
1639 1108 1109
1166 1108 1626
1626 1641 1642
1642 1627 1626
1643 1644 1645
1644 1643 1646
1637 1132 1647
1648 1647 1649
1650 1647 1132
1647 1650 1649
1098 1112 1099
1651 1593 1595
1437 1627 1438
1102 1101 1166
1627 1437 1102
1100 1437 1433
1437 1100 1102
1652 1653 1654
1655 1656 1327
1327 1656 1235
1075 1514 1481
623 622 1444
1444 622 860
645 1622 1624
1622 645 1618
1640 1657 1108
1626 1657 1641
1657 1626 1108
799 796 1658
798 1136 796
804 1144 1073
1144 804 799
1659 281 283
1659 1660 281
1611 1614 1613
1614 1611 1612
281 1660 1098
1598 1594 1596
1596 1594 1593
1650 1661 1662
1661 1650 1132
1661 1660 1662
1111 1661 1132
1661 1111 1112
1198 732 734
633 1134 1140
1129 1128 1663
1070 1061 1057
1060 1058 1057
1057 1061 1060
1062 1058 1060
1121 1070 1119
1121 1071 1070
1122 1071 1435
1435 1071 1441
1435 995 1436
1131 1055 1054
1143 821 820
821 1143 1075
1664 1371 1307
1665 1666 1667
1197 1668 1185
1376 1374 1379
1669 1130 701
708 699 701
701 698 1669
1670 912 911
1671 1209 1211
1670 1396 912
412 1453 1303
1304 1672 413
686 685 689
693 686 689
1418 1673 1292
1417 1673 1418
1294 1418 1292
1293 1418 1294
1194 1423 1422
1423 1194 1193
1383 1292 1673
1276 1286 1309
1420 1415 1414
1264 1421 1275
1421 1283 1674
791 790 1675
1676 1237 1267
788 787 1677
1676 1322 1237
778 1253 1402
1253 778 1254
785 784 1678
1679 1680 1681
1682 630 1176
1367 1679 1681
1679 1367 1244
1683 1346 1348
1346 1683 1684
1685 98 299
1685 298 1686
1687 298 554
298 1687 1686
555 1687 554
1003 1687 555
1683 1688 1684
1688 1683 1689
1357 1690 1691
1690 1357 1458
1692 1693 1694
1458 1693 1692
1694 1695 1696
1693 1695 1694
1395 1357 1691
1357 1395 1356
1347 1356 923
1368 1697 1456
1692 1690 1458
816 288 1200
1526 1179 1181
1179 1526 1177
1698 1371 1664
1218 1363 1219
1344 1699 1325
1496 114 101
101 98 1700
1137 1488 1486
1488 113 1489
113 1488 111
1489 114 1490
114 1489 113
1496 101 1700
1591 283 1432
282 1051 1196
994 995 1435
1001 1196 997
1196 1001 1432
1439 1129 1701
1392 1386 1388
1386 1392 1702
1392 1391 1702
1219 1391 1703
1391 1219 1222
1704 1391 1222
1209 1208 1211
1703 1220 1219
1702 1391 1704
1703 1391 1390
1057 1201 1119
1201 1057 1059
1448 1704 1222
1346 1457 1357
1695 1705 1696
1688 1430 1427
1430 1688 1689
1178 1184 1179
1004 948 971
1004 971 1706
971 970 1048
1707 1708 1024
1709 1024 1708
1024 1709 1710
1710 1711 1024
1711 1025 1024
1712 1713 1025
1713 1712 1714
1715 1713 1714
1716 1717 1718
1719 1032 1030
1720 1717 1716
1721 1021 1010
1717 1030 1713
1030 1025 1713
1025 1030 1023
1010 1009 1721
1719 1030 1722
1720 1722 1717
1712 1025 1711
1013 1022 1018
1715 1717 1713
1718 1717 1715
1046 1038 1034
1029 1038 1046
1023 1707 1024
1031 1707 1023
1633 1645 1644
1723 367 366
1259 1413 1724
280 284 1725
1726 963 946
963 1726 1036
555 845 1002
830 1727 834
859 837 836
628 1180 1179
1155 628 1728
628 1184 1728
79 65 70
1729 636 216
348 512 509
1620 1593 1651
767 1487 1486
1548 1139 289
660 1460 860
723 722 680
1722 1030 1717
2 123 161
274 158 160
175 223 193
223 175 224
224 175 10
494 170 169
166 170 494
1466 1462 622
621 623 1560
860 1463 1512
860 1445 1444
1445 860 1512
1051 1055 1131
14 996 37
16 997 14
1122 1435 1191
1191 708 1122
1108 1107 815
101 99 98
1730 1700 1731
114 102 101
142 145 728
673 611 670
143 302 141
872 878 882
878 872 871
875 874 881
1134 632 1159
943 951 972
580 579 545
806 180 179
539 538 530
565 727 566
1527 1504 1503
198 352 196
318 534 319
368 899 1732
418 1733 901
1733 418 902
1296 1734 1305
1456 1364 1350
1226 1364 1735
1364 1226 1223
1736 1735 1364
1247 1353 1245
1353 1247 1248
1737 1738 1456
1354 1225 1224
1225 1354 1248
1342 1225 1249
1225 1342 1223
1245 1353 1355
1364 1738 1736
1736 1738 1737
1456 1738 1364
1254 1739 1329
1739 1254 778
1087 1086 1149
208 979 31
979 208 993
980 985 981
28 986 22
29 986 28
986 29 981
31 981 29
981 31 979
1513 989 991
991 989 988
1740 943 972
1049 960 957
609 958 960
958 609 608
1049 961 609
961 1049 967
957 960 956
1726 956 959
956 1726 954
946 954 1726
955 940 942
940 955 944
945 943 940
943 945 951
607 961 966
944 954 946
1740 972 1741
1741 972 950
858 840 838
941 943 1740
1742 1743 1744
1745 1746 1747
1748 1749 1750
1751 1752 1753
1754 1749 1748
1751 1755 1756
1756 1755 1742
1757 1753 1758
1753 1757 1759
889 1760 1761
1762 1750 1763
1764 1765 1766
1767 1768 1769
1770 1771 1772
746 1773 1774
1775 1776 1777
1773 1777 1778
746 1775 1777
1777 1776 1779
747 746 1774
1780 1781 1753
1782 746 745
1775 746 1782
1569 1572 1570
746 1777 1773
1779 1776 1783
825 241 1784
868 891 1760
889 707 1760
891 1785 1760
1786 1787 1788
1787 1786 1789
1790 1791 1792
1793 1794 1795
1796 1794 1797
1797 1791 1790
1798 1799 1800
1801 1802 1803
1804 1770 1772
905 825 907
1784 906 825
1805 1806 1807
1806 1792 1807
1792 1806 1790
1794 1793 1791
1792 1791 1793
1794 1791 1797
1795 1794 1796
1808 1795 1796
803 1784 241
1809 1810 1811
1809 1812 1810
1813 1812 1809
1812 1813 1814
1811 1810 1815
1811 1815 1816
1817 1745 1818
1745 1819 1818
1819 1745 1820
1821 1822 1815
1823 1814 1813
1810 1812 1821
1815 1810 1821
1824 1822 1825
1747 1820 1745
1751 1753 1759
744 735 741
735 744 736
1771 1826 1827
1827 1826 1828
1743 1764 1829
1830 1831 1832
1831 1830 1833
1834 1835 1836
1837 1838 1804
1772 1771 1827
1828 1826 1839
707 868 1760
868 707 526
1785 1840 1761
1763 1828 1839
1827 1767 1841
1767 1827 1828
1842 1843 1769
1769 1768 1842
1767 1844 1841
1844 1767 1769
1769 1845 1844
1843 1845 1769
1750 1749 1846
1847 1848 292
647 1849 292
1850 292 1849
292 1850 1847
1848 730 292
1568 1575 1569
1782 745 1851
1778 1777 1779
1788 1787 1852
1746 1853 1852
1853 1746 1854
1742 1855 1832
1756 1742 1744
1786 1856 1789
1789 1798 1800
1798 1789 1856
1857 1858 1859
1860 1751 1759
1861 1759 1757
1759 1861 1860
1860 1861 656
1860 1755 1751
1755 1860 1862
191 72 6
72 191 656
1860 191 1862
1753 1781 1863
1758 1753 1863
1787 1789 1800
1864 1848 1865
1865 1848 1847
1866 1800 1867
1800 1799 1867
1800 1866 1787
665 1834 183
656 191 1860
1836 1835 1868
183 1862 191
1747 1746 1869
1745 1854 1746
1854 1745 1870
1818 1819 1871
1817 1818 1871
1755 1855 1742
1744 1743 1829
1766 1831 1833
1831 1766 1765
1774 1773 1778
1746 1787 1869
1804 1838 1770
186 801 171
548 530 1872
539 302 143
623 1444 1561
984 983 1873
706 707 888
1760 1785 1761
1755 1836 1855
1753 1752 1780
665 183 182
168 166 494
192 18 17
18 19 13
21 20 18
27 22 21
226 21 192
563 27 226
24 29 25
32 30 26
158 274 454
454 155 115
1623 1621 1618
1658 1106 1202
915 1118 1117
1118 915 692
1661 1112 1098
1098 1660 1661
1169 869 870
869 1169 1203
102 104 99
104 144 303
303 141 301
99 303 100
301 293 100
83 77 91
97 76 78
76 97 81
82 90 83
916 1117 910
1117 916 915
1143 1199 1141
1199 1143 1202
820 1202 1143
1202 820 1658
1166 1107 1108
1199 1100 1141
839 1727 830
1727 836 834
834 831 830
1123 1185 1072
1185 1123 1197
1034 1701 1035
1439 1874 1000
1038 1701 1034
1701 1038 1874
2 1 8
1000 1874 1038
1701 1874 1439
1129 1035 1701
1035 1129 1663
1463 1511 1513
113 111 110
1490 114 1496
299 298 1685
1731 98 1685
186 170 654
653 757 654
146 148 759
562 528 361
526 525 544
1834 1836 1755
1755 1862 1834
665 1835 1834
1834 1862 183
1836 1868 1855
1855 1868 1875
1855 1830 1832
1830 1855 1875
1831 1742 1832
1742 1831 1743
1765 1764 1743
1765 1743 1831
1870 1745 1817
246 238 248
175 17 11
800 801 186
275 274 160
1106 1101 1202
1658 820 799
1095 1097 1093
1091 1068 1577
1094 1151 1097
1097 1126 1092
1085 772 1124
1135 1180 1064
1182 1157 1153
629 628 1155
1531 1180 628
1135 1064 1063
1158 1140 1156
1106 1658 1136
1136 1658 796
1511 1460 1459
1511 1510 1513
985 980 1433
1463 991 1138
863 1876 861
539 530 548
548 1872 553
530 538 531
1877 622 621
1700 98 1731
1700 1730 1496
689 688 692
1670 911 1878
1666 1879 1667
1185 1668 1070
1880 1536 1535
1537 1536 1542
1522 1523 1521
1575 1881 1569
1569 1881 1571
1411 1409 1331
781 779 1402
1750 1828 1763
1768 1750 1846
1767 1750 1768
1750 1767 1828
1846 1842 1768
1882 738 740
1882 744 738
1882 1883 744
1883 736 744
736 1883 743
1572 1566 1565
1566 1572 1571
1570 1582 1584
1605 1606 1610
1301 415 1242
412 1243 415
370 368 1732
433 434 431
338 929 339
1816 1815 1824
1815 1822 1824
465 905 193
1884 906 1784
167 585 140
168 585 167
896 150 149
149 519 329
603 519 149
595 567 541
541 567 524
564 534 565
535 534 564
131 594 132
132 594 541
124 128 127
535 128 124
95 87 54
87 95 89
849 848 1885
846 556 973
843 550 549
136 138 137
507 518 1886
139 518 507
507 1886 147
136 517 139
517 136 135
1887 1403 1408
1074 1145 821
821 1145 823
1787 1746 1852
187 186 563
1853 1788 1852
1164 816 1087
778 1358 1739
1405 1165 1888
1165 1405 1152
774 771 1889
774 1888 1165
774 772 771
1889 1888 774
1644 1635 1633
1616 1619 645
1619 1618 645
1632 641 640
1628 1630 1629
1555 1628 1556
1890 631 634
635 631 633
1891 1892 1893
1892 1891 1894
1895 1892 1894
1892 1895 1896
1897 1898 1899
1900 1901 1902
1903 1896 1895
1904 1905 1906
1905 1904 1907
1903 1908 1909
1910 1908 1911
1908 1910 1912
1912 1913 1908
1913 1912 1914
1915 1916 1917
1916 1915 1918
1919 1917 1920
1917 1919 1915
1921 1915 1919
1915 1921 1922
1923 1922 1921
1922 1923 1924
1925 1918 1922
1926 1927 1928
1927 1926 1929
1930 1926 1931
1926 1930 1929
1932 1931 1933
1931 1932 1930
1934 1935 1936
1935 1934 1933
1937 1933 1934
1933 1937 1932
1938 1934 1939
1934 1938 1937
1940 1941 1942
1941 1940 1943
1944 1943 1940
1943 1944 1945
1946 1940 1947
1940 1946 1944
1947 1942 1948
1942 1947 1940
1949 1947 1950
1947 1949 1946
1950 1948 1951
1948 1950 1947
1931 1935 1933
1935 1931 1952
1939 1936 1953
1922 1918 1915
1954 1955 1956
1955 1954 1957
1958 1893 1959
1960 1926 1928
1952 1931 1961
1952 1962 1935
1897 1899 1963
1927 1964 1928
1893 1965 1891
1966 1967 1968
1967 1969 1968
1956 1970 1971
1956 1955 1970
1972 1973 1974
1973 1972 1975
1976 1977 1978
1977 1976 1979
1924 1925 1922
1925 1924 1980
1925 1979 1976
1979 1925 1981
1980 1981 1925
1981 1980 1982
1970 1974 1973
1983 1984 1985
1986 1987 1988
1936 1989 1986
1989 1936 1990
1942 1991 1992
1991 1942 1941
1948 1992 1993
1992 1948 1942
1951 1993 1994
1993 1951 1948
1989 1995 1996
1990 1997 1989
1997 1990 1998
1999 2000 2001
1999 1954 1956
1954 1999 2002
1957 1974 1955
1974 1957 1913
1996 1987 1989
1989 1987 1986
1976 1918 1925
1918 1978 1916
1978 1918 1976
1970 1955 1974
1909 1901 1896
2003 2002 1999
2004 2005 2006
2007 1902 1909
1909 2008 2007
1914 1974 1913
1974 1914 1972
2009 1926 1960
1893 1963 1959
1896 1897 1892
1897 1896 1901
2006 1906 1905
1906 2006 2005
2010 1962 1952
1893 1897 1963
1892 1897 1893
2011 1960 2012
1960 2011 2013
1953 1936 1986
1902 1901 1909
1908 2008 1909
1913 2008 1908
2014 1907 1904
1998 1985 1997
1985 1998 1983
1984 2015 1985
1985 2016 1997
2016 1985 2015
2003 1967 1966
1967 2003 1999
2001 1967 1999
1967 2001 1969
2017 2005 2004
1965 1893 1958
2013 2009 1960
2009 2013 2018
1909 1896 1903
1911 1908 1903
1991 1953 2019
1953 1991 1941
1956 2000 1999
1971 2000 1956
2016 1995 1997
1997 1995 1989
1901 1898 1897
1900 1898 1901
1961 1931 1926
1952 2020 2010
2020 1952 1961
2009 1961 1926
1961 2018 2020
2018 1961 2009
1960 1928 2012
2021 1928 1964
1964 2022 2021
2012 1928 2021
2012 2022 2011
2022 2012 2021
1943 1953 1941
1953 1943 1939
1916 1972 1914
1972 1916 1978
1978 1975 1972
1975 1978 1977
1934 1936 1939
1945 1939 1943
1939 1945 1938
1917 1914 1912
1914 1917 1916
1920 1912 1910
1912 1920 1917
2019 1986 1988
1986 2019 1953
2023 2024 2025
2026 2025 2027
2028 2024 2023
2024 2028 2029
2024 2030 2027
2031 2032 2033
2034 2035 2036
2035 2034 2037
2038 2037 2034
2039 2040 2041
2042 2043 2044
2045 2046 2038
2046 2045 2039
2047 2039 2045
2039 2047 2048
2049 2050 2051
2050 2052 2051
2053 2050 2049
2050 2053 2054
2054 2055 2050
2055 2054 2056
2057 2058 2040
2059 2060 2061
2061 2062 2063
2064 2065 2066
2067 2068 2069
2070 2071 2072
2073 2074 2075
2074 2073 2076
2077 2075 2078
2075 2077 2073
2039 2041 2046
2079 2078 2080
2078 2079 2077
2081 2080 2082
2080 2081 2079
2083 2041 2084
2085 2086 2087
2088 2089 2090
2087 2091 2092
2090 2093 2094
2095 2096 2097
2096 2095 2098
2099 2100 2101
2100 2099 2102
2075 2074 2103
2054 2104 2056
2061 2105 2106
2105 2061 2063
2107 2059 2108
2109 2110 2111
2112 2054 2053
2113 2092 2114
2029 2030 2024
2115 2030 2116
2030 2115 2117
2118 2026 2027
2055 2052 2050
2086 2088 2087
2119 2104 2054
2120 2104 2119
2100 2096 2098
2096 2100 2121
2092 2091 2122
2123 2066 2124
2066 2125 2124
2126 2064 2127
2064 2126 2128
2129 2130 2131
2132 2133 2131
2041 2128 2126
2128 2041 2109
2041 2040 2109
2048 2040 2039
2040 2048 2057
2134 2135 2136
2137 2138 2139
2140 2139 2141
2139 2140 2137
2142 2143 2144
2145 2142 2144
2146 2145 2147
2145 2146 2142
2044 2137 2148
2149 2142 2146
2142 2149 2140
2129 2065 2064
2135 2138 2136
2136 2138 2137
2082 2146 2147
2146 2082 2080
2080 2149 2146
2149 2080 2078
2078 2103 2149
2103 2078 2075
2150 2086 2085
2109 2130 2128
2130 2109 2111
2151 2152 2153
2130 2064 2128
2130 2129 2064
2119 2112 2058
2154 2058 2057
2060 2062 2061
2037 2116 2035
2116 2037 2083
2149 2148 2140
2103 2155 2148
2043 2137 2044
2137 2043 2136
2068 2043 2069
2043 2068 2136
2156 2157 2043
2158 2159 2160
2148 2149 2103
2137 2140 2148
2085 2092 2150
2150 2092 2113
2140 2143 2142
2141 2143 2140
2091 2088 2094
2088 2091 2087
2161 2132 2131
2162 2163 2164
2165 2162 2166
2162 2165 2163
2133 2167 2131
2092 2085 2087
2088 2090 2094
2114 2092 2122
2058 2110 2040
2058 2154 2119
2074 2072 2103
2105 2072 2106
2072 2105 2070
2168 2169 2170
2083 2171 2116
2040 2110 2109
2145 2098 2095
2098 2145 2144
2102 2121 2100
2121 2102 2093
2101 2098 2144
2098 2101 2100
2089 2088 2086
2037 2046 2083
2027 2025 2024
2083 2046 2041
2030 2035 2116
2084 2171 2083
2030 2118 2027
2118 2030 2117
2046 2037 2038
2154 2120 2119
2120 2154 2172
2119 2054 2112
2076 2108 2074
2108 2076 2107
2067 2173 2068
2036 2029 2028
2029 2036 2035
2035 2030 2029
2061 2108 2059
2108 2061 2106
2127 2066 2123
2066 2127 2064
2108 2072 2074
2072 2108 2106
2069 2157 2174
2157 2069 2043
2069 2174 2067
2131 2167 2129
2130 2161 2131
2111 2161 2130
2116 2171 2115
2166 2175 2165
2099 2094 2102
2094 2099 2091
2122 2091 2099
2094 2093 2102
2072 2155 2103
2155 2072 2071
2176 2177 2031
2156 2043 2178
2177 2032 2031
2178 2043 2042
2068 2134 2136
2173 2134 2068
2065 2125 2066
2179 2180 2181
2182 2183 2184
2185 2186 2187
2188 2189 2190
2191 2192 2193
2194 2195 2196
2197 2198 2199
2200 2201 2202
2203 2204 2205
2183 2206 2207
2208 2180 2209
2210 2211 2212
2211 2210 2213
2214 2215 2216
2217 2218 2219
2220 2221 2222
2223 2224 2225
2226 2227 2228
2229 2230 2231
2232 2229 2233
2234 2235 2236
2237 2238 2223
2239 2240 2241
2240 2239 2242
2189 2243 2244
2245 2246 2247
2248 2249 2250
2249 2248 2251
2252 2240 2253
2240 2252 2241
2254 2245 2250
2255 2240 2242
2239 2256 2242
2256 2239 2257
2258 2259 2260
2206 2182 2261
2182 2206 2183
2262 2182 2184
2261 2182 2262
2263 2264 2265
2264 2263 2266
2267 2268 2269
2270 2267 2271
2272 2265 2273
2270 2274 2268
2274 2270 2275
2276 2277 2278
2279 2280 2276
2280 2279 2281
2282 2283 2284
2285 2286 2287
2288 2285 2287
2289 2290 2291
2292 2293 2294
2293 2292 2295
2296 2297 2298
2299 2300 2301
2302 2303 2304
2303 2302 2305
2306 2307 2308
2307 2306 2309
2310 2311 2312
2311 2310 2313
2179 2181 2314
2180 2298 2181
2315 2296 2316
2296 2315 2297
2317 2318 2288
2318 2317 2319
2320 2288 2321
2287 2322 2321
2226 2323 2324
2325 2326 2327
2226 2324 2325
2328 2329 2330
2331 2332 2333
2334 2335 2336
2335 2334 2337
2338 2311 2313
2311 2338 2339
2340 2338 2341
2338 2313 2342
2227 2338 2342
2338 2227 2343
2344 2345 2340
2340 2341 2344
2339 2346 2347
2181 2303 2314
2348 2318 2349
2350 2351 2286
2352 2353 2354
2353 2352 2350
2192 2191 2355
2352 2356 2357
2358 2359 2360
2361 2201 2200
2362 2363 2364
2363 2362 2349
2365 2362 2364
2366 2367 2368
2369 2364 2363
2364 2369 2370
2370 2365 2364
2371 2356 2352
2283 2372 2373
2374 2372 2283
2280 2375 2276
2375 2280 2376
2377 2276 2278
2276 2377 2279
2378 2376 2280
2281 2378 2280
2379 2380 2381
2380 2379 2382
2383 2384 2385
2384 2383 2386
2387 2384 2388
2384 2387 2385
2389 2384 2381
2384 2390 2381
2390 2384 2386
2384 2389 2388
2391 2392 2393
2394 2395 2396
2201 2391 2393
2391 2201 2397
2230 2232 2398
2399 2400 2401
2282 2402 2403
2404 2405 2406
2331 2407 2408
2407 2331 2409
2410 2411 2412
2413 2414 2415
2416 2417 2418
2315 2419 2420
2419 2315 2421
2422 2302 2304
2302 2422 2423
2421 2424 2419
2425 2417 2416
2424 2426 2427
2417 2425 2428
2429 2426 2421
2336 2430 2431
2430 2336 2335
2335 2407 2409
2407 2335 2337
2400 2404 2411
2383 2432 2386
2386 2278 2433
2434 2265 2272
2207 2206 2186
2435 2436 2437
2438 2377 2432
2439 2185 2440
2441 2303 2181
2303 2441 2304
2442 2374 2283
2321 2322 2438
2443 2315 2420
2315 2443 2297
2444 2445 2401
2446 2447 2448
2428 2425 2449
2444 2450 2445
2451 2198 2197
2452 2203 2453
2203 2452 2454
2416 2455 2425
2421 2316 2429
2316 2421 2315
2415 2456 2457
2456 2415 2458
2180 2179 2209
2459 2460 2461
2417 2457 2418
2457 2417 2413
2354 2371 2352
2359 2462 2224
2242 2463 2255
2463 2242 2256
2462 2257 2239
2257 2462 2464
2243 2307 2309
2465 2466 2467
2466 2465 2468
2469 2306 2308
2272 2273 2470
2471 2472 2473
2184 2474 2262
2317 2288 2320
2414 2475 2397
2475 2414 2413
2412 2404 2406
2415 2452 2458
2452 2415 2454
2416 2476 2455
2476 2416 2418
2454 2415 2414
2477 2301 2300
2478 2479 2480
2481 2482 2483
2484 2485 2486
2297 2487 2441
2488 2336 2431
2489 2259 2490
2259 2489 2491
2206 2261 2492
2261 2262 2492
2411 2493 2400
2397 2450 2444
2485 2205 2494
2205 2485 2453
2495 2496 2497
2496 2495 2498
2405 2404 2399
2398 2232 2395
2213 2499 2500
2199 2252 2253
2278 2277 2433
2501 2381 2502
2381 2501 2379
2503 2504 2505
2506 2275 2507
2272 2508 2434
2275 2440 2274
2509 2510 2511
2511 2512 2504
2502 2381 2390
2513 2508 2472
2513 2472 2471
2503 2509 2511
2506 2507 2508
2513 2439 2506
2439 2275 2506
2514 2379 2501
2514 2382 2379
2258 2260 2437
2273 2265 2264
2263 2275 2270
2275 2263 2507
2258 2490 2259
2186 2258 2437
2206 2515 2186
2279 2377 2372
2516 2372 2374
2373 2372 2377
2435 2238 2517
2284 2322 2286
2284 2286 2518
2395 2233 2215
2233 2395 2232
2519 2460 2459
2444 2401 2400
2400 2493 2444
2228 2227 2342
2279 2372 2516
2520 2210 2212
2234 2210 2520
2430 2333 2521
2332 2522 2523
2524 2523 2522
2332 2311 2522
2189 2307 2243
2453 2203 2205
2446 2525 2447
2446 2448 2526
2450 2475 2527
2422 2479 2528
2443 2487 2297
2487 2478 2480
2441 2487 2480
2441 2480 2304
2198 2451 2295
2308 2189 2188
2248 2247 2244
2219 2529 2530
2529 2219 2218
2531 2331 2532
2331 2531 2332
2435 2517 2436
2291 2533 2528
2252 2198 2486
2253 2240 2255
2210 2534 2499
2535 2461 2460
2292 2452 2485
2471 2207 2513
2207 2471 2183
2220 2222 2536
2322 2283 2373
2283 2322 2284
2537 2528 2538
2528 2537 2291
2279 2516 2539
2353 2318 2348
2418 2456 2476
2456 2418 2457
2191 2495 2497
2355 2293 2192
2293 2355 2294
2194 2477 2300
2360 2359 2246
2312 2311 2332
2200 2202 2540
2525 2541 2447
2227 2226 2327
2327 2226 2325
2343 2327 2326
2327 2343 2227
2542 2520 2212
2543 2508 2470
2508 2543 2472
2359 2464 2462
2358 2464 2359
2355 2191 2497
2360 2246 2544
2445 2450 2527
2397 2475 2450
2238 2435 2545
2302 2423 2319
2389 2381 2380
2413 2415 2457
2546 2547 2548
2503 2511 2504
2506 2508 2513
2479 2422 2480
2413 2428 2475
2428 2413 2417
2184 2473 2474
2473 2184 2471
2246 2245 2544
2246 2359 2224
2403 2549 2550
2551 2255 2463
2255 2551 2253
2308 2307 2189
2270 2268 2267
2314 2305 2320
2303 2305 2314
2304 2480 2422
2479 2478 2538
2532 2180 2531
2552 2329 2328
2270 2266 2263
2214 2395 2215
2553 2236 2554
2236 2553 2234
2216 2234 2553
2216 2555 2214
2555 2216 2556
2439 2440 2275
2435 2260 2189
2557 2239 2241
2239 2557 2462
2515 2489 2490
2515 2258 2186
2490 2258 2515
2319 2369 2363
2558 2223 2225
2320 2305 2317
2321 2288 2287
2237 2559 2560
2559 2237 2223
2436 2187 2437
2330 2310 2208
2298 2180 2532
2561 2310 2330
2532 2408 2298
2408 2532 2331
2373 2377 2438
2187 2186 2437
2186 2185 2439
2286 2322 2287
2544 2245 2254
2562 2544 2254
2537 2289 2291
2563 2192 2293
2192 2563 2193
2564 2423 2565
2293 2451 2563
2451 2293 2295
2336 2488 2334
2319 2363 2318
2206 2489 2515
2244 2251 2248
2251 2244 2243
2517 2238 2237
2560 2200 2540
2200 2560 2559
2298 2441 2181
2259 2468 2465
2468 2259 2491
2188 2467 2469
2466 2566 2467
2188 2469 2308
2294 2567 2292
2567 2294 2496
2568 2569 2570
2186 2439 2207
2207 2439 2513
2204 2201 2361
2571 2493 2410
2556 2553 2529
2553 2556 2216
2220 2556 2529
2392 2572 2573
2573 2214 2555
2214 2573 2572
2556 2220 2555
2531 2312 2332
2414 2397 2204
2218 2221 2220
2313 2561 2574
2561 2313 2310
2573 2220 2536
2201 2393 2202
2220 2573 2555
2208 2310 2312
2574 2575 2576
2575 2574 2561
2574 2577 2228
2574 2342 2313
2342 2574 2228
2317 2302 2319
2312 2531 2208
2222 2393 2536
2393 2222 2202
2536 2392 2573
2393 2392 2536
2432 2377 2278
2438 2322 2373
2209 2330 2208
2330 2209 2328
2578 2244 2247
2218 2220 2529
2432 2278 2386
2298 2297 2441
2397 2493 2391
2225 2486 2558
2486 2225 2557
2249 2254 2250
2254 2249 2562
2248 2245 2247
2392 2579 2572
2221 2218 2217
2357 2350 2352
2350 2357 2351
2286 2351 2518
2403 2442 2283
2550 2442 2403
2375 2277 2276
2200 2205 2361
2528 2565 2422
2318 2353 2288
2318 2363 2349
2580 2565 2533
2565 2580 2564
2528 2479 2538
2444 2493 2397
2216 2534 2234
2578 2224 2238
2238 2224 2223
2494 2205 2559
2250 2245 2248
2545 2244 2578
2241 2486 2557
2486 2241 2252
2205 2204 2361
2454 2204 2203
2414 2204 2454
2397 2201 2204
2545 2189 2244
2545 2578 2238
2435 2189 2545
2300 2195 2194
2483 2569 2568
2569 2483 2482
2581 2582 2583
2584 2396 2585
2396 2584 2394
2396 2395 2572
2319 2423 2369
2199 2253 2551
2508 2507 2434
2586 2467 2566
2572 2579 2396
2571 2579 2392
2499 2534 2216
2234 2534 2210
2198 2295 2484
2484 2486 2198
2567 2452 2292
2184 2183 2471
2484 2292 2485
2291 2290 2533
2423 2422 2565
2565 2528 2533
2533 2290 2580
2402 2549 2403
2403 2283 2282
2305 2302 2317
2531 2180 2208
2350 2286 2285
2350 2285 2353
2353 2285 2288
2559 2205 2200
2224 2557 2225
2557 2224 2462
2522 2311 2587
2339 2347 2587
2587 2524 2522
2587 2311 2339
2588 2524 2587
2558 2559 2223
2494 2559 2558
2558 2485 2494
2485 2558 2486
2434 2263 2265
2507 2263 2434
2211 2542 2212
2520 2542 2589
2347 2588 2587
2346 2588 2347
2588 2346 2590
2345 2344 2591
2345 2590 2346
2590 2345 2591
2340 2346 2339
2345 2346 2340
2231 2398 2592
2398 2231 2230
2230 2229 2232
2398 2584 2592
2584 2398 2394
2395 2394 2398
2396 2410 2585
2410 2396 2579
2421 2426 2424
2427 2426 2429
2247 2224 2578
2247 2246 2224
2260 2190 2189
2437 2260 2435
2271 2266 2270
2198 2252 2199
2391 2493 2392
2493 2411 2410
2411 2404 2412
2485 2452 2453
2295 2292 2484
2355 2496 2294
2496 2355 2497
2399 2404 2400
2410 2579 2571
2392 2493 2571
2572 2395 2214
2190 2467 2188
2467 2190 2465
2190 2259 2465
2339 2338 2340
2521 2333 2523
2409 2333 2335
2331 2333 2409
2335 2333 2430
2333 2332 2523
2470 2508 2272
2593 2423 2564
2428 2449 2475
2210 2499 2213
2260 2259 2190
2594 2575 2329
2575 2594 2595
2323 2596 2324
2596 2323 2597
2576 2598 2577
2575 2599 2576
2599 2575 2595
2324 2596 2325
2329 2561 2330
2561 2329 2575
2552 2594 2329
2599 2598 2576
2576 2577 2574
2577 2597 2323
2597 2577 2598
2228 2323 2226
2577 2323 2228
2589 2235 2520
2520 2235 2234
2530 2553 2554
2553 2530 2529
2600 2601 2602
2601 2600 2603
2604 2601 2603
2601 2604 2605
2606 2607 2608
2607 2606 2609
2610 2611 2612
2613 2614 2615
2616 2617 2610
2618 2617 2616
2619 2620 2613
2621 2619 2622
2619 2621 2618
2621 2623 2618
2623 2621 2624
2625 2626 2627
2626 2625 2628
2629 2627 2630
2627 2629 2625
2631 2625 2629
2625 2631 2632
2632 2628 2625
2628 2632 2633
2634 2632 2631
2632 2635 2633
2636 2637 2638
2639 2640 2641
2640 2639 2642
2643 2636 2644
2636 2643 2645
2644 2636 2641
2636 2639 2641
2646 2647 2648
2649 2650 2651
2650 2649 2652
2649 2653 2654
2653 2649 2655
2652 2654 2656
2654 2652 2649
2657 2658 2659
2658 2657 2660
2660 2656 2661
2656 2660 2652
2662 2663 2664
2663 2662 2658
2665 2666 2667
2666 2665 2668
2666 2664 2669
2664 2666 2662
2668 2670 2671
2670 2668 2672
2667 2666 2669
2634 2635 2632
2673 2674 2638
2636 2645 2637
2675 2676 2677
2678 2641 2679
2641 2678 2644
2647 2644 2678
2644 2647 2643
2612 2609 2606
2609 2612 2611
2680 2605 2604
2605 2680 2681
2669 2682 2667
2682 2669 2683
2610 2681 2614
2681 2610 2612
2648 2647 2678
2648 2649 2651
2649 2648 2655
2678 2655 2648
2630 2622 2684
2655 2679 2653
2679 2655 2678
2653 2685 2654
2685 2653 2686
2641 2687 2679
2687 2641 2640
2663 2688 2664
2688 2663 2689
2661 2689 2663
2689 2661 2690
2679 2686 2653
2686 2679 2687
2656 2685 2691
2664 2683 2669
2683 2664 2688
2692 2611 2610
2618 2623 2617
2617 2692 2610
2617 2623 2693
2693 2692 2617
2676 2607 2677
2607 2676 2608
2637 2673 2638
2676 2675 2602
2605 2608 2601
2608 2605 2606
2675 2600 2602
2601 2676 2602
2676 2601 2608
2681 2606 2605
2606 2681 2612
2618 2620 2619
2618 2616 2620
2620 2610 2614
2681 2615 2614
2615 2681 2680
2620 2614 2613
2629 2684 2694
2684 2629 2630
2631 2694 2695
2694 2631 2629
2696 2672 2665
2631 2695 2634
2662 2659 2658
2697 2659 2698
2659 2697 2657
2699 2651 2650
2651 2699 2700
2698 2659 2670
2671 2659 2662
2700 2648 2651
2648 2700 2646
2666 2671 2662
2671 2666 2668
2670 2659 2671
2672 2668 2665
2654 2685 2656
2701 2639 2674
2639 2701 2642
2674 2673 2701
2674 2636 2638
2636 2674 2639
2699 2657 2697
2657 2699 2650
2656 2690 2661
2690 2656 2691
2622 2630 2621
2658 2661 2663
2661 2658 2660
2650 2660 2657
2660 2650 2652
2627 2624 2621
2624 2627 2626
2627 2621 2630
2616 2610 2620
2702 2703 2704
2705 2706 2707
2706 2705 2708
2709 2710 2711
2710 2709 2704
2712 2713 2714
2715 2716 2717
2716 2715 2718
2719 2715 2720
2715 2717 2721
2720 2721 2722
2723 2722 2724
2725 2726 2727
2726 2725 2728
2728 2724 2729
2724 2728 2730
2728 2729 2731
2727 2726 2732
2732 2731 2733
2731 2732 2726
2732 2705 2734
2705 2732 2708
2708 2732 2735
2735 2732 2733
2736 2737 2738
2737 2736 2702
2739 2718 2740
2718 2739 2716
2741 2740 2742
2740 2741 2739
2703 2702 2736
2743 2742 2740
2742 2743 2744
2745 2718 2746
2747 2748 2749
2750 2751 2749
2749 2752 2750
2752 2749 2748
2751 2750 2753
2754 2755 2756
2749 2751 2757
2758 2759 2760
2760 2759 2761
2750 2762 2763
2762 2750 2752
2750 2763 2764
2764 2753 2750
2765 2760 2766
2760 2765 2758
2767 2768 2769
2766 2761 2770
2761 2766 2760
2766 2770 2771
2772 2773 2767
2774 2773 2772
2773 2774 2707
2775 2774 2772
2776 2774 2777
2777 2774 2775
2777 2775 2778
2777 2779 2776
2780 2779 2777
2778 2780 2777
2775 2781 2782
2781 2775 2772
2778 2782 2783
2782 2778 2775
2784 2785 2786
2786 2785 2787
2788 2789 2790
2790 2789 2791
2786 2780 2792
2786 2787 2793
2794 2795 2796
2780 2786 2779
2794 2790 2755
2790 2794 2788
2797 2798 2756
2780 2799 2792
2800 2801 2802
2803 2802 2804
2804 2805 2806
2807 2804 2806
2754 2794 2755
2794 2754 2795
2756 2808 2754
2755 2797 2756
2809 2810 2811
2812 2813 2814
2807 2812 2815
2815 2804 2807
2804 2815 2816
2817 2818 2819
2820 2818 2821
2822 2823 2824
2703 2825 2710
2826 2827 2828
2827 2826 2829
2830 2828 2831
2832 2833 2834
2833 2832 2835
2834 2836 2832
2837 2838 2839
2840 2841 2839
2841 2840 2842
2843 2844 2845
2846 2845 2847
2848 2849 2850
2851 2852 2853
2854 2855 2856
2817 2857 2858
2859 2860 2861
2860 2859 2862
2863 2864 2825
2865 2866 2867
2850 2868 2869
2868 2870 2869
2871 2872 2873
2867 2874 2875
2874 2867 2876
2712 2714 2877
2714 2746 2719
2878 2879 2880
2881 2882 2883
2884 2885 2886
2887 2749 2757
2888 2889 2890
2891 2892 2727
2893 2886 2707
2894 2877 2719
2877 2894 2895
2832 2836 2896
2897 2898 2899
2898 2897 2900
2901 2902 2903
2902 2901 2904
2904 2905 2906
2907 2908 2909
2910 2735 2733
2908 2911 2909
2912 2911 2908
2913 2850 2849
2914 2915 2849
2915 2914 2916
2917 2918 2919
2918 2917 2920
2921 2922 2923
2922 2921 2924
2925 2926 2927
2928 2723 2730
2872 2871 2929
2930 2931 2932
2931 2930 2933
2934 2930 2932
2930 2934 2935
2932 2936 2934
2936 2932 2937
2938 2939 2940
2939 2938 2941
2937 2942 2940
2943 2937 2940
2944 2938 2945
2946 2947 2945
2945 2940 2946
2940 2945 2938
2938 2944 2948
2949 2950 2951
2950 2949 2952
2953 2952 2954
2952 2953 2926
2955 2954 2952
2951 2956 2949
2957 2958 2959
2958 2957 2960
2961 2712 2927
2927 2953 2961
2953 2927 2926
2879 2962 2963
2713 2878 2964
2965 2878 2880
2966 2962 2879
2879 2961 2966
2961 2879 2878
2746 2714 2967
2968 2713 2964
2713 2969 2967
2970 2971 2972
2973 2974 2970
2975 2971 2970
2970 2969 2975
2969 2970 2974
2744 2976 2977
2744 2977 2703
2824 2823 2978
2976 2744 2979
2980 2967 2981
2980 2982 2979
2982 2980 2981
2983 2984 2985
2986 2987 2988
2746 2967 2745
2981 2974 2989
2990 2991 2992
2993 2847 2994
2995 2996 2997
2996 2995 2998
2999 3000 3001
3000 2999 3002
3003 3004 2843
3005 2843 2846
3006 2805 2993
2981 2989 2982
2973 3007 2974
2982 2988 2824
2988 2982 2986
2987 3008 2988
3009 3010 3011
3012 2831 2828
2831 3012 3013
3013 3012 3014
3015 2828 2827
2828 3015 3012
3016 3017 3018
3019 3020 3021
3022 2898 3023
2711 3024 3025
3026 3027 3028
2950 2952 2926
3029 3030 3031
3029 3032 3030
3032 3029 3033
3030 3032 3034
3035 2959 3036
3037 3038 3039
3040 3041 3042
3043 3044 3045
3046 3047 3048
3049 3050 3051
2904 3052 3053
2898 3022 3054
3055 3056 3057
3058 3059 3060
3059 3058 3017
3061 3062 3063
3064 3065 3066
3016 3018 3067
3068 3069 3070
3071 3072 3069
3073 3037 3039
3037 3073 3049
3074 2923 3075
2923 3074 2921
2920 3076 2915
3076 2920 3077
2921 3072 3071
3072 2921 3074
3078 3079 3080
3079 3078 3081
3082 3059 3083
3059 3082 3060
3084 3085 3086
3087 3088 3089
3088 3087 3090
3091 3087 3092
3090 3081 3078
3081 3090 3093
3080 3094 3095
3078 3096 3097
3080 3096 3078
3098 3099 3100
3101 3098 3102
3098 3103 3104
3103 3098 3101
3105 3106 3107
3104 3108 3099
3105 3104 3109
3104 3105 3110
3111 3112 3113
3114 3115 3116
3115 3114 3117
3118 2959 3119
2959 3118 3120
3121 3122 3123
3026 3124 3125
3126 3121 3123
3121 3127 3026
3127 3121 3126
3128 3129 3130
3131 3086 3033
3124 3026 3132
3133 3134 3135
3133 3136 3137
3138 3133 3135
3133 3132 3136
3132 3133 3138
3139 3140 3011
3141 3142 3010
3143 3144 3145
3129 3146 3130
2998 3147 3148
3128 3136 3129
3137 3136 3128
3141 3010 3144
3145 3144 3149
3140 3139 3150
3151 3152 3150
3153 3154 3155
2976 2979 2824
2863 2858 2864
2858 2863 3156
3157 3158 3159
2978 2861 2976
3143 3141 3144
3130 3146 3160
2974 3007 2989
2967 2974 2981
2974 2967 2969
2740 2718 2745
2979 2743 2980
2976 2824 2978
2979 2744 2743
2714 2713 2967
2703 2977 2863
3161 3162 3163
3124 3132 3164
3165 3161 3163
3166 3124 3164
2969 2713 2968
2895 3167 2925
3132 3168 3129
3120 3118 3169
3170 3171 3172
2878 2712 2961
2712 2878 2713
2936 2937 3173
2950 2925 2941
3092 3089 3174
3175 3108 3176
2951 2950 3177
3178 3179 3180
2944 2945 3181
2938 2948 2941
3182 3183 3184
3185 3096 3186
3187 3182 3184
3188 3185 3186
3185 3088 3097
3088 3185 3189
2934 2936 3190
3191 3192 3086
2939 2941 3167
2930 2935 3193
2930 3193 2933
3093 3087 3091
3087 3093 3090
2940 2939 2943
3102 3098 3100
2929 2871 3194
2875 2874 3195
3196 3197 2875
2871 3196 2875
3084 3016 3198
2894 2720 2723
2929 3173 2872
3199 3034 3032
3034 3199 3200
3201 3202 3203
3204 3034 3200
3084 3205 3085
3202 3206 3203
2867 2875 3207
2915 2913 2849
2913 2915 3076
3208 3069 3068
3071 3069 3208
3209 2842 2868
2842 3209 2841
2924 3071 3208
2917 2919 3210
3211 3212 3213
3212 3211 3214
2920 2915 2916
3214 3215 3212
3050 3049 3073
3061 3063 3216
3065 3064 3217
2917 3077 2920
3077 2917 3218
3219 2841 3220
3221 3030 3034
2932 2942 2937
2942 2932 2931
3108 3175 3222
3108 3104 3110
3108 3110 3176
3223 3224 3225
3224 3223 3226
3227 3228 3229
3228 3061 3230
3061 3228 3231
3062 3061 3231
3232 3233 3234
3037 3235 3038
3236 2826 3237
3238 3148 3239
3240 2844 3241
3242 2835 3243
2835 3242 3244
3245 3224 3226
3246 3247 3227
3244 3242 3248
2832 3243 2835
3243 2832 3249
3004 3250 3241
3250 3004 2997
2801 2999 2995
3251 3252 3253
3251 3254 3252
2996 3250 2997
3250 2996 3255
3256 3257 3147
3254 3258 3252
2801 3002 2999
3002 2801 2800
3036 2959 3120
3026 3259 3260
3259 3026 3127
3152 3261 3150
3262 3263 3191
3230 2883 3228
3264 2908 3062
2908 3264 2912
3230 3061 3216
2728 3265 2730
3265 2728 2725
2865 2867 3207
2876 2867 2866
3020 3019 3041
3266 3267 3268
3016 3084 3059
3225 3269 3270
2903 3271 3272
3012 3015 3273
3152 3274 3261
3157 3275 3276
3157 3277 3278
2887 2747 2749
2773 2707 2706
2886 2885 2705
2798 2808 2756
2808 2798 2809
2996 2998 3148
3047 3279 3280
3279 3047 3111
3247 3246 3281
2902 3282 3281
3282 2902 3283
2904 2901 2905
3235 3037 3284
3279 3111 3285
2900 3048 3047
3048 2900 2897
3075 2923 3286
2842 3287 3288
3289 2840 2838
2923 2922 3286
3218 2917 3210
2924 2921 3071
3050 3290 3051
3049 3291 3284
3062 3292 3063
3062 2908 2907
3292 3062 2907
2960 2957 3293
2937 2943 3173
3294 2949 2956
2957 3295 3293
3148 3147 3251
3244 3296 3297
3298 3299 3300
3299 3298 3301
3302 3303 3304
2851 3217 3064
3217 2851 3305
2852 3064 3066
3064 2852 2851
2842 3289 3287
3289 2842 2840
3181 2945 2947
3306 3307 3308
3309 3310 3311
3312 3313 3314
3315 3316 3317
3316 3318 3317
3319 3320 3321
3320 3322 3321
3323 3324 3325
3326 3327 3328
3327 3329 3328
3330 3331 3332
3333 3334 3335
2888 3265 2725
3336 3337 3333
3295 2957 3035
2957 2959 3035
2918 2920 2916
3338 2918 2916
3306 3339 3307
3340 3306 3308
2875 3197 3207
3016 3067 3198
3277 3157 3276
2857 2817 2819
2860 2862 3156
3341 2821 2817
2886 2705 2707
2862 3341 2817
3156 2863 2977
2821 2818 2817
3342 3343 3344
3345 3346 3347
2993 3348 3349
3350 3351 3352
3351 3353 3352
2928 2895 2894
2895 2928 3354
3355 3356 3357
3355 2850 2869
2872 2888 2873
2774 2776 3358
3359 3360 3361
2805 3006 2806
2847 2993 2846
2993 2994 3348
3360 3362 3361
3027 3026 3125
3363 3364 3365
2885 2891 2734
2884 3366 3367
2884 3368 3369
2856 2855 3370
3368 2884 2855
2885 2884 3371
2891 2885 3371
3372 3373 3314
3312 3314 3373
3374 3375 3376
3313 3377 3314
3269 3225 3378
3379 3269 3378
3269 3379 3380
3381 3382 3383
3383 3043 3045
3384 3385 3386
3043 3385 3384
3044 3043 3384
3385 3043 3382
3382 3043 3383
2878 2965 2964
3121 3026 3028
3122 3121 3028
2879 2963 2880
3387 3388 3389
3387 3390 3391
3390 3387 3392
3387 3393 3388
3392 3394 3395
3396 3393 3397
3396 3398 3388
3399 3400 3401
3400 3399 3402
3402 3403 3400
3404 3401 3405
3401 3404 3399
3404 3406 3407
3408 3228 2882
3228 3408 3409
3402 3410 3411
3412 3413 3414
3413 3415 3414
3416 3415 3417
3415 3413 3417
3418 3419 3420
3421 3422 3423
3423 3424 3425
3383 3424 3381
3422 3424 3423
3383 3045 3425
3424 3422 3426
3424 3426 3381
3267 3427 3428
3427 3267 3429
3430 2994 2847
3430 3372 3376
3372 3430 2845
3431 3376 3375
3432 3430 3433
3430 3432 2994
2846 2843 2845
3434 3435 3436
3435 3420 3436
3420 3435 3418
3437 3438 3439
3440 3441 3442
3440 3443 3444
3438 3445 3439
3444 3446 3440
3363 3365 3440
3447 3448 3449
3450 3451 3452
3450 3453 3454
3440 3442 3363
2881 3455 3456
3455 2881 3457
3228 2883 2882
3281 3223 3271
3458 3230 3216
3355 3459 2848
3460 3461 3459
3461 2914 2849
3458 3462 2883
2882 2881 3456
3457 2881 3463
3456 3408 2882
3450 3452 3464
3459 2892 3460
2734 2891 2727
3451 3465 3452
3466 3467 3468
3469 3470 3471
3472 3473 3474
3475 3476 3473
3477 3478 3479
3480 3481 3482
3483 3482 3484
3485 3486 3487
3488 3489 3490
3491 3492 3493
3494 3495 3496
3495 3494 3497
3498 3499 3500
3498 3497 3501
2888 3502 2889
3173 3503 2872
3503 3173 3504
3173 3505 3504
3505 3173 2943
3494 3506 3507
3460 2892 2891
3357 2892 3459
2881 3508 3463
3230 3458 2883
3509 3510 3511
3510 3512 3511
3512 3510 3513
3514 3513 3515
3514 3516 3517
3518 2990 2992
3519 3520 3521
3522 3523 3524
3523 3525 3526
2939 3167 3527
3528 3529 3530
3529 3528 3525
2939 3527 2943
2892 2725 2727
2725 2892 3357
3508 2883 3462
3531 3340 3308
3532 3533 3534
3535 3536 3534
3536 3535 3537
3538 3537 3539
3540 3541 3542
3541 3540 3532
3537 3543 3539
3543 3537 3535
3539 3544 3306
3544 3539 3543
3148 3545 3239
3545 3148 3251
3147 3258 3254
3258 3147 3257
3147 3254 3251
3546 3547 3548
3547 3546 3549
3549 3258 3547
3550 3548 3551
3548 3550 3546
3339 3552 3307
2996 3148 3238
3255 2996 3238
3306 3544 3553
3554 3555 3556
3557 3558 3554
3558 3557 3339
3553 3558 3339
3556 3557 3554
2705 2885 2734
3540 3559 3560
3561 3539 3306
3536 3537 3538
3325 3562 3360
3356 2869 2873
3357 2888 2725
3357 3356 2873
3563 3564 3565
3557 3552 3339
3300 3299 3423
3374 3376 3314
3377 3374 3314
3299 3421 3423
3566 3567 3568
3567 3301 3298
3301 3567 3566
3430 3376 3431
3433 3430 3431
3569 3226 3570
3226 3569 3245
3528 3571 3572
3571 3528 3520
2855 2884 3367
3370 2855 3367
3365 3443 3440
3573 3574 3575
3576 3577 3578
3573 3579 3580
3577 3581 3578
3577 3582 3581
3579 3583 3580
3576 3584 3585
3584 3576 3579
3585 3577 3576
3577 3585 3586
3461 2848 3459
2848 2850 3355
3356 3355 2869
3262 3587 3263
3587 3262 3588
3587 3588 3589
3225 3244 3248
3283 2902 3053
2902 2904 3053
3378 3225 3224
3281 3271 2902
3590 3591 3409
3229 3228 3409
3100 3592 3102
3100 3222 3592
3222 3100 3099
3570 3593 3569
3223 3225 3248
3099 3098 3104
3570 3246 3229
3246 3570 3226
3594 3056 3595
3056 3594 3057
2912 3264 3596
3223 3246 3226
3246 3223 3281
2899 3595 2897
3051 3213 3049
2900 3597 2898
3037 3049 3284
3111 3047 3046
3112 3111 3046
3030 2851 3598
3031 3030 3598
3599 3201 3600
3600 3201 3203
3205 3084 3198
3150 3139 3151
3070 3069 3601
3146 3129 3602
3132 3260 3168
3026 3260 3132
3136 3132 3129
2959 3603 3119
3603 2959 2958
3604 3118 3119
3109 3605 3606
3096 3080 3095
3104 3605 3109
3605 3104 3103
3106 3105 3109
3106 3109 3606
3078 3097 3090
3080 3079 3094
3291 3049 3213
3294 2955 2949
2955 2952 2949
3097 3096 3185
2895 3354 3607
3167 2941 2925
2925 2950 2926
3527 3608 3609
2972 2973 2970
3527 3167 3607
2980 2743 2745
2743 2740 2745
2967 2980 2745
2979 2982 2824
2822 2824 2988
3008 2822 2988
3149 3010 3009
3010 3149 3144
3010 3139 3011
3142 3139 3010
2854 3368 2855
3097 3088 3090
3089 3092 3087
3089 3189 3174
3189 3089 3088
3099 3108 3222
3086 3032 3033
3059 3017 3016
3192 3191 3263
3018 3017 3058
3086 3192 3083
3084 3086 3083
3083 3059 3084
3610 3611 3612
3613 3614 3615
3616 3617 3618
3285 3111 3113
3052 2904 2906
3619 3473 3620
3621 3622 3328
3623 3624 3625
3249 2832 2896
3014 3012 3273
3626 3627 3628
3532 3560 3533
3560 3532 3540
3371 2884 3369
3629 2934 3190
3630 3040 3631
3280 2900 3047
2900 3280 3597
3631 3632 3630
3044 3633 3045
3271 2903 2902
3634 2903 3272
3020 3041 3040
2868 2850 3209
3635 3175 3176
3636 3130 3160
3637 3638 3639
3150 3159 3640
3261 3157 3159
3641 2821 3341
2821 3641 2820
3158 3157 3278
2817 3156 2862
3641 2862 2859
2862 3641 3341
3023 2898 3597
3194 2871 3195
3263 3083 3192
3083 3263 3082
2871 2875 3195
3020 3040 2826
2829 3040 3630
3040 2829 2826
3131 3191 3086
3085 3032 3086
3642 3643 3644
3643 3642 3645
3646 3647 3648
3647 3646 3642
3649 3650 3651
3652 3653 3654
3646 3655 3656
3655 3646 3657
3658 3659 3655
3658 3660 3661
3660 3658 3662
3310 3309 3663
3653 3647 3654
3647 3653 3664
3664 3648 3647
3648 3664 3665
3666 3664 3667
3664 3666 3665
3020 2826 3236
3668 3669 3663
3653 3667 3664
3670 3665 3666
3665 3670 3671
3649 3671 3670
3671 3649 3672
3673 3672 3651
3674 3652 3654
3258 3257 3547
3675 3252 3258
3004 2995 2997
2995 3004 3003
2802 3005 2805
2801 3003 3005
2999 2998 2995
2998 2999 3001
2998 3001 3147
3339 3306 3553
2805 2846 2993
3256 3147 3001
3000 3256 3001
3676 3677 3678
3679 3050 3073
2781 2767 2769
2768 3680 2769
3681 3682 3683
3684 3685 3686
3682 3687 3688
3681 3683 3689
3690 3691 3692
3686 3693 3684
3693 3686 3690
2813 3685 2814
2724 3694 3687
3695 3681 3689
2739 3696 3697
3696 2739 2741
2739 3697 3698
2716 3698 3699
2724 3700 3694
3700 2724 2722
2737 3701 3702
3694 3688 3687
2722 3703 3700
3703 2722 2721
2721 3699 3703
3699 2721 2717
3257 3704 3705
3672 3649 3651
3650 3706 3651
3707 3708 3709
3710 3711 3712
3711 3710 3713
2702 2704 3714
3710 3712 3701
2741 3702 3696
3702 2741 2738
2742 2738 2741
2738 2742 2736
2744 2703 2736
2742 2744 2736
3715 3716 3717
3716 3715 3718
3714 3713 3710
3713 3714 3719
2710 3024 2711
3720 3707 3709
3707 3720 3715
2709 3715 3717
2718 2719 2746
2719 2718 2715
3721 3716 3722
3713 3719 3723
3718 3715 3724
3725 3726 3727
3718 3722 3716
3722 3718 3728
3025 3729 2711
2737 3710 3701
2709 2711 3708
3729 3708 2711
2710 3730 3024
3707 3715 2709
3728 3718 3724
3708 3707 2709
3712 3711 3731
3732 3733 3734
3733 3732 3725
3735 3736 3737
3671 3738 3665
3738 3671 3739
3731 3740 3712
2704 3719 3714
3719 2704 2709
3719 3717 3723
3710 2737 3714
2737 2702 3714
2738 2737 3702
3719 2709 3717
3717 3721 3723
3721 3717 3716
3708 3729 3709
2808 2809 3741
3741 2809 2811
3685 3684 2814
3742 3743 3744
3743 3742 3745
3745 3274 3743
3274 3745 3746
3261 3159 3150
3275 3261 3747
3261 3275 3157
3746 3747 3274
3274 3747 3261
3748 3735 3737
2710 3749 3730
3672 3739 3671
3739 3672 3750
3340 3561 3306
3310 3751 3661
3657 3658 3655
2985 3752 3753
3407 3406 3754
3755 3411 3410
3411 3755 3756
3754 3410 3407
3410 3754 3755
3405 3406 3404
3407 3399 3404
3410 3402 3399
3756 3618 3757
3618 3756 3616
3397 3387 3391
3387 3397 3393
3758 3617 3616
3759 3760 3761
3762 3763 3764
3765 3766 3767
3768 3523 3522
3769 3770 3771
3772 3773 3774
3775 3507 3506
3776 3777 3524
3507 3497 3494
3497 3507 3501
3778 2983 2985
3778 3753 3394
3779 3780 3781
3782 3783 3784
3783 3782 3785
3786 3767 3766
3767 3786 3785
3787 3473 3619
3518 3788 3789
3790 3789 3791
3792 3771 3770
3793 3794 3795
3794 3793 3771
3796 3797 3798
3797 3796 3799
3800 3389 3801
3389 3800 3394
3802 3803 3804
3805 3513 3510
3513 3805 3515
3806 3805 3807
3805 3806 3515
3515 3808 3809
3808 3515 3806
3464 3810 3811
3810 3464 3516
3809 3516 3514
3812 3452 3465
3452 3516 3464
3516 3452 3812
3464 3453 3450
3436 3813 3814
3813 3436 3453
3801 3434 3814
3436 3814 3434
3815 3420 3419
3801 3389 3388
3816 3817 3818
3819 3611 3610
3612 3617 3758
3617 3612 3611
3820 3819 3610
3821 3822 3823
3824 3773 3825
3826 3475 3473
2992 3827 3518
3794 3828 3829
3774 3773 3824
3823 3830 3831
3824 3832 3411
3398 3434 3388
3411 3756 3833
3778 3800 2983
3800 3778 3394
3813 3811 3834
3454 3451 3450
3451 3454 3835
3811 3813 3464
3806 3499 3808
3805 3509 3807
3805 3510 3509
3765 3836 3837
3499 3838 3808
3495 3498 3500
3498 3495 3497
3693 3839 3840
3841 3842 3334
3777 3843 3844
3843 3777 3845
3526 3528 3572
3528 3526 3525
3501 3846 3522
3794 3792 3828
3792 3794 3771
3526 3847 3848
3796 3849 3799
3789 3850 3851
3795 3794 3798
2992 3852 3827
3798 3829 3853
3789 3851 3791
3813 3453 3464
3515 3809 3514
2991 3854 3842
3332 3855 3856
3855 3332 3857
3858 3837 3842
3855 3857 3859
3475 3858 3860
3858 3475 3826
3496 3506 3494
3836 3861 3837
3842 3841 2991
3785 3862 3783
3862 3785 3786
3783 3862 3863
3521 3528 3530
3528 3521 3520
3864 3857 3865
3857 3864 3859
3853 3849 3796
3518 3827 3866
3867 3475 3860
3475 3867 3476
3808 3868 3809
3868 3808 3804
3869 3419 3418
3473 3472 3620
3626 3870 3627
3835 3465 3451
3847 3572 3871
3572 3847 3526
3802 3843 3872
3861 3873 3335
3874 3861 3875
3861 3874 3873
3876 3785 3782
3785 3876 3767
3793 3852 2992
3860 3854 3867
3353 3877 3352
3331 3878 3332
3879 3880 3881
3882 3883 3875
3883 3882 3880
3870 3859 3627
3859 3870 3884
3332 3865 3857
3865 3332 3878
3767 3876 3882
3627 3885 3628
3880 3330 3886
3836 3875 3861
3875 3836 3882
3784 3783 3863
3395 3394 3753
3434 3801 3388
3773 3772 3887
3888 3889 3825
3889 3888 3890
3825 3889 3832
3889 3891 3892
3889 3892 3832
3891 3889 3890
3821 3759 3772
3778 2985 3753
3618 3395 3753
3388 3393 3396
3833 3893 3411
3824 3825 3832
3894 3895 3896
3895 3894 3897
3407 3410 3399
3753 3752 3757
3757 3618 3753
3832 3403 3411
3898 2985 2984
3899 3888 3825
3869 3435 3900
3435 3869 3418
3420 3453 3436
3453 3420 3815
3804 3901 3802
2991 3841 2992
3518 3790 3902
3790 3518 3789
3831 3821 3823
3821 3831 3903
3904 3901 3804
3905 3571 3519
3571 3520 3519
3627 3864 3885
3864 3627 3859
3906 3907 3908
3909 3910 3911
3910 3909 3912
3907 3910 3913
3910 3907 3906
3914 3906 3908
3906 3914 3915
3910 3915 3916
3916 3911 3910
3917 3918 3919
3920 3921 3922
3922 3923 3924
3925 3926 3927
3926 3925 3928
3929 3930 3582
3677 3676 3931
3932 3933 3934
3935 3578 3936
3937 3938 3939
3938 3937 3940
3934 3941 3942
3941 3934 3943
3944 3945 3116
3946 3947 3948
3947 3946 3949
3950 3951 3948
3951 3950 3928
3952 3953 3329
3954 3621 3328
3955 3956 3957
3958 3931 3676
3959 3960 3961
3962 3963 3964
3963 3962 3965
3966 3967 3968
3938 3940 3969
3970 3971 3972
3971 3970 3973
3490 3970 3972
3970 3490 3974
3972 3975 3490
3975 3972 3976
3966 3977 3978
3976 3979 3980
3981 3976 3982
3983 3966 3984
3985 3986 3984
3966 3983 3967
3987 3988 3989
3581 3990 3991
3992 3987 3993
3987 3992 3994
3995 3996 3997
3998 3919 3999
3989 4000 4001
4000 3989 3988
4002 4003 4004
4005 3114 3945
4004 3116 4002
4006 4003 4002
4002 3115 4006
3115 4002 3116
3918 3999 3919
3999 4007 3998
4008 4009 4010
3977 3966 4011
3954 3329 4012
3329 3954 3328
4013 3480 4014
3965 4015 4016
4015 3965 4017
3919 4018 4019
3983 3984 4020
4021 3919 4019
3975 3488 3490
3970 3974 4022
3970 4022 3973
3978 3977 4023
3940 3942 4024
3942 3941 4024
3940 3937 3942
4025 4026 4027
3975 3981 4028
3583 3579 3576
3586 3582 3577
3582 3586 3929
3942 4029 3932
4016 3958 3676
3958 4016 4015
3578 3581 3936
3962 3964 4030
3957 4031 4032
3963 4016 4033
4016 3963 3965
4013 4014 4034
3962 4017 3965
4017 3962 4035
3957 3956 4031
4036 4037 4038
3972 3979 3976
3979 3972 3971
4039 4040 4027
4013 3477 3481
3481 3477 4041
4042 3951 4043
3951 4042 4044
4027 4045 4046
4047 4048 4049
4048 4047 4050
4046 4051 4039
3477 4013 4034
3934 3942 3932
3943 3934 3933
3925 4052 4043
4027 4053 4025
3950 4054 4055
4054 3950 4056
4057 4054 4056
3327 3952 3329
3582 3930 3990
4058 4048 4050
4048 4058 4059
4035 3962 4030
3480 4060 4014
3329 3953 4039
3975 3976 3981
4061 3997 3996
3622 3326 3328
4062 3624 4063
4020 3984 3986
3935 3583 3578
3583 3935 4064
3581 3582 3990
3922 3924 4065
4027 4046 4039
3925 4066 4052
4027 4026 4045
4044 3948 3951
3948 4044 3946
3478 3477 4034
4039 4067 4040
4068 3676 3678
3624 3623 4058
4063 4050 4047
4050 4063 3624
3946 4044 4069
3624 4062 3625
4043 4070 4042
4070 4043 4052
3949 4057 3947
3953 4067 4039
3999 4071 4007
4018 3919 3998
3924 3923 4072
4010 4073 4074
4075 4009 4076
4076 4077 4075
4078 4076 4009
4076 4079 4080
4076 4081 4079
4080 4077 4076
4065 3924 4082
3118 3604 4083
3919 4021 3917
4008 4078 4009
3999 3918 4071
3906 3915 3910
3595 2899 3594
4084 3911 3916
4073 4009 4075
4009 4073 4010
4061 3993 3997
3993 4061 3992
3989 4085 3987
4071 4086 4007
3937 4029 3942
3481 3480 4013
2991 4087 3854
4088 4089 4090
4089 4088 4091
4092 4093 4094
4095 4007 4086
4096 3574 3580
3580 3574 3573
3623 4097 4058
3615 4098 4099
4051 3329 4039
3329 4051 4012
4100 4101 4102
4100 4102 4103
4104 3480 3482
4040 4053 4027
3935 3936 4105
4087 4106 3854
3854 4106 4107
4108 4109 3792
3770 4108 3792
4110 3935 4105
3936 3581 3991
3676 4111 4016
4111 3676 4068
4033 4112 4113
3736 3735 4114
3960 4115 3961
4033 4016 4111
3529 3523 3768
3523 3529 3525
3526 3524 3523
4116 4117 4118
3995 4119 4120
3982 3976 3980
4121 4122 4118
3966 3968 4011
3984 3966 4123
4124 4125 4126
4127 3894 3896
3989 4001 3977
4128 4019 4018
3994 3988 3987
4085 3993 3987
3512 3514 3517
3514 3512 3513
4129 4130 4131
4130 4129 4132
3701 3712 3740
3898 3698 4133
3698 3898 3699
4134 3898 2984
4135 4136 3683
3689 3683 4136
3893 4137 4138
3802 3872 4135
4139 3700 4140
3700 4139 3694
4133 3833 3752
3823 4141 3830
3697 4133 3698
4133 3697 4137
3893 3833 4137
3898 4133 3752
3833 4133 4137
3688 4139 4135
4139 3688 3694
3872 4136 4135
4142 4136 3872
3822 4143 4144
4143 3822 3774
4144 3701 4141
3701 4144 3702
3696 4143 4138
4143 3702 4144
3702 4143 3696
4141 3823 4144
3823 3822 4144
4145 4146 4147
4148 4149 4145
3700 4134 4140
4134 3700 3703
3923 4150 4072
4151 4152 4153
4008 4154 4084
4155 4156 3114
3909 4154 4157
4154 3909 3911
4008 4010 4154
4154 3911 4084
4070 4052 4158
4059 4159 4160
3984 4123 3985
4064 3580 3583
3580 4064 4096
3362 4161 4162
4161 3362 4163
3325 3360 4164
3562 4165 4163
4166 4167 4164
4167 4168 4164
4169 4170 4164
3562 3362 3360
3362 4162 3361
4171 3351 3350
3845 3872 3843
4172 4173 4174
4172 4175 3780
4176 4177 4173
4176 4173 4172
3779 3781 4178
4179 4176 4172
4175 4172 4174
3780 4179 4172
4180 4181 4182
3780 4182 3781
4182 3780 4175
4169 4164 3360
4175 4174 4182
3877 3353 4178
3353 3779 4178
3359 4169 3360
4170 4166 4164
4174 4180 4182
3777 3776 4183
3769 4184 4185
4184 3769 4186
3770 3769 4185
4187 4142 3872
4188 3840 4189
4188 4190 4191
4188 4192 4190
4193 4194 4195
3413 4196 4197
4193 4198 4199
4200 3415 4201
3417 3413 4197
3684 3693 3840
4202 4203 3318
3316 4202 3318
4204 3315 3317
3412 4198 3413
3413 4198 4193
4205 4206 4207
4208 4204 4209
3318 4203 3322
3317 3322 3320
3322 3317 3318
4209 3320 4210
3320 4209 3317
4203 4211 3322
3321 3322 4211
3320 3319 4210
3414 3415 4200
4201 3415 3416
4195 4196 4193
4193 4196 3413
4199 4192 4193
4193 4192 4188
3469 4194 4188
4188 4194 4193
4212 4161 4213
4165 4213 4163
3469 4214 4146
4214 3469 4189
3840 4214 4189
4214 3840 3839
4215 4165 3693
4214 3839 4165
3845 3777 4216
4217 4149 4218
4149 4148 4218
4219 4217 4218
4149 4146 4145
4220 4217 4219
3319 4221 4210
4221 4222 4210
4223 4222 4221
4223 4224 4222
4223 3468 4225
4226 4227 4208
4209 4204 3317
4227 4204 4208
4227 3315 4204
3883 4206 4205
4206 3883 4228
3883 3874 3875
3874 3883 4205
4205 4229 3874
3873 4229 4230
4229 3873 3874
4230 3335 3873
3335 4230 4231
4231 4232 3335
4232 3333 3335
4233 3331 3330
3467 4225 3468
4225 3467 4234
3854 3860 3842
4220 4235 4217
4217 3470 4149
3470 4217 4235
4149 3469 4146
3469 4149 3470
3470 4236 3471
4237 4238 4239
4240 4241 4242
4243 4244 4238
4244 4243 4245
4243 4246 4245
4246 4240 4247
4245 4246 4247
3337 4248 3334
4249 4250 3841
4247 4240 4242
4241 4251 4242
4252 4251 4241
3334 4249 3841
4249 3334 4248
3335 3334 3837
4250 4253 2992
3793 2992 4253
4254 4255 4252
4256 4257 4258
4259 4260 4261
4191 3684 3840
3684 4191 2814
4260 4262 4261
4259 3324 4260
3324 4259 4263
3324 4262 4260
4264 4265 4266
4267 4268 4269
4270 4271 4272
4272 4273 4274
4266 4252 4241
4254 4252 4266
4265 4254 4266
4263 4275 4147
4276 4270 4277
4278 4279 4280
4279 4278 4281
4282 4278 4280
4283 4284 4285
4286 4283 4285
4276 4286 4270
4286 4271 4270
4287 4288 4289
4281 4290 4279
4279 3769 3771
4288 3769 4289
3769 4288 4186
4216 3872 3845
3872 4216 4187
4253 4250 4291
3769 4290 4289
4290 3769 4279
4183 4292 4216
4279 4291 4280
4291 4279 4253
4279 3793 4253
3781 4181 4178
4181 3781 4182
4140 4293 4294
4293 4140 4134
4295 4296 4297
4298 4299 4300
4295 4301 4302
4301 4295 4298
4298 4303 4301
4304 4305 4306
4305 4307 4306
4308 4309 4310
4310 4307 4308
4311 4307 4305
4307 4311 4312
4306 4307 4310
4311 4304 4313
4304 4311 4305
4314 4311 4313
4303 4298 4300
4315 4316 4317
3346 4318 3347
4319 4320 4321
4319 4321 4302
4322 4302 4321
4302 4322 4295
4321 4323 4324
4325 4322 4321
3346 4326 4327
3346 3345 4326
4328 3868 3803
4140 4294 4329
4329 4328 3803
4257 4330 4331
4330 3343 4332
3342 4332 3343
4333 4334 3344
4335 4336 4337
4336 4335 4333
3834 4338 4339
4338 3834 3811
4336 4333 3344
4333 4340 4334
4338 3811 4341
3810 4341 3811
4341 3810 4342
3868 4328 3810
4328 4343 4344
4343 4328 4329
4345 4346 4347
4346 4345 4348
4339 4349 3834
4350 4351 4349
4352 4349 4351
4349 4352 3834
3800 3801 3814
4353 4296 4295
4139 4140 4329
3803 3868 3804
4329 3803 4139
3802 4139 3803
4139 3802 4135
4354 4355 4356
4357 4029 4358
4029 3937 4358
3777 4183 4216
3324 4147 3325
4147 3562 3325
3346 4323 4321
4323 3346 4327
4342 3810 4359
4328 4359 3810
4359 4328 4344
3501 4360 3498
3499 3498 3838
3507 3846 3501
3846 3507 3775
4361 2984 2983
4361 2983 4362
4313 4317 4314
4317 4313 4315
2983 3800 4362
4299 4298 4297
4298 4295 4297
4352 4363 3834
4363 4352 4364
4363 4364 4362
3813 4363 3814
4363 3813 3834
3900 3435 3434
3334 3842 3837
3830 4365 3831
3772 3759 3764
3762 3759 3761
3759 3762 3764
3763 3762 3761
3822 3821 3772
3822 3772 3774
3824 4138 3774
4138 4143 3774
4138 4137 3697
3833 3756 3757
3844 3524 3777
3524 3844 3522
4366 4010 4074
4367 4368 4369
3899 3887 4370
4078 4081 4076
4371 3403 3832
3411 3403 3402
3403 4371 3400
4372 3613 3615
4373 3913 3912
4372 3615 4099
3114 4005 4155
4006 3115 4374
3389 3392 3387
3394 3392 3389
4119 3993 4375
4120 4119 4375
3997 3993 4119
3995 3997 4119
3897 4126 3895
4126 3897 4124
4085 4375 3993
3977 4011 3989
4122 4116 4118
3966 3978 4123
4123 4376 3985
3492 4377 3493
4378 3969 3940
3489 4379 3490
4378 3940 4024
3480 3955 3957
3955 3480 4104
3486 4380 3487
4381 4382 4383
4384 3878 3331
4069 4381 3946
4381 4069 4382
4385 4048 4386
4048 4385 4049
4387 3002 2800
4387 4388 3000
4389 3000 4388
3000 4389 3256
3257 3256 4389
3704 3257 4389
4385 4390 4391
4390 4385 4386
4059 4392 4159
4392 4059 4393
4394 4395 4396
4159 4394 4396
4395 4397 4398
4396 4395 4398
4097 4059 4058
4059 4097 4393
4050 3624 4058
4070 4158 4399
4394 4159 4392
3518 3902 2990
4228 3880 3879
3880 4228 3883
4400 4366 4074
3920 3922 4065
4045 4026 4401
4199 2803 2816
2803 4402 2800
3840 4188 4191
4191 2815 2814
2815 4191 4190
4190 2816 2815
2816 4190 4192
4199 4402 2803
4293 4134 2984
2985 3898 3752
3696 4138 3697
3703 3898 4134
3898 3703 3699
4141 4403 3830
4093 4088 4404
4088 4093 4091
4093 4404 4094
3922 4094 3923
4094 3922 4405
4406 3923 4094
3912 3913 3910
4405 3922 3921
4404 4406 4094
4405 4092 4094
3759 3903 3760
3903 3759 3821
4150 3923 4406
4048 4059 4160
4398 4397 4407
4390 4131 4391
4131 4390 4129
3881 3880 3886
3706 3673 3651
3706 4408 3673
3673 3750 3672
4409 3727 4410
4411 3727 4412
3727 4411 4410
4412 3727 4413
4413 3727 3726
4414 4415 4416
4415 4414 3726
4417 4416 4415
4418 4419 4420
4421 3732 3734
4422 4418 4420
4423 3713 3723
4420 4415 3732
3732 3726 3725
3726 3732 4415
3713 4423 3711
4421 4424 3732
4422 4420 4424
4414 4413 3726
3715 3720 3724
4417 4415 4420
4419 4417 4420
3748 3737 3740
3731 3748 3740
3725 3727 4409
3733 3725 4409
4335 4346 4348
4425 3068 3070
3960 4426 4115
2982 4427 2986
4428 3665 3738
3665 4428 3648
3257 3705 3547
3532 3536 4429
3561 3538 3539
3330 3880 3882
3856 4430 3330
3330 4430 3886
2781 2772 2767
4431 2918 3338
3051 3211 3213
4322 4353 4295
3469 4188 4189
4250 2992 3841
3362 3562 4163
3424 3383 3425
4424 4420 3732
2703 2863 2825
2977 2861 2860
2877 2925 2927
2925 2877 2895
2927 2712 2877
3196 2871 2873
2869 3196 2873
4168 3325 4164
3323 4262 3324
3562 4214 4165
3562 4146 4214
4146 3562 4147
3752 3833 3757
2716 2739 3698
2717 2716 3699
3824 3893 4138
3893 3824 3411
3810 3516 3809
2803 2800 2802
4432 4433 4402
2816 2803 2804
2845 3430 2847
3376 3372 3314
2844 2843 3004
3575 3579 3573
3579 3575 3584
3578 3583 3576
3837 3861 3335
3644 3674 3654
3282 3247 3281
3508 2881 2883
3241 3232 3240
3268 3267 3428
4229 4205 4207
2899 2898 3054
3021 3020 3236
3069 4434 3601
3119 4435 3604
4435 3119 3603
3998 4007 4436
4158 4052 4066
3927 4066 3925
4066 3927 4437
4438 4066 4437
3948 4056 3950
4056 3948 3947
4439 4158 4440
4055 3928 3950
3928 4055 3926
4043 3928 3925
3928 4043 3951
3947 4057 4056
4066 4438 4440
4438 4439 4440
4158 4066 4440
3957 4441 3480
4441 3957 4032
3788 3850 3789
2910 3681 3695
3681 2910 2733
3683 3682 3688
2729 2724 3687
2731 3687 3682
3687 2731 2729
2733 3682 3681
3682 2733 2731
4215 3693 3692
3693 3690 3692
4442 3674 3644
3751 3659 3661
3310 3660 3311
3660 3310 3661
3751 3663 3669
3663 3751 3310
3659 3658 3661
4428 3658 3657
3658 4428 3662
3648 4428 3657
3656 3642 3646
3642 3656 3645
3647 3644 3654
3644 3647 3642
3309 3668 3663
3646 3648 3657
4442 4443 3674
4443 3652 3674
3559 3540 3542
3643 4442 3644
4444 4445 4446
4447 4448 4449
4450 4451 4452
4453 4454 4455
4456 4450 4452
4453 4457 4458
4457 4444 4458
4459 4454 4460
4454 4459 4461
3591 4462 4463
4464 4465 4451
4466 4467 4468
4469 4470 4471
4472 4473 4474
3449 4475 4476
4477 4478 4479
4476 4480 4478
3449 4478 4477
4478 4481 4479
3448 4475 3449
4482 4454 4483
4484 3447 3449
4477 4484 3449
4272 4271 4273
3449 4476 4478
4481 4485 4479
3527 4486 2943
3570 4463 3593
3591 4463 3409
3593 4463 4487
4488 4489 4490
4489 4488 4491
4492 4493 4494
4495 4496 4497
4498 4499 4497
4499 4492 4494
4500 4501 4502
4503 4504 4505
4506 4473 4472
3607 3608 3527
4486 3527 3609
4507 4508 4509
4509 4493 4492
4493 4509 4508
4497 4494 4495
4493 4495 4494
4497 4499 4494
4496 4498 4497
4510 4498 4496
3505 2943 4486
4511 4512 4513
4511 4513 4514
4515 4514 4516
4514 4515 4511
4512 4517 4513
4512 4518 4517
4519 4520 4447
4447 4521 4522
4521 4447 4520
4523 4517 4524
4525 4515 4516
4513 4523 4514
4517 4523 4513
4526 4527 4524
4448 4447 4522
4453 4460 4454
3446 3437 3439
3437 3446 3444
4474 4528 4529
4528 4530 4529
4446 4531 4466
4532 4533 4534
4533 4532 4535
4536 4537 4538
4539 4506 4540
4473 4528 4474
4530 4541 4529
3409 3570 3229
3570 3409 4463
4487 4462 4542
4465 4541 4530
4528 4469 4530
4469 4528 4543
4544 4470 4545
4470 4544 4471
4469 4546 4470
4546 4469 4543
4470 4546 4547
4545 4470 4547
4451 4548 4452
4549 2994 4550
3348 2994 4551
4552 2994 4549
2994 4552 4551
4550 2994 3432
4270 4272 4277
4484 4553 3447
4480 4481 4478
4491 4554 4489
4449 4555 4556
4555 4449 4554
4444 4535 4557
4457 4445 4444
4488 4490 4558
4490 4500 4558
4500 4490 4501
4559 4560 4561
4562 4460 4453
4563 4460 4562
4460 4563 4459
4562 3358 4563
4562 4458 4564
4458 4562 4453
2893 2774 3358
2774 2893 2707
4562 4564 2893
4454 4565 4483
4461 4565 4454
4489 4501 4490
4566 4567 4550
4567 4549 4550
4568 4569 4501
4501 4569 4502
4501 4489 4568
3366 2886 4536
3358 4562 2893
4537 4570 4538
2886 2893 4564
4448 4571 4449
4447 4556 4572
4556 4447 4449
4520 4573 4521
4519 4573 4520
4458 4444 4557
4445 4531 4446
4467 4533 4468
4533 4467 4534
4475 4480 4476
4449 4571 4489
4506 4472 4540
2888 2872 3503
3250 4574 3232
3241 2844 3004
3324 4263 4147
3685 4575 3686
3408 3590 3409
4463 4462 4487
4458 4557 4537
4454 4482 4455
3366 2884 2886
2870 3196 2869
2894 2719 2720
2720 2715 2721
2723 2720 2722
2730 2723 2724
2928 2894 2723
3265 2928 2730
2726 2728 2731
2734 2727 2732
2860 3156 2977
3156 2817 2858
4325 4321 4324
4360 3904 3808
3618 3820 3395
3820 3618 3819
4363 3800 3814
3800 4363 4362
3871 3571 3905
3571 3871 3572
2804 2802 2805
2805 3005 2846
3005 3003 2843
2802 2801 3005
3003 2801 2995
2786 2793 2779
2799 2778 2783
2778 2799 2780
2784 2786 2792
3617 3819 3618
3819 3617 3611
3844 3901 3904
3901 3844 3843
3904 3522 3844
3522 3904 4360
3868 3810 3809
3901 3843 3802
3541 3532 4429
4429 3536 3538
3536 3532 3534
3825 3887 3899
3887 3825 3773
3737 3736 4403
4141 3701 4576
3740 4403 4576
4403 3740 3737
2703 2710 2704
3701 3740 4576
4403 4141 4576
3830 3736 4365
3736 3830 4403
4165 4215 4213
2815 2812 2814
4192 4199 2816
3002 4387 3000
4433 4387 2800
2888 3357 2873
3355 3357 3459
2848 3461 2849
3264 3062 3231
3229 3246 3227
4536 4458 4537
4458 4536 4564
3366 4536 4538
4536 2886 4564
4537 4557 4570
4557 4577 4570
4557 4532 4577
4532 4557 4535
4533 4444 4446
4444 4533 4535
4468 4446 4466
4468 4533 4446
4572 4519 4447
2948 2950 2941
2877 2714 2719
3502 2888 3503
2976 2861 2977
3808 3904 3804
4360 3501 3522
3797 3795 3798
3793 4279 3771
3796 3798 3853
3798 3794 3829
3787 3826 3473
3836 3767 3882
3884 3855 3859
3332 3856 3330
4233 3330 3882
3836 3765 3767
3860 3858 3842
3808 3838 4360
3838 3498 4360
4213 4161 4163
4213 4215 4212
3688 4135 3683
4165 3839 3693
3564 3563 4578
3241 3250 3232
3250 3255 4574
3232 3234 3240
4579 3323 3325
4402 4433 2800
4402 4199 4432
3392 3395 3390
4372 4580 3613
4369 4368 4581
3887 3772 4370
4582 4237 4239
4238 4244 4239
4224 4223 4225
4277 4272 4583
4272 4274 4583
4112 4033 4111
3483 4104 3482
4451 4465 4530
4471 4548 4451
4469 4451 4530
4451 4469 4471
4548 4471 4544
4584 3446 4585
4584 3440 3446
4584 3441 3440
4585 3439 3445
3439 4585 3446
4273 4269 4274
4269 4273 4267
4271 4286 4285
4307 4312 4308
4004 3944 3116
3114 3116 3945
3072 4434 3069
3134 3133 3137
3040 3042 3631
4518 4526 4517
4517 4526 4524
3167 2895 3607
4586 4486 3609
2868 2842 3288
2870 2868 3288
3598 2851 2853
2851 3030 3221
3305 2851 3221
3296 3244 3270
3244 3225 3270
3266 3268 3236
3237 3266 3236
2833 2835 3297
2835 3244 3297
2826 2828 2830
3237 2826 2830
2797 2790 2791
2790 2797 2755
3551 4587 3550
3549 3675 3258
3545 3251 3253
2839 2838 2840
3209 4588 3220
2841 3209 3220
3209 2850 4588
2839 3219 2837
3219 2839 2841
4589 4110 4105
3776 3524 3848
3524 3526 3848
4489 4554 4449
2890 3265 2888
4555 4554 4491
3866 3788 3518
3480 4441 4060
4107 4590 3867
3867 3854 4107
3476 4591 3474
3476 3867 4590
3476 3474 3473
4591 3476 4590
4346 4335 4337
4318 3346 4320
4320 3346 4321
4334 3342 3344
4331 4330 4332
4258 4257 4331
4592 3336 3333
3337 3334 3333
4593 4594 4595
4594 4593 4596
4597 4594 4598
4594 4597 4595
4599 4600 4601
4602 4603 4604
4605 4597 4598
4606 4607 4608
4607 4606 4609
4605 4610 4611
4612 4611 4613
4611 4612 4614
4613 4615 4616
4615 4613 4611
4617 4618 4619
4618 4617 4620
4621 4620 4617
4620 4621 4622
4623 4617 4624
4617 4623 4621
4625 4624 4626
4624 4625 4623
4627 4624 4619
4628 4629 4630
4629 4628 4631
4632 4628 4630
4628 4632 4633
4634 4633 4632
4633 4634 4635
4636 4637 4635
4637 4636 4638
4639 4635 4634
4635 4639 4636
4640 4636 4639
4636 4640 4641
4642 4643 4644
4643 4642 4645
4646 4644 4647
4644 4646 4642
4648 4642 4646
4642 4648 4649
4649 4645 4642
4645 4649 4650
4651 4649 4648
4649 4651 4652
4652 4650 4649
4650 4652 4653
4633 4637 4654
4637 4633 4635
4641 4655 4638
4624 4617 4619
4656 4657 4658
4657 4656 4659
4660 4661 4596
4662 4631 4628
4654 4663 4633
4654 4637 4664
4599 4665 4600
4629 4631 4666
4596 4593 4667
4668 4669 4670
4670 4669 4671
4659 4672 4673
4659 4673 4657
4674 4675 4676
4675 4674 4677
4678 4679 4680
4679 4678 4681
4626 4627 4682
4627 4626 4624
4627 4680 4683
4680 4627 4678
4682 4683 4684
4683 4682 4627
4673 4675 4677
4685 4686 4687
4688 4689 4690
4638 4691 4692
4691 4638 4688
4645 4693 4643
4693 4645 4694
4650 4694 4645
4694 4650 4695
4653 4695 4650
4695 4653 4696
4691 4697 4698
4692 4699 4700
4699 4692 4691
4701 4702 4703
4701 4656 4704
4656 4701 4659
4658 4677 4615
4677 4658 4657
4697 4691 4690
4691 4688 4690
4678 4627 4619
4619 4681 4678
4681 4619 4618
4673 4677 4657
4610 4598 4604
4705 4701 4704
4706 4707 4708
4709 4610 4603
4610 4709 4710
4616 4677 4674
4677 4616 4615
4711 4662 4628
4596 4661 4665
4598 4599 4604
4599 4598 4594
4707 4609 4708
4609 4707 4607
4712 4654 4664
4596 4665 4599
4594 4596 4599
4713 4662 4714
4662 4713 4715
4655 4688 4638
4603 4610 4604
4611 4610 4710
4615 4611 4710
4716 4606 4608
4700 4686 4685
4686 4700 4699
4687 4686 4717
4686 4718 4717
4718 4686 4699
4705 4670 4701
4670 4705 4668
4702 4670 4671
4670 4702 4701
4719 4706 4708
4667 4660 4596
4714 4711 4720
4711 4714 4662
4610 4605 4598
4614 4605 4611
4693 4655 4643
4655 4693 4721
4659 4701 4703
4672 4659 4703
4718 4699 4698
4699 4691 4698
4604 4599 4601
4602 4604 4601
4663 4628 4633
4654 4722 4663
4722 4654 4712
4711 4628 4663
4663 4720 4711
4720 4663 4722
4662 4715 4631
4723 4666 4631
4666 4723 4724
4715 4723 4631
4715 4724 4723
4724 4715 4713
4644 4655 4641
4655 4644 4643
4618 4674 4681
4674 4618 4616
4681 4676 4679
4676 4681 4674
4636 4641 4638
4647 4641 4640
4641 4647 4644
4620 4616 4618
4616 4620 4613
4622 4613 4620
4613 4622 4612
4721 4688 4655
4688 4721 4689
4725 4726 4727
4728 4729 4726
4730 4727 4731
4727 4730 4725
4727 4729 4732
4733 4734 4735
4736 4737 4738
4737 4736 4739
4740 4736 4738
4741 4742 4743
4744 4745 4746
4747 4748 4741
4748 4747 4740
4749 4741 4750
4741 4749 4747
4751 4752 4753
4753 4752 4754
4755 4753 4756
4753 4755 4751
4756 4757 4758
4757 4756 4753
4759 4743 4760
4761 4762 4763
4762 4764 4765
4766 4767 4768
4769 4770 4771
4772 4773 4774
4775 4776 4777
4776 4775 4778
4779 4778 4775
4778 4779 4780
4741 4748 4742
4781 4780 4779
4780 4781 4782
4783 4782 4781
4782 4783 4784
4785 4786 4742
4787 4788 4789
4790 4791 4792
4788 4793 4794
4791 4795 4796
4797 4798 4799
4798 4797 4800
4801 4802 4803
4802 4801 4804
4778 4805 4776
4756 4758 4806
4762 4807 4764
4807 4762 4808
4809 4810 4761
4811 4812 4813
4814 4755 4756
4815 4816 4793
4731 4727 4732
4817 4732 4818
4732 4817 4819
4820 4729 4728
4757 4753 4754
4789 4788 4790
4821 4756 4806
4822 4821 4806
4802 4798 4823
4798 4802 4799
4793 4824 4794
4825 4826 4767
4767 4826 4827
4828 4766 4829
4766 4828 4830
4831 4832 4833
4834 4832 4835
4742 4829 4811
4829 4742 4828
4742 4811 4743
4750 4743 4759
4743 4750 4741
4836 4837 4838
4839 4840 4841
4842 4840 4839
4840 4842 4843
4844 4845 4846
4847 4845 4844
4848 4847 4844
4847 4848 4849
4745 4850 4839
4851 4844 4842
4844 4851 4848
4831 4766 4768
4838 4837 4841
4837 4839 4841
4784 4848 4782
4848 4784 4849
4782 4851 4780
4851 4782 4848
4780 4805 4778
4805 4780 4851
4852 4787 4789
4811 4833 4812
4833 4811 4829
4853 4854 4855
4833 4829 4766
4833 4766 4831
4821 4760 4814
4856 4759 4760
4763 4762 4765
4738 4819 4785
4819 4738 4737
4851 4842 4850
4805 4850 4857
4746 4839 4837
4839 4746 4745
4771 4746 4837
4746 4771 4770
4858 4746 4859
4860 4861 4862
4850 4805 4851
4839 4850 4842
4787 4852 4793
4852 4815 4793
4842 4844 4846
4843 4842 4846
4794 4790 4788
4790 4794 4795
4863 4832 4834
4864 4865 4866
4867 4864 4866
4864 4867 4868
4835 4832 4869
4793 4788 4787
4790 4795 4791
4816 4824 4793
4760 4743 4813
4760 4821 4856
4776 4805 4773
4807 4773 4772
4773 4807 4808
4870 4871 4872
4785 4819 4873
4743 4811 4813
4847 4799 4845
4799 4847 4797
4803 4823 4796
4823 4803 4802
4804 4799 4802
4799 4804 4845
4792 4789 4790
4738 4785 4748
4729 4727 4726
4785 4742 4748
4732 4819 4737
4786 4785 4873
4732 4820 4818
4820 4732 4729
4748 4740 4738
4856 4822 4874
4822 4856 4821
4821 4814 4756
4777 4810 4809
4810 4777 4776
4769 4771 4875
4739 4731 4737
4731 4739 4730
4737 4731 4732
4762 4810 4808
4810 4762 4761
4830 4767 4766
4767 4830 4825
4810 4773 4808
4773 4810 4776
4770 4859 4746
4859 4770 4876
4770 4769 4876
4832 4831 4869
4833 4832 4863
4812 4833 4863
4819 4817 4873
4868 4867 4877
4801 4795 4794
4795 4801 4803
4824 4801 4794
4795 4803 4796
4773 4857 4774
4857 4773 4805
4878 4733 4879
4858 4880 4746
4879 4733 4735
4880 4744 4746
4771 4837 4836
4875 4771 4836
4768 4767 4827
4881 4882 4883
4884 4885 4886
4887 4888 4889
4890 4891 4892
4893 4894 4895
4896 4897 4898
4899 4900 4901
4902 4903 4904
4905 4906 4907
4886 4908 4909
4910 4911 4883
4912 4913 4914
4913 4912 4915
4916 4917 4918
4919 4920 4921
4922 4923 4924
4925 4926 4927
4928 4929 4930
4931 4932 4933
4934 4935 4931
4936 4937 4938
4939 4925 4940
4941 4942 4943
4942 4941 4944
4892 4945 4946
4947 4948 4949
4950 4951 4952
4951 4950 4953
4954 4942 4944
4942 4954 4955
4956 4953 4947
4957 4943 4942
4941 4958 4959
4958 4941 4943
4960 4961 4962
4909 4884 4886
4884 4909 4963
4964 4885 4884
4963 4964 4884
4965 4966 4967
4966 4965 4968
4969 4970 4971
4972 4973 4969
4974 4975 4968
4972 4976 4977
4976 4972 4971
4978 4979 4980
4981 4982 4983
4982 4981 4978
4984 4985 4986
4987 4988 4989
4990 4988 4987
4991 4992 4993
4994 4995 4996
4995 4994 4997
4998 4999 5000
5001 5002 5003
5004 5005 5006
5005 5004 5007
5008 5009 5010
5009 5008 5011
5012 5013 5014
5013 5012 5015
4881 5016 4882
4883 4882 4999
5017 4998 5000
4998 5017 5018
5019 5020 5021
5020 5019 4990
5022 5023 4990
4988 5023 5024
4928 5025 5026
5027 5028 5029
4928 5027 5025
5030 5031 5032
5033 5034 5035
5036 5037 5038
5037 5036 5039
5040 5013 5041
5013 5040 5014
5042 5043 5040
5040 5044 5014
4930 5040 5045
5040 4930 5044
5046 5042 5047
5042 5046 5043
5041 5048 5049
4882 5016 5005
5050 5051 5020
5052 4989 5053
5054 5055 5052
5055 5054 5056
4895 5057 4893
5054 5058 5059
5060 5061 5062
5063 4902 4904
5064 5065 5051
5065 5064 5066
5067 5066 5064
5068 5069 5070
5071 5066 5072
5066 5071 5065
5072 5066 5067
5073 5054 5059
4986 5074 5075
5076 4986 5075
4982 5077 5078
5077 4982 4978
5079 4978 4981
4978 5079 4979
5080 4982 5078
4983 4982 5080
5081 5082 5083
5082 5081 5084
5085 5086 5087
5086 5085 5088
5089 5086 5088
5086 5089 5090
5091 5084 5086
5086 5092 5087
5092 5086 5084
5086 5090 5091
5093 5094 5095
5096 5097 5098
4904 5093 5099
5093 4904 5094
4933 5100 4934
5101 5102 5103
4984 5104 5105
5106 5107 5108
5033 5109 5110
5109 5033 5111
5112 5113 5114
5115 5116 5117
5118 5119 5120
5017 5121 5122
5121 5017 5123
5124 5004 5125
5004 5124 5007
5122 5121 5126
5127 5118 5120
5126 5128 5129
5120 5130 5127
5131 5122 5129
5039 5132 5037
5132 5039 5133
5037 5109 5038
5109 5037 5110
5103 5114 5106
5085 5087 5134
5087 5135 4979
5136 4974 4968
4908 4889 4909
5137 5138 5139
5140 5134 5079
5141 5142 4887
5143 5005 5007
5005 5143 4882
5144 4986 5076
5023 5140 5024
5145 5017 5000
5017 5145 5123
5146 5102 5147
5148 5149 5150
5130 5151 5127
5146 5147 5152
5153 4899 4901
5154 4905 5155
4905 5154 5156
5118 5127 5157
5122 5018 5017
5018 5122 5131
5116 5158 5159
5158 5116 5160
4883 4911 4881
5161 5162 5163
5120 5160 5115
5160 5120 5119
5056 5054 5073
5062 4927 5164
4943 5165 4958
5165 4943 4957
5164 4959 5166
4959 5164 4941
4946 5010 5009
5167 5168 5169
5168 5167 5170
5171 5011 5008
4974 5172 4975
5173 5174 5175
4885 4964 5176
5019 5022 4990
5117 5177 5115
5177 5117 5099
5113 5107 5106
5116 5154 5155
5154 5116 5159
5118 5178 5119
5178 5118 5157
5155 5117 5116
5179 5003 5002
5180 5181 5182
5183 5184 5185
5186 5187 5188
5000 5143 5189
5190 5133 5039
5191 4962 5192
4962 5191 5193
4909 5194 4963
4963 5194 4964
5114 5103 5195
5099 5146 5152
5188 4906 5156
4906 5188 5196
5197 5198 5199
5198 5197 5200
5108 5101 5106
5100 5098 4934
4914 5201 5202
4900 4955 4954
4979 5135 4980
5203 5084 5081
5084 5203 5204
5205 5206 5207
5208 5209 4977
4974 5136 5210
4977 4976 5142
5211 5212 5213
5212 5207 5214
5204 5092 5084
5215 5175 5210
5215 5173 5175
5205 5212 5211
5208 5210 5209
5215 5208 5141
5141 5208 4977
5216 5203 5081
5216 5081 5083
4960 5138 4961
4975 4966 4968
4965 4977 5209
4977 4965 4972
4960 4962 5193
4889 5138 4960
4909 4889 5217
4981 5075 5079
5218 5076 5075
5074 5079 5075
5137 5219 4940
4985 4989 5024
4985 5220 4989
5098 4935 4934
4935 5098 4918
5221 5161 5163
5146 5103 5102
5103 5146 5195
4929 5044 4930
4981 5218 5075
5222 4915 4912
4936 5222 4912
5132 5223 5034
5035 5224 5225
5226 5225 5224
5035 5225 5013
4892 4946 5009
5156 4906 4905
5148 5150 5227
5148 5228 5149
5152 5229 5177
5124 5230 5182
5145 5000 5189
5189 5181 5180
5143 5181 5189
5143 5007 5181
4901 4996 5153
5011 4890 4892
4950 4945 4948
4920 5231 4921
5231 4920 5232
5233 5033 5035
5033 5233 5234
5137 5139 5219
4992 5230 5235
4954 5187 4901
4955 4957 4942
4912 5202 5236
5237 5163 5162
4994 5188 5154
5173 4908 4886
4908 5173 5215
4922 5238 4923
5024 4986 4985
4986 5024 5074
5239 5230 4992
5230 5239 5240
4981 5241 5218
5055 5050 5020
5119 5158 5160
5158 5119 5178
4893 5200 5197
5057 4995 4997
4995 5057 4895
4896 5003 5179
5061 4949 5062
5015 5035 5013
4902 5242 4903
5227 5150 5243
4930 5028 4928
5028 5027 4928
5045 5028 4930
5028 5045 5029
5244 4915 5222
5245 5172 5210
5210 5175 5245
5062 5164 5166
5060 5062 5166
5057 5200 4893
5061 5246 4949
5147 5229 5152
5099 5152 5177
4940 5247 5137
5004 5021 5125
5091 5082 5084
5115 5160 5116
5248 5249 5250
5205 5207 5212
5208 5215 5210
5182 5181 5124
5115 5130 5120
5130 5115 5177
4885 5174 5173
5174 4885 5176
4949 5246 4947
4949 4927 5062
5104 5251 5252
5253 4957 4955
4957 5253 5165
5011 4892 5009
4972 4969 4971
5016 5022 5006
5005 5016 5006
5007 5124 5181
5182 5240 5180
5234 5233 4883
5254 5030 5032
4972 4965 4967
4916 4918 5098
5255 4937 4936
4937 5255 5256
4917 5255 4936
4917 5257 5258
5257 4917 4916
5141 4977 5142
5137 4892 4961
5259 4941 5164
4941 5259 4944
5217 5193 5191
5217 4889 4960
5193 5217 4960
5021 5065 5071
5260 4926 4925
5022 5019 5006
5023 4988 4990
4939 5261 4925
5261 4939 5262
5139 5138 4888
5031 4910 5012
4999 5234 4883
5263 5031 5012
5234 5111 5033
5111 5234 4999
5074 5140 5079
4888 5138 4889
4889 5141 4887
4989 4988 5024
5246 4956 4947
5264 4956 5246
5239 4992 4991
5265 4895 4894
4895 5265 4995
5266 5267 5125
4995 5153 4996
5153 4995 5265
5039 5036 5190
5021 5020 5065
4909 5217 5191
4945 4952 4946
4952 4945 4950
5219 4939 4940
5262 4902 5261
4902 5262 5242
4999 4882 5143
4962 5169 5192
5169 4962 5167
4890 5171 5170
5168 5170 5268
4890 5011 5171
4997 5269 5198
5269 4997 4994
5270 5271 5272
4889 4908 5141
4908 5215 5141
4907 5063 4904
5273 5112 5195
5258 5255 4917
5255 5258 5231
4922 5231 5258
5095 5274 5275
5274 4916 5275
4916 5274 5257
5258 5257 4922
5233 5035 5015
5117 4907 5099
4921 4922 4924
5014 5263 5012
5263 5014 5276
5274 5238 4922
4904 4903 5094
4922 5257 5274
4910 5015 5012
5276 5277 5263
5277 5276 5278
5276 4929 5279
5276 5044 4929
5044 5276 5014
5019 5021 5004
5015 4910 5233
4923 5094 4903
5094 4923 5238
5238 5274 5095
5094 5238 5095
5134 4979 5079
5140 5074 5024
4911 5031 5030
5031 4911 4910
5280 4948 4945
4921 5231 4922
5134 5087 4979
4999 5143 5000
5099 5093 5195
4926 5187 5259
5187 4926 5260
4951 4956 5264
4956 4951 4953
4950 4948 4947
5095 5275 5281
4924 4919 4921
5058 5052 5053
5052 5058 5054
4989 5220 5053
5104 4986 5144
5251 5104 5144
5077 4978 4980
4902 5063 4906
5230 5124 5267
5020 4990 5055
5020 5051 5065
5282 5267 5266
5267 5282 5235
5230 5240 5182
5146 5099 5195
4917 4936 5236
5280 4940 4927
4940 4925 4927
5196 5261 4906
4953 4950 4947
5247 5280 4945
4944 5187 4954
5187 4944 5259
4906 5063 4907
5155 4905 4907
5117 5155 4907
5099 4907 4904
5247 4945 4892
5247 4940 5280
5137 5247 4892
5003 4896 4898
5184 5272 5185
5272 5184 5270
5283 5284 5285
5286 5097 5096
5097 5286 5287
5097 5275 5098
5021 5071 5125
4900 5253 4955
5210 5136 5209
5288 5268 5170
5275 5097 5281
5273 5095 5281
5202 4917 5236
4936 4912 5236
4901 5186 4996
5186 4901 5187
5269 4994 5154
4885 5173 4886
5186 5188 4994
4992 5235 4993
5125 5267 5124
5267 5235 5230
5235 5282 4993
5105 5104 5252
5104 4984 4986
5006 5019 5004
5233 4910 4883
5052 4987 4989
5052 5055 4987
5055 4990 4987
5261 4902 4906
4927 5259 5164
5259 4927 4926
5225 5289 5013
5041 5289 5048
5289 5225 5226
5289 5041 5013
5290 5289 5226
5260 4925 5261
5196 5260 5261
5260 5188 5187
5188 5260 5196
5136 4968 4965
5209 5136 4965
4913 4915 5244
5222 5291 5244
5048 5289 5290
5049 5290 5292
5290 5049 5048
5047 5293 5046
5047 5292 5293
5292 5047 5049
5042 5041 5049
5047 5042 5049
4932 5100 4933
5100 4932 5294
4933 4934 4931
5100 5286 5096
5286 5100 5294
5098 5100 5096
5097 5112 5281
5112 5097 5287
5122 5126 5129
5128 5131 5129
4948 5280 4927
4948 4927 4949
4961 4892 4891
5138 5137 4961
4973 4972 4967
4901 4900 4954
5093 5095 5195
5195 5112 5114
5114 5113 5106
5188 5156 5154
4996 5186 4994
5057 5198 5200
5198 5057 4997
5101 5103 5106
5112 5273 5281
5095 5273 5195
5275 4916 5098
4891 5170 5167
5170 4891 4890
4891 5167 4962
5041 5042 5040
5223 5224 5034
5110 5037 5034
5033 5110 5034
5037 5132 5034
5034 5224 5035
5172 4974 5210
5295 5266 5125
5130 5177 5151
4912 4914 5202
4961 4891 4962
5296 5277 5297
5277 5296 5032
5026 5298 5299
5298 5026 5025
5278 5279 5300
5277 5301 5297
5301 5277 5278
5025 5027 5298
5032 5263 5277
5263 5032 5031
5254 5032 5296
5301 5278 5300
5278 5276 5279
5279 5299 5300
5299 5279 5026
4929 4928 5026
5279 4929 5026
5291 5222 4938
5222 4936 4938
5232 5255 5231
5255 5232 5256
5302 5303 5304
5303 5302 5305
5306 5303 5307
5303 5306 5304
5308 5309 5310
5309 5308 5311
5312 5313 5314
5315 5316 5317
5318 5312 5319
5320 5318 5319
5321 5315 5322
5323 5321 5320
5321 5323 5324
5323 5325 5326
5325 5323 5320
5327 5328 5329
5328 5327 5330
5331 5330 5327
5330 5331 5332
5333 5327 5334
5327 5333 5331
5334 5329 5335
5329 5334 5327
5336 5333 5334
5334 5335 5337
5338 5339 5340
5341 5342 5343
5342 5341 5344
5345 5338 5346
5338 5345 5347
5347 5344 5338
5338 5344 5341
5348 5349 5350
5351 5352 5353
5352 5351 5354
5351 5355 5356
5355 5351 5357
5353 5357 5351
5357 5353 5358
5359 5360 5361
5360 5359 5362
5361 5358 5353
5358 5361 5363
5364 5365 5360
5365 5364 5366
5367 5368 5369
5368 5367 5370
5368 5366 5364
5366 5368 5371
5369 5372 5373
5372 5369 5374
5370 5371 5368
5336 5334 5337
5375 5339 5376
5338 5340 5346
5377 5378 5379
5380 5344 5347
5344 5380 5381
5350 5347 5345
5347 5350 5380
5313 5310 5314
5310 5313 5308
5382 5307 5383
5307 5382 5306
5371 5384 5385
5384 5371 5370
5312 5383 5313
5383 5312 5317
5349 5380 5350
5349 5351 5356
5351 5349 5354
5380 5349 5356
5332 5386 5324
5356 5381 5380
5381 5356 5355
5355 5387 5388
5387 5355 5357
5344 5389 5342
5389 5344 5381
5365 5390 5391
5390 5365 5366
5363 5391 5392
5391 5363 5365
5381 5388 5389
5388 5381 5355
5358 5393 5387
5366 5385 5390
5385 5366 5371
5394 5312 5314
5320 5319 5325
5319 5312 5394
5319 5395 5325
5395 5319 5394
5379 5309 5311
5309 5379 5378
5340 5339 5375
5379 5305 5377
5307 5311 5308
5311 5307 5303
5377 5305 5302
5303 5379 5311
5379 5303 5305
5383 5308 5313
5308 5383 5307
5320 5321 5322
5320 5322 5318
5322 5317 5312
5383 5316 5382
5316 5383 5317
5322 5315 5317
5331 5386 5332
5386 5331 5396
5333 5396 5331
5396 5333 5397
5398 5367 5373
5333 5336 5397
5364 5360 5362
5399 5362 5359
5362 5399 5400
5401 5354 5402
5354 5401 5352
5400 5372 5362
5374 5364 5362
5402 5349 5348
5349 5402 5354
5368 5374 5369
5374 5368 5364
5372 5374 5362
5373 5367 5369
5357 5358 5387
5403 5341 5343
5341 5403 5376
5376 5403 5375
5376 5338 5341
5338 5376 5339
5401 5359 5352
5359 5401 5399
5358 5392 5393
5392 5358 5363
5324 5323 5332
5360 5363 5361
5363 5360 5365
5352 5361 5353
5361 5352 5359
5330 5326 5328
5326 5330 5323
5330 5332 5323
5318 5322 5312
