byte offset: 0
first index: 56736
index count: 12534
topology: trianglelist
format: DXGI_FORMAT_R16_UINT

12942 12943 12944
12942 12944 12945
12946 12947 12945
12946 12945 12944
12948 12949 12947
12948 12947 12946
12950 12951 12943
12950 12943 12942
2567 2595 12952
2558 2565 12952
2549 2555 12953
12954 12945 12955
12949 12956 12955
12949 12955 12947
12945 12954 12957
12945 12957 12942
12957 12958 12959
12950 12959 12960
12950 12960 12952
12960 12953 12952
12961 12962 12963
12961 12963 12964
2517 2522 12965
12962 12966 12967
12962 12967 12963
2522 2533 2549
2517 2516 2522
12962 12968 12969
12962 12969 12966
12961 12970 12968
12961 12968 12962
12971 12972 12970
12971 12970 12961
12973 12972 12971
12973 12971 12958
12974 12973 12958
12974 12958 12957
12954 12974 12957
12975 12976 2517
12975 2517 12977
12978 12979 12980
12981 12982 12976
12981 12976 12975
12982 12983 12984
12982 12984 12976
2526 2512 12985
12984 2511 2518
12986 2528 2526
12986 2526 12987
12988 12989 12990
12988 12990 12991
12992 12993 12994
12993 12995 12996
12997 12998 12999
12997 12999 13000
12998 12997 13001
12998 13001 13002
13001 13003 13004
13001 13004 13002
13004 13003 13005
13004 13005 13006
2693 2691 13007
13008 2693 13009
13008 13009 13010
2695 2715 2713
2695 2713 2698
13011 13008 13010
2693 13008 2695
13008 13011 2717
13012 2742 13013
13012 13013 13014
13015 13016 13017
13015 13017 13018
13019 13020 13021
13014 13017 13016
13014 13016 13012
13022 13023 13014
13022 13014 13013
13023 13024 13017
13023 13017 13014
13024 13025 13018
13024 13018 13017
13025 13026 13021
13025 13021 13018
13013 2742 2739
13013 2739 13011
13022 13013 13011
13022 13011 13027
13028 13029 13030
12997 2670 2668
12997 2668 13001
2668 2667 13003
2668 13003 13001
13003 2667 2817
13003 2817 13005
12998 13002 13031
13002 13004 13032
13002 13032 13031
13032 13006 12991
13032 12991 12990
13033 13031 12985
13031 13032 12986
13004 13006 13032
13034 12999 13035
13030 13036 12996
13037 12996 12981
12995 13028 13030
13038 13039 13040
13038 13040 13041
13041 13040 13042
13041 13042 13043
13043 13042 13044
13043 13044 13027
13044 13045 13022
13044 13022 13027
13045 13023 13022
13046 13047 13048
13046 13048 13049
13050 13051 13047
13050 13047 13046
13052 13053 13054
13055 13056 13057
13055 13057 13058
13059 13060 13056
13059 13056 13055
13061 13060 13059
13061 13059 13062
13063 13064 13061
13063 13061 13062
13065 13066 13067
13068 13069 13065
13068 13065 13070
13071 13072 13069
13071 13069 13068
13073 13074 13072
13073 13072 13071
13075 13074 13073
13075 13073 13076
13077 13075 13076
13077 13076 13078
13079 13077 13078
13079 13078 13080
13081 13067 13082
13081 13082 13083
13058 13057 13049
13058 13049 13048
13083 13082 13063
13083 13063 13084
13085 13086 13087
13088 13089 13090
13088 13090 13087
13091 13092 13093
13091 13093 13094
13091 13094 13095
13095 13094 13096
13087 13086 13088
13097 13087 13090
13097 13090 13098
13099 13100 13101
13099 13101 13102
13103 13094 13093
13103 13093 13104
13093 13099 13102
13093 13102 13104
13094 13103 13105
13096 13094 13105
13106 13107 13108
13106 13108 13078
13073 13109 13106
13073 13106 13076
13071 13110 13109
13071 13109 13073
13111 13110 13071
13112 13111 13113
13114 13112 13115
13116 13117 13118
13084 13119 13118
13084 13118 13083
13120 13121 13122
13123 13124 13125
13123 13125 13126
13058 13127 13128
13058 13128 13055
13129 13130 13131
13055 13128 13132
13055 13132 13059
13132 13133 13134
13135 13136 13137
13138 13139 13140
13141 13142 13143
13048 13144 13058
13145 13146 13147
13145 13147 13148
13149 13145 13148
13149 13148 13150
13151 13149 13150
13151 13150 13142
13122 13127 13125
13120 13129 13152
13120 13152 13121
13153 13154 13155
13098 13090 13100
13098 13100 13156
13157 13099 13093
13157 13093 13092
13089 13101 13100
13089 13100 13090
13156 13100 13099
13156 13099 13157
13146 13138 13140
13146 13140 13147
13107 13106 13109
13107 13109 13158
13158 13109 13110
13159 13110 13160
13161 13160 13162
13151 13142 13141
13062 13134 13084
13140 13139 13163
13148 13147 13164
13148 13164 13165
13150 13148 13165
13150 13165 13166
13167 13142 13150
13167 13150 13166
13147 13140 13168
13147 13168 13164
13142 13167 13169
13170 13142 13171
13140 13163 13168
13172 13142 13170
13171 13142 13173
13116 13174 13175
13116 13175 13137
13176 13082 13067
13176 13067 13066
13064 13063 13082
13064 13082 13176
13063 13062 13084
13132 13134 13062
13084 13134 13119
13070 13067 13081
13065 13067 13070
13081 13115 13113
13081 13113 13070
13083 13118 13115
13083 13115 13081
13118 13119 13174
13118 13174 13116
13111 13071 13068
13113 13068 13070
13113 13111 13068
13106 13078 13076
13112 13160 13111
13158 13110 13159
13160 13110 13111
13159 13160 13161
13115 13112 13113
13119 13134 13133
13119 13133 13174
13133 13131 13174
13177 13178 13179
13177 13179 13180
13178 13177 13181
13182 13183 13184
13182 13184 13185
13186 13187 13185
13186 13185 13184
13188 13189 13190
13191 13192 13193
13194 13195 13196
13197 13180 13179
13197 13179 13198
13197 13198 13199
13085 13087 13097
13200 13201 13183
13153 13202 13203
13204 13202 13153
13204 13153 13155
13205 13203 13200
13153 13203 13205
13206 13186 13184
13206 13184 13207
13193 13190 13208
13193 13208 13209
13210 13206 13207
13210 13207 13211
13208 13212 13213
13209 13208 13214
13184 13183 13207
13211 13207 13183
13211 13183 13201
13200 13183 13205
13205 13183 13182
13108 13080 13078
13215 13108 13107
13190 13189 13186
13208 13190 13186
13208 13186 13206
13212 13208 13206
13186 13189 13187
13212 13206 13210
13190 13192 13188
13214 13208 13213
13193 13192 13190
13209 13214 13216
13194 13196 13217
13217 13196 13218
13194 13199 13195
13197 13199 13194
13219 13220 13221
13222 13221 13223
13224 13222 13223
13225 13224 13226
13219 13227 13228
13219 13228 13229
13219 13230 13227
13219 13231 13230
13230 13231 13232
2558 12952 12953
12953 13233 2549
2549 13233 12965
2549 12965 2522
12977 2517 12965
12977 12965 12967
12964 12953 12960
12964 12960 13234
12960 12959 13234
12942 12957 12959
12942 12959 12950
12953 12964 12963
12953 12963 13233
13233 12963 12967
13233 12967 12965
13235 12977 12967
13235 12967 12966
12964 13234 12971
12964 12971 12961
12971 13234 12959
12971 12959 12958
2558 12953 2555
2558 2555 2554
12952 2565 2567
2530 2528 12989
2820 2530 12989
2820 12989 12988
12950 12952 2595
12950 2595 12951
2601 12951 2595
12997 2508 2670
2695 13008 2715
2691 2686 2687
13041 13236 13028
13028 13236 13029
13009 2693 13007
13009 13007 13236
2699 13007 2687
2509 2508 13000
2509 13034 13237
2717 13011 2739
13008 2717 2715
2739 2720 2717
13238 13239 13240
13238 13240 13241
13242 13243 13244
13244 13243 13224
13244 13224 13225
13245 13246 12949
13245 12949 12948
13246 13245 13247
13246 13247 13248
13249 13246 13248
13249 13248 13250
13246 13249 12956
13246 12956 12949
13251 13249 13250
13251 13250 13252
13249 13251 13253
13249 13253 12956
13254 12955 12956
13254 12956 13253
12955 12945 12947
12954 12955 13254
13144 13255 13125
13125 13255 13126
13127 13144 13125
13058 13144 13127
13256 13257 13258
13256 13258 13259
13257 13260 13261
13257 13261 13258
13259 13258 12992
13259 12992 12978
13258 13261 12992
12980 13262 12969
13263 13264 12980
13263 12980 12969
13264 13259 12978
13264 12978 12980
13265 13263 12969
13265 12969 12968
13266 13265 12968
13266 12968 12970
12972 13267 13266
12972 13266 12970
12973 13268 13267
12973 13267 12972
12974 13269 13268
12974 13268 12973
13270 13269 12974
13270 12974 12954
13271 13270 12954
13271 12954 13254
13272 13273 13042
13272 13042 13040
13040 13039 13274
13040 13274 13272
13273 13275 13044
13273 13044 13042
13275 13276 13045
13275 13045 13044
13276 13277 13023
13276 13023 13045
13277 13278 13024
13277 13024 13023
13278 13279 13025
13278 13025 13024
13280 13281 13241
13280 13241 13240
13282 13283 13281
13282 13281 13280
13284 13285 13286
13284 13286 13287
13285 13284 13288
13285 13288 13289
13289 13288 13290
13289 13290 13291
12976 2518 2517
2511 12984 2512
12984 2518 12976
13292 12975 12977
13292 12977 13235
12981 12975 13293
2687 13007 2691
13043 13010 13009
13043 13009 13041
2699 13029 13236
2699 13236 13007
13009 13236 13041
13011 13010 13027
13027 13010 13043
13030 13029 13036
13237 13029 2699
13114 13294 13162
13114 13162 13112
13142 13169 13173
13142 13172 13143
13115 13117 13114
13118 13117 13115
13117 13295 13294
13117 13294 13114
13116 13137 13295
13116 13295 13117
13294 13296 13297
13131 13130 13298
13175 13298 13299
13137 13175 13300
13175 13131 13298
13301 13162 13294
13301 13294 13297
13295 13136 13296
13294 13295 13296
13295 13137 13136
13137 13300 13135
13300 13175 13299
13129 13131 13152
13162 13160 13112
13161 13162 13301
13174 13131 13175
13132 13062 13059
13128 13121 13152
13128 13152 13132
13152 13133 13132
13127 13121 13128
13122 13121 13127
13122 13125 13124
13152 13131 13133
13302 13303 13283
13302 13283 13282
13021 13020 13015
13021 13015 13018
13303 13302 13053
13304 13305 13306
13026 13304 13306
13279 13304 13026
13306 13305 13307
13279 13026 13025
13261 13274 13039
13261 13039 13308
13038 13041 13028
13028 12995 13038
13038 12995 13039
13039 12995 13308
12995 12993 13308
13308 12993 12992
13036 13237 13034
13036 13029 13237
2699 2509 13237
12992 13261 13308
12981 13035 12982
12996 13036 13034
12993 12996 13037
12996 12995 13030
12981 12996 13035
13035 13033 12983
13035 12996 13034
13000 12999 13034
13000 13034 2509
13000 2508 12997
13033 12999 12998
13035 12999 13033
13260 13274 13261
13264 13256 13259
13262 12979 13292
12969 13262 12966
12966 13262 13235
12984 12983 2512
12983 13033 12985
13035 12983 12982
2528 12986 12990
2528 12990 12989
13031 12986 12987
12986 13032 12990
2512 12983 12985
12979 12994 13293
12979 13293 13292
13262 13292 13235
13037 13293 12994
13037 12994 12993
12978 12992 12994
12978 12994 12979
13293 12975 13292
12981 13293 13037
12998 13031 13033
12985 13031 12987
12980 12979 13262
2526 12985 12987
13309 13310 13311
13309 13311 13312
13313 13314 13310
13313 13310 13309
13291 13290 13314
13291 13314 13313
13315 13271 13254
13315 13254 13253
13251 13316 13315
13251 13315 13253
13316 13251 13252
13316 13252 13317
13220 13219 13229
13223 13221 13220
13224 13223 13226
13052 13054 13318
13303 13053 13052
2825 2820 12988
2817 2827 13005
13319 13320 13321
13319 13321 13322
13323 13324 13325
13326 13327 13328
13329 13330 13331
13329 13331 13332
13333 13334 13335
13333 13335 13336
13337 13338 13335
13339 13340 13321
13339 13321 13320
13332 13331 13341
13342 13343 13344
13345 13346 13347
13348 13349 13350
13351 13352 13353
13351 13353 13354
13355 13356 13349
13357 13358 13349
13359 13360 13352
13361 13362 13363
13361 13363 13364
13365 13366 13367
13368 13363 13369
13370 13371 13372
13373 13371 13374
13375 13339 13376
13375 13376 13377
13378 13375 13379
13380 13381 13382
13339 13320 13376
13383 13380 13384
13383 13384 13385
13386 13387 13378
13386 13378 13379
13388 13387 13389
13388 13389 13333
13375 13390 13340
13375 13340 13339
13343 13327 13391
13392 13343 13388
13387 13386 13346
13387 13346 13389
13377 13376 13393
13379 13377 13394
13395 13346 13396
13386 13379 13397
13392 13336 13398
13320 13319 13399
13320 13399 13400
13401 13402 13403
13401 13403 13404
13402 13340 13324
13340 13390 13324
13349 13405 13406
13353 13352 13407
13353 13407 13408
13409 13360 13359
13352 13360 13410
13411 13349 13412
13369 13363 13362
13369 13362 13413
13414 13371 13415
13416 13367 13417
13371 13418 13419
13420 13371 13421
13371 13419 13421
13371 13420 13374
13371 13373 13372
13371 13370 13415
13371 13414 13367
13371 13366 13418
13367 13366 13371
13367 13414 13417
13335 13383 13422
13383 13385 13423
13385 13384 13424
13385 13424 13425
13384 13331 13330
13384 13330 13424
13380 13426 13331
13380 13331 13384
13363 13368 13367
13367 13368 13365
13342 13327 13343
13328 13327 13342
13344 13343 13392
13344 13392 13427
13398 13336 13428
13392 13398 13427
13335 13338 13336
13336 13338 13428
13335 13422 13337
13422 13383 13429
13325 13327 13326
13325 13324 13327
13340 13402 13321
13402 13401 13322
13402 13322 13321
13402 13324 13430
13402 13430 13403
13430 13324 13323
13431 13385 13425
13431 13425 13432
13367 13416 13363
13363 13416 13364
13383 13423 13429
13423 13385 13431
13383 13334 13380
13341 13395 13433
13335 13334 13383
13395 13382 13389
13395 13389 13346
13382 13395 13341
13382 13341 13426
13332 13341 13434
13341 13331 13426
13388 13333 13336
13388 13336 13392
13387 13388 13391
13387 13391 13378
13378 13391 13390
13378 13390 13375
13381 13334 13333
13381 13333 13389
13389 13382 13381
13380 13382 13426
13380 13334 13381
13379 13375 13377
13376 13400 13435
13376 13320 13400
13324 13390 13327
13391 13327 13390
13388 13343 13391
13349 13406 13412
13349 13411 13355
13349 13356 13350
13349 13348 13357
13360 13409 13349
13360 13358 13410
13349 13358 13360
13349 13409 13405
13377 13393 13436
13393 13376 13435
13433 13395 13437
13341 13433 13434
13359 13352 13351
13352 13410 13407
13379 13394 13438
13394 13377 13436
13386 13397 13439
13397 13379 13438
13347 13386 13439
13347 13346 13386
13396 13346 13345
13395 13396 13437
13440 13441 13442
13443 13444 13445
13446 13447 13448
13449 13450 13451
13449 13451 13452
13453 13454 13455
13453 13455 13456
13457 13458 13459
13460 13450 13449
13460 13449 13461
13462 13463 13454
13462 13454 13453
13464 13465 13466
13467 13468 13469
13467 13469 13457
13470 13471 13472
13473 13474 13475
13476 13477 13478
13476 13478 13479
13473 13480 13481
13473 13481 13482
13483 13484 13485
13483 13485 13486
13487 13488 13489
13490 13491 13492
13490 13493 13494
13486 13495 13496
13497 13498 13499
13497 13499 13500
13501 13502 13503
13477 13484 13504
13477 13504 13478
13505 13506 13507
13508 13497 13500
13508 13500 13509
13510 13511 13512
13510 13512 13513
13514 13515 13516
13517 13518 13519
13520 13521 13522
13520 13522 13490
13523 13521 13520
13524 13525 13474
13524 13474 13526
13527 13474 13525
13528 13525 13529
13528 13529 13530
13531 13532 13533
13531 13533 13534
13535 13536 13534
13537 13536 13538
13537 13539 13540
13537 13540 13531
13541 13542 13543
13541 13543 13544
13545 13546 13547
13538 13548 13542
13538 13542 13541
13549 13550 13551
13549 13551 13552
13549 13552 13553
13554 13555 13553
13554 13553 13556
13557 13558 13559
13557 13559 13560
13558 13561 13562
13558 13562 13559
13557 13563 13564
13557 13564 13565
13566 13567 13568
13566 13568 13569
13567 13566 13570
13567 13570 13571
13572 13568 13567
13572 13567 13573
13558 13557 13565
13558 13565 13571
13574 13575 13576
13574 13576 13577
13578 13441 13579
13580 13578 13581
13582 13583 13584
13582 13584 13585
13586 13587 13588
13586 13588 13589
13590 13475 13591
13592 13476 13479
13592 13479 13593
13481 13480 13594
13595 13485 13596
13597 13492 13598
13597 13598 13599
13491 13494 13600
13491 13600 13601
13505 13483 13486
13505 13486 13602
13523 13498 13516
13602 13503 13506
13602 13506 13505
13497 13508 13516
13516 13508 13514
13603 13528 13604
13605 13530 13606
13607 13608 13609
13610 13611 13612
13545 13613 13614
13545 13614 13615
13555 13545 13615
13616 13617 13618
13619 13562 13620
13621 13569 13622
13623 13624 13461
13625 13626 13627
13628 13453 13456
13623 13629 13624
13630 13631 13632
13633 13634 13635
13636 13637 13638
13636 13638 13471
13639 13638 13640
13641 13642 13643
13644 13645 13646
13647 13648 13642
13647 13642 13641
13473 13649 13526
13473 13526 13474
13482 13650 13649
13493 13490 13522
13493 13522 13651
13652 13504 13653
13652 13653 13654
13655 13650 13504
13655 13504 13652
13653 13507 13656
13653 13656 13654
13657 13515 13648
13657 13648 13647
13529 13658 13607
13549 13659 13660
13560 13559 13661
13560 13661 13662
13617 13661 13559
13617 13559 13562
13558 13571 13663
13664 13665 13666
13665 13667 13668
13645 13669 13670
13645 13670 13464
13667 13578 13580
13667 13580 13671
13462 13672 13669
13462 13669 13645
13626 13452 13673
13626 13673 13631
13453 13628 13672
13631 13673 13674
13631 13674 13443
13581 13578 13579
13666 13665 13668
13675 13676 13677
13676 13665 13664
13676 13664 13677
13457 13678 13472
13457 13472 13467
13588 13587 13679
13588 13679 13680
13681 13488 13586
13584 13583 13586
13584 13586 13589
13483 13505 13507
13483 13507 13653
13488 13656 13682
13513 13683 13684
13519 13510 13513
13519 13513 13684
13685 13600 13686
13490 13494 13491
13494 13493 13687
13492 13491 13601
13492 13601 13598
13490 13492 13520
13520 13492 13597
13498 13597 13599
13498 13599 13499
13516 13498 13497
13679 13676 13675
13515 13657 13489
13515 13489 13521
13521 13489 13682
13521 13682 13522
13688 13689 13582
13688 13582 13585
13690 13691 13692
13608 13607 13693
13694 13538 13695
13696 13694 13695
13696 13695 13697
13574 13577 13698
13574 13698 13699
13659 13700 13661
13549 13553 13659
13571 13565 13573
13571 13573 13567
13537 13538 13539
13538 13536 13701
13575 13702 13576
13703 13704 13705
13703 13705 13689
13698 13706 13707
13698 13707 13699
13538 13708 13548
13555 13615 13553
13607 13658 13538
13709 13539 13710
13539 13538 13694
13529 13525 13524
13529 13524 13658
13691 13690 13711
13691 13711 13712
13713 13703 13689
13713 13689 13688
13689 13705 13582
13442 13451 13450
13578 13667 13714
13578 13714 13715
13586 13488 13587
13470 13665 13676
13470 13676 13716
13665 13717 13667
13578 13718 13451
13578 13715 13718
13665 13470 13717
13676 13719 13716
13487 13679 13587
13487 13587 13488
13679 13487 13719
13720 13705 13704
13720 13704 13706
13582 13705 13721
13565 13564 13573
13706 13698 13722
13700 13723 13662
13681 13712 13724
13712 13711 13724
13691 13712 13583
13725 13721 13720
13560 13662 13726
13692 13691 13721
13692 13721 13708
13577 13563 13726
13720 13722 13725
13557 13560 13563
13573 13564 13702
13652 13488 13681
13652 13681 13655
13464 13670 13678
13464 13678 13457
13713 13727 13703
13704 13727 13706
13460 13728 13450
13442 13728 13440
13634 13449 13452
13634 13452 13626
13446 13461 13449
13446 13449 13634
13638 13729 13471
13682 13651 13522
13461 13624 13460
13628 13674 13715
13636 13471 13470
13641 13636 13470
13647 13641 13716
13652 13654 13488
13654 13656 13488
13719 13657 13647
13719 13647 13716
13717 13670 13669
13717 13669 13714
13669 13672 13714
13718 13673 13452
13718 13452 13451
13715 13674 13673
13715 13673 13718
13470 13472 13678
13470 13678 13717
13507 13651 13656
13487 13489 13657
13524 13690 13692
13524 13692 13658
13725 13708 13721
13526 13711 13690
13526 13690 13524
13650 13655 13724
13650 13724 13649
13649 13724 13711
13649 13711 13526
13658 13692 13538
13717 13678 13670
13542 13548 13614
13730 13623 13731
13637 13732 13733
13643 13642 13734
13643 13734 13735
13736 13518 13642
13736 13642 13648
13642 13737 13734
13738 13513 13739
13610 13740 13741
13608 13742 13743
13696 13744 13745
13544 13746 13747
13532 13531 13540
13532 13540 13748
13555 13554 13749
13750 13544 13543
13617 13616 13751
13617 13751 13660
13663 13752 13561
13753 13566 13754
13755 13570 13756
13757 13441 13440
13721 13705 13720
13442 13441 13451
13451 13441 13578
13623 13461 13446
13623 13730 13629
13629 13730 13758
13623 13448 13731
13446 13448 13623
13634 13633 13446
13446 13633 13447
13626 13625 13634
13634 13625 13635
13631 13630 13626
13626 13630 13627
13443 13445 13632
13443 13632 13631
13456 13455 13444
13456 13444 13443
13628 13456 13443
13628 13443 13674
13645 13644 13462
13462 13644 13463
13464 13466 13645
13645 13466 13646
13457 13459 13464
13464 13459 13465
13453 13672 13462
13457 13469 13458
13638 13639 13759
13638 13759 13729
13729 13759 13468
13729 13468 13467
13472 13729 13467
13471 13729 13472
13638 13733 13640
13637 13733 13638
13643 13735 13760
13636 13643 13637
13641 13470 13716
13641 13643 13636
13643 13760 13637
13637 13760 13732
13642 13518 13737
13518 13517 13737
13519 13736 13510
13739 13513 13512
13513 13738 13683
13656 13651 13682
13648 13515 13514
13648 13514 13736
13514 13510 13736
13514 13508 13511
13519 13518 13736
13509 13512 13511
13509 13511 13508
13761 13512 13762
13514 13511 13510
13512 13761 13739
13509 13763 13762
13509 13500 13763
13500 13499 13764
13499 13765 13766
13599 13767 13768
13763 13500 13764
13762 13512 13509
13498 13523 13597
13521 13523 13515
13515 13523 13516
13597 13523 13520
13764 13499 13766
13765 13499 13599
13767 13599 13598
13769 13501 13503
13769 13503 13602
13493 13506 13503
13493 13503 13687
13651 13506 13493
13507 13506 13651
13765 13599 13768
13767 13598 13770
13601 13600 13771
13598 13601 13772
13598 13772 13770
13686 13600 13494
13686 13494 13687
13600 13685 13773
13602 13496 13769
13486 13496 13602
13485 13484 13477
13485 13477 13476
13774 13476 13592
13653 13484 13483
13504 13484 13653
13485 13595 13486
13486 13595 13495
13593 13479 13481
13593 13481 13775
13478 13504 13650
13479 13478 13482
13479 13482 13481
13478 13650 13482
13481 13594 13775
13594 13480 13776
13777 13527 13778
13473 13475 13480
13475 13474 13527
13528 13603 13527
13527 13603 13778
13530 13605 13528
13528 13605 13604
13609 13779 13606
13609 13606 13530
13607 13609 13529
13529 13609 13530
13608 13743 13609
13609 13743 13779
13610 13780 13608
13610 13741 13780
13781 13782 13535
13693 13782 13611
13709 13783 13748
13709 13748 13540
13539 13709 13540
13610 13612 13740
13535 13534 13533
13535 13533 13784
13534 13537 13531
13534 13536 13537
13782 13781 13785
13781 13535 13784
13786 13553 13615
13710 13787 13709
13710 13694 13696
13710 13539 13694
13696 13745 13710
13710 13745 13787
13709 13787 13783
13607 13538 13701
13696 13788 13744
13544 13747 13788
13544 13788 13697
13697 13695 13541
13697 13541 13544
13697 13788 13696
13695 13538 13541
13608 13693 13610
13693 13701 13782
13701 13536 13782
13782 13536 13535
13693 13607 13701
13608 13780 13742
13693 13611 13610
13785 13612 13611
13785 13611 13782
13544 13750 13746
13750 13543 13789
13543 13613 13790
13543 13790 13789
13542 13614 13613
13542 13613 13543
13548 13723 13700
13614 13548 13615
13786 13700 13659
13538 13692 13708
13725 13723 13708
13555 13749 13545
13545 13749 13546
13613 13547 13790
13545 13547 13613
13553 13786 13659
13700 13786 13548
13548 13786 13615
13553 13552 13556
13660 13751 13791
13660 13659 13661
13660 13661 13617
13660 13791 13549
13549 13791 13550
13562 13619 13792
13620 13562 13561
13561 13752 13793
13752 13663 13794
13663 13571 13570
13558 13663 13561
13794 13663 13570
13566 13753 13570
13569 13621 13566
13566 13621 13754
13573 13702 13572
13570 13755 13794
13561 13793 13620
13562 13792 13618
13570 13753 13756
13527 13777 13475
13475 13777 13591
13475 13590 13480
13480 13590 13776
13476 13774 13485
13485 13774 13596
13569 13568 13795
13569 13795 13796
13797 13795 13568
13797 13568 13572
13798 13796 13799
13797 13572 13702
13800 13801 13802
13803 13804 13801
13805 13806 13807
13805 13808 13806
13809 13802 13810
13811 13812 13813
13814 13815 13805
13800 13802 13809
13811 13813 13816
13811 13817 13818
13811 13816 13819
13820 13809 13821
13800 13809 13820
13800 13820 13822
13822 13823 13803
13822 13803 13800
13805 13824 13825
13826 13821 13809
13826 13809 13810
13803 13801 13800
13813 13827 13828
13813 13828 13816
13829 13830 13831
13829 13831 13820
13832 13823 13822
13832 13822 13833
13834 13825 13823
13834 13823 13832
13834 13835 13827
13827 13835 13828
13834 13827 13825
13824 13836 13803
13803 13836 13804
13816 13837 13838
13839 13840 13841
13842 13843 13844
13837 13845 13846
13837 13846 13847
13845 13848 13849
13845 13849 13846
13850 13851 13819
13850 13819 13838
13846 13849 13852
13848 13853 13854
13848 13854 13855
13856 13857 13847
13856 13847 13846
13855 13854 13858
13855 13858 13859
13851 13850 13860
13856 13852 13861
13856 13861 13862
13816 13838 13819
13863 13864 13859
13863 13859 13858
13865 13862 13861
13865 13861 13866
13843 13842 13864
13843 13864 13867
13856 13846 13852
13841 13840 13857
13868 13869 13870
13868 13870 13841
13838 13840 13850
13863 13871 13864
13872 13873 13874
13872 13874 13875
13876 13875 13874
13876 13877 13878
13876 13878 13879
13880 13878 13881
13880 13881 13882
13880 13879 13878
13853 13880 13882
13883 13884 13885
13883 13885 13886
13887 13888 13889
13887 13889 13890
13889 13888 13891
13892 13893 13894
13892 13894 13891
13893 13895 13896
13893 13896 13894
13888 13887 13897
13888 13897 13898
13899 13900 13901
13902 13886 13903
13902 13903 13904
13837 13816 13828
13837 13828 13905
13906 13883 13886
13906 13886 13902
13883 13887 13907
13908 13873 13903
13908 13903 13899
13861 13842 13844
13861 13844 13866
13833 13822 13820
13833 13820 13831
13805 13909 13814
13910 13871 13911
13910 13911 13912
13913 13911 13871
13913 13871 13863
13881 13913 13863
13881 13863 13858
13882 13881 13858
13882 13858 13854
13853 13882 13854
13914 13874 13873
13914 13873 13908
13877 13876 13874
13877 13874 13914
13914 13908 13912
13914 13912 13911
13877 13914 13911
13877 13911 13913
13878 13877 13913
13878 13913 13881
13845 13837 13905
13835 13905 13828
13837 13915 13838
13915 13840 13838
13837 13847 13915
13840 13915 13847
13840 13847 13857
13856 13862 13868
13856 13868 13857
13862 13865 13869
13862 13869 13868
13850 13840 13839
13841 13857 13868
13842 13861 13852
13842 13852 13916
13864 13842 13916
13864 13916 13859
13859 13916 13849
13859 13849 13855
13849 13848 13855
13852 13849 13916
13917 13815 13918
13808 13805 13815
13813 13909 13827
13820 13821 13829
13845 13905 13848
13848 13905 13853
13830 13919 13831
13811 13920 13812
13921 13814 13922
13814 13923 13918
13814 13918 13815
13924 13851 13860
13850 13925 13860
13926 13851 13927
13883 13906 13897
13883 13897 13887
13904 13903 13873
13904 13873 13872
13899 13903 13886
13900 13899 13885
13896 13895 13928
13883 13907 13884
13907 13887 13890
13892 13888 13898
13839 13841 13870
13808 13815 13917
13796 13798 13622
13796 13622 13569
13912 13908 13901
13899 13901 13908
13891 13888 13892
13864 13871 13867
13867 13871 13910
13885 13899 13886
13450 13728 13442
13440 13728 13929
13757 13440 13929
13579 13441 13757
13667 13717 13714
13681 13583 13712
13681 13586 13583
13482 13649 13473
13691 13582 13721
13691 13583 13582
13681 13724 13655
13668 13667 13671
13679 13675 13680
13679 13719 13676
13628 13715 13672
13672 13715 13714
13548 13708 13723
13930 13812 13920
13922 13814 13812
13811 13818 13920
13819 13851 13926
13850 13839 13925
13722 13726 13723
13661 13700 13662
13487 13657 13719
13489 13488 13682
13527 13525 13528
13564 13563 13576
13702 13564 13576
13723 13726 13662
13725 13722 13723
13563 13560 13726
13576 13563 13577
13577 13726 13698
13698 13726 13722
13706 13722 13720
13703 13727 13704
13706 13727 13707
13851 13924 13927
13812 13930 13922
13814 13921 13923
13503 13502 13687
13687 13502 13686
13601 13771 13772
13771 13600 13773
13618 13617 13562
13805 13807 13824
13823 13825 13824
13823 13824 13803
13825 13909 13805
13814 13909 13812
13812 13909 13813
13824 13807 13836
13827 13909 13825
13931 13932 13933
13934 13935 13936
13937 13938 13939
13940 13941 13942
13940 13942 13943
13944 13945 13946
13944 13946 13947
13948 13949 13950
13951 13952 13940
13951 13940 13943
13953 13944 13947
13953 13947 13954
13955 13956 13957
13958 13948 13959
13958 13959 13960
13961 13962 13963
13964 13965 13966
13967 13968 13969
13967 13969 13970
13964 13971 13972
13964 13972 13973
13974 13975 13976
13974 13976 13977
13978 13979 13980
13981 13982 13983
13981 13984 13985
13975 13986 13987
13988 13989 13990
13988 13990 13991
13992 13993 13994
13970 13995 13977
13970 13969 13995
13996 13997 13998
13999 14000 13989
13999 13989 13988
14001 14002 14003
14001 14003 14004
14005 14006 14007
14008 14009 14010
14011 13981 14012
14011 14012 14013
14014 14011 14013
14015 14016 13966
14015 13966 14017
14018 14017 13966
14019 14020 14021
14019 14021 14017
14022 14023 14024
14022 14024 14025
14026 14023 14027
14028 14029 14027
14028 14030 14031
14028 14022 14030
14032 14033 14034
14032 14034 14035
14036 14037 14038
14029 14032 14035
14029 14035 14039
14040 14041 14042
14040 14043 14044
14040 14044 14041
14045 14046 14043
14045 14043 14047
14048 14049 14050
14048 14050 14051
14051 14050 14052
14051 14052 14053
14048 14054 14055
14048 14055 14056
14057 14058 14059
14057 14059 14060
14060 14061 14062
14060 14062 14057
14063 14064 14060
14063 14060 14059
14051 14061 14054
14051 14054 14048
14065 14066 14067
14065 14067 14068
14069 14070 13933
14071 14072 14069
14073 14074 14075
14073 14075 14076
14077 14078 14079
14077 14079 14080
14081 14082 13965
14083 14084 13968
14083 13968 13967
13972 14085 13973
14086 14087 13976
14088 14089 14090
14088 14090 13982
13983 14091 14092
13983 14092 13984
13996 14093 13975
13996 13975 13974
14014 14006 13991
14093 13996 13998
14093 13998 13993
13988 14006 13999
14006 14005 13999
14094 14095 14019
14096 14097 14020
14098 14099 14100
14101 14102 14103
14036 14104 14105
14036 14105 14106
14047 14104 14036
14107 14108 14109
14110 14111 14052
14112 14113 14058
14114 13952 14115
14116 14117 14118
14119 13945 13944
14114 14115 14120
14121 14122 14123
14124 14125 14126
14127 13963 14128
14127 14128 14129
14130 14131 14128
14132 14133 14134
14135 14136 14137
14138 14132 14134
14138 14134 14139
13964 13966 14016
13964 14016 14140
13971 14140 14141
13985 14142 14012
13985 14012 13981
14143 14144 14145
14143 14145 13995
14146 14143 13995
14146 13995 14141
14145 14144 14147
14145 14147 13997
14148 14138 14139
14148 14139 14007
14021 14098 14149
14040 14150 14151
14049 14152 14153
14049 14153 14050
14109 14052 14050
14109 14050 14153
14051 14154 14061
14155 14156 14157
14157 14158 14159
14137 13955 14160
14137 14160 14161
14159 14162 14071
14159 14071 14069
13953 14137 14161
13953 14161 14163
14118 14123 14164
14118 14164 13941
13944 14163 14119
14123 13934 14165
14123 14165 14164
14072 14070 14069
14156 14158 14157
14166 14167 14168
14168 14167 14155
14168 14155 14157
13948 13958 13962
13948 13962 14169
14079 14170 14171
14079 14171 14080
14172 14077 13980
14075 14078 14077
14075 14077 14076
13974 14145 13997
13974 13997 13996
13980 14173 14147
14002 14174 14175
14009 14174 14002
14009 14002 14001
14176 14177 14092
13981 13983 13984
13984 14178 13985
13982 14090 14091
13982 14091 13983
13981 14011 13982
14011 14088 13982
13991 13990 14089
13991 14089 14088
14006 13988 13991
14171 14166 14168
14007 14013 13979
14007 13979 14148
14013 14012 14173
14013 14173 13979
14179 14074 14073
14179 14073 14180
14181 14182 14183
14100 14184 14098
14185 14186 14029
14187 14188 14186
14187 14186 14185
14065 14189 14190
14065 14190 14066
14151 14153 14191
14040 14151 14043
14061 14060 14064
14061 14064 14054
14028 14031 14029
14029 14192 14027
14068 14067 14193
14194 14180 14195
14194 14195 14196
14190 14189 14197
14190 14197 14198
14029 14039 14199
14047 14043 14104
14098 14029 14149
14200 14201 14031
14031 14185 14029
14021 14149 14015
14021 14015 14017
14183 14202 14203
14183 14203 14181
14204 14179 14180
14204 14180 14194
14180 14073 14195
13932 13943 13942
14069 14205 14206
14069 14206 14159
14077 14080 13980
13961 14207 14168
13961 14168 14157
14157 14159 14208
14069 13942 14209
14069 14209 14205
14157 14208 13961
14168 14207 14210
13978 13980 14080
13978 14080 14171
14171 14210 13978
14211 14198 14196
14211 14196 14195
14073 14212 14195
14054 14064 14055
14198 14213 14190
14191 14152 14214
14172 14215 14202
14202 14215 14203
14183 14076 14202
14216 14211 14212
14049 14217 14152
14182 14199 14212
14182 14212 14183
14066 14217 14056
14211 14216 14213
14048 14056 14049
14064 14193 14055
14143 14146 14172
14143 14172 13980
13955 13948 14169
13955 14169 14160
14204 14194 14218
14196 14198 14218
13951 13943 14219
13932 13931 14219
14126 14118 13941
14126 13941 13940
13937 14126 13940
13937 13940 13952
14128 13963 14220
14173 14012 14142
13952 13951 14115
14119 14205 14165
14127 13961 13963
14132 13961 14127
14138 14207 14132
14143 13980 14144
14144 13980 14147
14210 14207 14138
14210 14138 14148
14208 14206 14161
14208 14161 14160
14161 14206 14163
14209 13942 13941
14209 13941 14164
14205 14209 14164
14205 14164 14165
13961 14208 14169
13961 14169 13962
13997 14147 14142
13978 14148 13979
14015 14149 14182
14015 14182 14181
14216 14212 14199
14016 14015 14181
14016 14181 14203
14141 14140 14215
14141 14215 14146
14140 14016 14203
14140 14203 14215
14149 14029 14182
14208 14160 14169
14035 14105 14039
14221 14222 14114
14129 14223 14224
14133 14225 14226
14133 14226 14134
14227 14139 14134
14227 14134 14010
14134 14226 14228
14229 14230 14002
14101 14231 14232
14100 14233 14234
14187 14235 14236
14033 14237 14238
14025 14239 14030
14025 14030 14022
14047 14240 14045
14241 14034 14033
14109 14150 14242
14109 14242 14107
14154 14053 14243
14244 14245 14057
14246 14247 14062
14248 13931 13933
14212 14211 14195
13932 13942 13933
13942 14069 13933
14114 13937 13952
14114 14120 14221
14120 14249 14221
14114 14222 13938
13937 14114 13938
14126 13937 14124
13937 13939 14124
14118 14126 14116
14126 14125 14116
14123 14118 14121
14118 14117 14121
13934 14123 14122
13934 14122 13935
13945 13934 13936
13945 13936 13946
14119 14165 13934
14119 13934 13945
14137 13953 14135
13953 13954 14135
13955 14137 13956
14137 14136 13956
13948 13955 13949
13955 13957 13949
13944 13953 14163
13948 13950 13959
14128 14220 14250
14128 14250 14130
14220 13958 13960
14220 13960 14250
13962 13958 14220
13963 13962 14220
14128 14131 14223
14129 14128 14223
14133 14251 14225
14127 14129 14133
14132 14207 13961
14132 14127 14133
14133 14129 14251
14129 14224 14251
14134 14228 14010
14010 14228 14008
14009 14001 14227
14230 14003 14002
14002 14175 14229
14147 14173 14142
14139 14227 14005
14139 14005 14007
14005 14227 14001
14005 14004 13999
14009 14227 14010
14000 13999 14004
14000 14004 14003
14252 14253 14003
14005 14001 14004
14003 14230 14252
14000 14253 14254
14000 14254 13989
13989 14255 13990
13990 14256 14257
14089 14258 14259
14254 14255 13989
14253 14000 14003
13991 14088 14014
14013 14007 14014
14007 14006 14014
14088 14011 14014
14255 14256 13990
14257 14089 13990
14259 14090 14089
14260 14093 13993
14260 13993 13992
13985 14178 13993
13985 13993 13998
14142 13985 13998
13997 14142 13998
14257 14258 14089
14259 14261 14090
14091 14262 14092
14090 14261 14263
14090 14263 14091
14177 14178 13984
14177 13984 14092
14092 14264 14176
14093 14260 13986
13975 14093 13986
13976 13967 13970
13976 13970 13977
14265 14083 13967
14145 13974 13977
13995 14145 13977
13976 13975 14086
13975 13987 14086
14084 14266 13972
14084 13972 13968
13969 14141 13995
13968 13972 13971
13968 13971 13969
13969 13971 14141
13972 14266 14085
14085 14267 13973
14268 14269 14018
13964 13973 13965
13965 14018 13966
14019 14018 14094
14018 14269 14094
14020 14019 14096
14019 14095 14096
14099 14020 14097
14099 14097 14270
14098 14021 14099
14021 14020 14099
14100 14099 14233
14099 14270 14233
14101 14100 14271
14101 14271 14231
14272 14026 14273
14184 14103 14273
14200 14030 14239
14200 14239 14274
14031 14030 14200
14101 14232 14102
14026 14275 14024
14026 14024 14023
14023 14022 14028
14023 14028 14027
14273 14276 14272
14272 14275 14026
14277 14104 14043
14201 14200 14278
14201 14187 14185
14201 14185 14031
14187 14201 14235
14201 14278 14235
14200 14274 14278
14098 14192 14029
14187 14236 14279
14033 14188 14279
14033 14279 14237
14188 14033 14032
14188 14032 14186
14188 14187 14279
14186 14032 14029
14100 14101 14184
14184 14273 14192
14192 14273 14027
14273 14026 14027
14184 14192 14098
14100 14234 14271
14184 14101 14103
14276 14273 14103
14276 14103 14102
14033 14238 14241
14241 14280 14034
14034 14280 14281
14034 14281 14106
14035 14034 14106
14035 14106 14105
14039 14191 14214
14105 14104 14039
14277 14151 14191
14029 14199 14182
14216 14199 14214
14047 14036 14240
14036 14038 14240
14106 14281 14037
14036 14106 14037
14043 14151 14277
14191 14039 14277
14039 14104 14277
14043 14046 14044
14150 14282 14242
14150 14153 14151
14150 14109 14153
14150 14040 14282
14040 14042 14282
14052 14283 14110
14111 14053 14052
14053 14284 14243
14243 14285 14154
14154 14062 14061
14051 14053 14154
14285 14062 14154
14057 14062 14244
14058 14057 14112
14057 14245 14112
14064 14063 14193
14062 14285 14246
14053 14111 14284
14052 14108 14283
14062 14247 14244
14018 13965 14268
13965 14082 14268
13965 13973 14081
13973 14267 14081
13967 13976 14265
13976 14087 14265
14058 14286 14287
14058 14287 14059
14288 14063 14059
14288 14059 14287
14289 14290 14286
14288 14193 14063
14291 14292 14293
14294 14293 14295
14296 14297 14298
14296 14298 14299
14300 14301 14292
14302 14303 14304
14305 14296 14306
14291 14300 14292
14302 14307 14303
14302 14308 14309
14302 14310 14307
14311 14312 14300
14291 14313 14311
14291 14311 14300
14313 14291 14294
14313 14294 14314
14296 14315 14316
14317 14301 14300
14317 14300 14312
14294 14291 14293
14303 14307 14318
14303 14318 14319
14320 14311 14321
14320 14321 14322
14323 14324 14313
14323 14313 14314
14325 14323 14314
14325 14314 14315
14325 14319 14326
14319 14318 14326
14325 14315 14319
14316 14294 14327
14294 14295 14327
14307 14328 14329
14330 14331 14332
14333 14334 14335
14329 14336 14337
14329 14337 14338
14338 14337 14339
14338 14339 14340
14341 14328 14310
14341 14310 14342
14337 14343 14339
14340 14344 14345
14340 14345 14346
14347 14337 14336
14347 14336 14348
14344 14349 14350
14344 14350 14345
14342 14351 14341
14347 14352 14353
14347 14353 14343
14307 14310 14328
14354 14350 14349
14354 14349 14355
14356 14357 14353
14356 14353 14352
14335 14358 14355
14335 14355 14333
14347 14343 14337
14331 14348 14332
14359 14331 14360
14359 14360 14361
14328 14341 14332
14354 14355 14362
14363 14364 14365
14363 14365 14366
14367 14365 14364
14367 14368 14369
14367 14369 14370
14371 14372 14373
14371 14373 14369
14371 14369 14368
14346 14372 14371
14374 14375 14376
14374 14376 14377
14378 14379 14380
14378 14380 14381
14380 14382 14381
14383 14382 14384
14383 14384 14385
14385 14384 14386
14385 14386 14387
14381 14388 14389
14381 14389 14378
14390 14391 14392
14393 14394 14395
14393 14395 14375
14329 14396 14318
14329 14318 14307
14397 14393 14375
14397 14375 14374
14374 14398 14378
14399 14390 14395
14399 14395 14366
14353 14357 14334
14353 14334 14333
14324 14321 14311
14324 14311 14313
14296 14305 14400
14401 14402 14403
14401 14403 14362
14404 14354 14362
14404 14362 14403
14373 14350 14354
14373 14354 14404
14372 14345 14350
14372 14350 14373
14346 14345 14372
14405 14399 14366
14405 14366 14365
14370 14405 14365
14370 14365 14367
14405 14403 14402
14405 14402 14399
14370 14404 14403
14370 14403 14405
14369 14373 14404
14369 14404 14370
14338 14396 14329
14326 14318 14396
14329 14328 14406
14406 14328 14332
14329 14406 14336
14332 14348 14336
14332 14336 14406
14347 14348 14359
14347 14359 14352
14352 14359 14361
14352 14361 14356
14341 14330 14332
14331 14359 14348
14333 14407 14343
14333 14343 14353
14355 14349 14407
14355 14407 14333
14349 14344 14339
14349 14339 14407
14339 14344 14340
14343 14407 14339
14408 14409 14306
14299 14306 14296
14303 14319 14400
14311 14320 14312
14338 14340 14396
14340 14346 14396
14322 14321 14410
14302 14411 14412
14413 14414 14305
14305 14306 14409
14305 14409 14415
14416 14351 14342
14341 14351 14417
14418 14419 14342
14374 14378 14389
14374 14389 14397
14394 14363 14366
14394 14366 14395
14390 14375 14395
14392 14376 14390
14386 14420 14387
14374 14377 14398
14398 14379 14378
14383 14388 14381
14330 14360 14331
14299 14408 14306
14286 14058 14113
14286 14113 14289
14402 14391 14399
14390 14399 14391
14382 14383 14381
14355 14358 14362
14358 14401 14362
14376 14375 14390
13943 13932 14219
13931 14421 14219
14248 14421 13931
14070 14248 13933
14159 14206 14208
14172 14202 14076
14172 14076 14077
13971 13964 14140
14183 14212 14073
14183 14073 14076
14172 14146 14215
14158 14162 14159
14171 14170 14166
14171 14168 14210
14119 14163 14205
14163 14206 14205
14039 14214 14199
14414 14304 14305
14302 14412 14308
14310 14302 14418
14341 14417 14330
14213 14214 14217
14153 14152 14191
13978 14210 14148
13979 14173 13980
14018 14019 14017
14055 14067 14056
14193 14067 14055
14214 14152 14217
14216 14214 14213
14056 14217 14049
14067 14066 14056
14066 14190 14217
14190 14213 14217
14198 14211 14213
14194 14196 14218
14198 14197 14218
14342 14419 14416
14302 14304 14411
14304 14414 14411
14305 14415 14413
13993 14178 13994
14178 14177 13994
14091 14263 14262
14262 14264 14092
14108 14052 14109
14296 14316 14297
14316 14315 14314
14316 14314 14294
14315 14296 14400
14305 14304 14400
14304 14303 14400
14316 14327 14297
14319 14315 14400
14310 14418 14342
14418 14302 14309
13819 13926 13811
13811 13926 13817
14422 14423 14424
14422 14424 14425
14426 14427 14428
14426 14428 14429
14430 14431 14432
14430 14432 14433
14434 14435 14436
14437 14438 14439
14440 14441 14442
14434 14441 14443
14443 14441 14440
14444 14445 14446
14444 14446 14447
14448 14446 14445
14448 14445 14449
14450 14451 14423
14452 14453 14454
14455 14452 14454
14455 14454 14456
14457 14458 14454
14459 14460 14461
14459 14461 14462
14431 14430 14463
14464 14432 14465
14464 14465 14466
14464 14466 14467
14468 14469 14440
14470 14471 14472
14470 14472 14473
14474 14470 14473
14474 14473 14475
14476 14477 14478
14476 14478 14479
14479 14480 14481
14482 14430 14433
14482 14433 14483
14483 14433 14484
14483 14484 14485
14486 14487 14485
14486 14485 14484
14481 14488 14489
14481 14489 14468
14490 14482 14488
14490 14488 14481
14433 14432 14464
14433 14464 14484
14467 14486 14484
14467 14484 14464
14468 14489 14491
14468 14491 14469
14469 14491 14492
14469 14492 14493
14494 14492 14491
14494 14491 14487
14488 14483 14489
14482 14490 14495
14482 14495 14496
14497 14466 14465
14497 14465 14498
14498 14465 14499
14441 14434 14500
14434 14436 14500
14480 14479 14473
14478 14475 14479
14500 14501 14450
14422 14425 14502
14422 14502 14503
14504 14505 14506
14504 14506 14507
14508 14509 14460
14509 14510 14511
14509 14511 14512
14438 14509 14512
14438 14512 14513
14436 14514 14459
14515 14516 14517
14515 14517 14447
14518 14517 14516
14518 14516 14519
14450 14422 14520
14521 14522 14523
14521 14523 14524
14525 14526 14527
14528 14525 14527
14528 14527 14529
14530 14531 14532
14533 14530 14532
14533 14532 14534
14521 14449 14445
14521 14445 14535
14535 14445 14444
14535 14444 14536
14537 14538 14539
14537 14539 14540
14531 14537 14540
14531 14540 14526
14541 14542 14543
14541 14543 14544
14536 14541 14544
14536 14544 14545
14546 14547 14548
14546 14548 14549
14550 14551 14552
14550 14552 14553
14549 14552 14551
14554 14555 14556
14554 14556 14557
14558 14554 14557
14558 14557 14559
14560 14561 14562
14560 14562 14559
14563 14562 14561
14563 14561 14564
14555 14565 14566
14555 14566 14567
14567 14566 14568
14567 14568 14569
14570 14571 14572
14570 14572 14573
14553 14572 14571
14553 14571 14550
14574 14575 14551
14574 14551 14550
14546 14551 14575
14546 14575 14576
14447 14446 14577
14447 14577 14515
14578 14577 14446
14578 14446 14448
14447 14517 14579
14447 14579 14444
14518 14580 14579
14518 14579 14517
14449 14521 14524
14449 14524 14581
14522 14521 14535
14522 14535 14582
14582 14535 14536
14582 14536 14545
14542 14541 14579
14542 14579 14580
14444 14579 14541
14444 14541 14536
14578 14583 14584
14578 14584 14577
14515 14577 14584
14515 14584 14513
14583 14578 14428
14583 14428 14456
14456 14428 14427
14456 14427 14455
14513 14512 14516
14513 14516 14515
14519 14516 14512
14519 14512 14511
14582 14545 14531
14582 14531 14530
14522 14582 14530
14522 14530 14533
14543 14538 14537
14543 14537 14544
14544 14537 14531
14544 14531 14545
14576 14585 14547
14576 14547 14546
14586 14547 14585
14586 14585 14587
14454 14588 14589
14454 14589 14457
14588 14590 14451
14588 14451 14589
14501 14462 14451
14461 14460 14438
14461 14438 14437
14461 14437 14457
14559 14557 14591
14559 14591 14560
14556 14591 14557
14592 14556 14555
14592 14555 14567
14592 14567 14569
14592 14569 14587
14565 14555 14554
14565 14554 14593
14593 14554 14558
14593 14558 14594
14595 14424 14423
14595 14423 14590
14496 14495 14596
14496 14596 14597
14598 14599 14506
14598 14506 14505
14599 14598 14600
14599 14600 14499
14495 14472 14471
14495 14471 14596
14499 14432 14431
14499 14431 14599
14599 14431 14463
14599 14463 14506
14506 14463 14601
14506 14601 14507
14488 14482 14483
14422 14503 14520
14430 14482 14496
14430 14496 14463
14590 14588 14602
14590 14602 14595
14490 14480 14472
14490 14472 14495
14510 14509 14508
14510 14508 14603
14603 14508 14514
14603 14514 14604
14514 14435 14605
14583 14458 14439
14583 14439 14584
14560 14591 14575
14560 14575 14574
14576 14575 14591
14576 14591 14556
14564 14561 14606
14564 14606 14607
14574 14606 14561
14574 14561 14560
14550 14571 14606
14550 14606 14574
14607 14606 14571
14607 14571 14570
14608 14572 14609
14526 14540 14609
14526 14609 14610
14556 14592 14585
14556 14585 14576
14587 14585 14592
14611 14612 14552
14611 14552 14613
14549 14613 14552
14614 14615 14616
14614 14616 14617
14617 14616 14548
14617 14548 14618
14615 14614 14619
14620 14621 14622
14620 14622 14623
14611 14615 14529
14528 14620 14534
14623 14622 14624
14623 14624 14523
14549 14548 14616
14549 14616 14613
14613 14616 14615
14613 14615 14611
14533 14623 14523
14533 14523 14522
14625 14568 14566
14625 14566 14626
14626 14566 14565
14626 14565 14627
14449 14581 14429
14449 14429 14448
14581 14524 14628
14581 14628 14629
14426 14429 14581
14426 14581 14629
14448 14429 14428
14448 14428 14578
14624 14628 14524
14624 14524 14523
14499 14600 14630
14499 14630 14498
14498 14630 14631
14497 14632 14466
14633 14634 14635
14635 14466 14632
14636 14637 14497
14638 14639 14494
14494 14639 14640
14640 14641 14642
14492 14494 14640
14492 14640 14643
14644 14643 14645
14645 14640 14642
14493 14492 14643
14493 14643 14646
14647 14646 14648
14648 14643 14644
14605 14649 14646
14604 14605 14650
14651 14652 14653
14654 14652 14650
14603 14655 14656
14603 14656 14510
14657 14656 14658
14658 14655 14659
14510 14656 14660
14510 14660 14511
14661 14660 14662
14662 14660 14656
14519 14663 14664
14519 14664 14518
14665 14664 14666
14666 14664 14663
14538 14543 14667
14538 14667 14668
14669 14668 14670
14670 14668 14667
14538 14668 14671
14538 14671 14539
14672 14671 14668
14672 14668 14669
14570 14673 14674
14570 14674 14607
14675 14674 14676
14676 14674 14673
14559 14562 14677
14559 14677 14558
14678 14677 14562
14678 14562 14563
14679 14680 14677
14681 14677 14678
14558 14677 14680
14558 14680 14594
14627 14565 14593
14627 14593 14682
14594 14682 14593
14683 14684 14664
14683 14664 14665
14518 14664 14684
14518 14684 14580
14659 14655 14685
14685 14655 14651
14604 14651 14655
14604 14655 14603
14686 14687 14688
14688 14687 14633
14467 14466 14634
14467 14634 14687
14689 14690 14691
14691 14690 14686
14486 14467 14687
14486 14687 14690
14654 14650 14692
14693 14694 14684
14693 14684 14683
14580 14684 14694
14580 14694 14542
14695 14563 14696
14697 14696 14698
14564 14698 14696
14699 14667 14700
14700 14694 14693
14542 14694 14667
14542 14667 14543
14701 14663 14702
14702 14660 14661
14511 14660 14663
14511 14663 14519
14703 14698 14704
14704 14698 14674
14607 14674 14698
14607 14698 14564
14705 14673 14706
14706 14673 14707
14573 14673 14570
14708 14707 14671
14708 14671 14672
14539 14671 14707
14539 14707 14608
14497 14637 14709
14678 14563 14710
14710 14563 14695
14704 14674 14675
14676 14673 14705
14697 14698 14703
14679 14677 14681
14706 14707 14708
14549 14551 14546
14670 14667 14699
14694 14700 14667
14666 14663 14701
14660 14702 14663
14612 14610 14553
14612 14553 14552
14610 14609 14572
14610 14572 14553
14608 14609 14539
14539 14609 14540
14548 14547 14586
14497 14709 14632
14636 14497 14631
14686 14690 14687
14638 14494 14689
14689 14494 14690
14690 14487 14486
14690 14494 14487
14633 14687 14634
14635 14634 14466
14645 14643 14640
14648 14646 14643
14692 14650 14646
14692 14646 14647
14463 14496 14597
14463 14597 14601
14640 14639 14641
14480 14490 14481
14655 14658 14656
14662 14656 14657
14650 14652 14651
14685 14651 14653
14499 14465 14432
14498 14631 14497
14487 14491 14489
14487 14489 14485
14477 14476 14468
14476 14481 14468
14477 14442 14520
14442 14500 14450
14443 14649 14435
14646 14649 14493
14493 14649 14443
14493 14443 14469
14548 14586 14618
14475 14503 14502
14475 14502 14474
14422 14450 14423
14478 14503 14475
14520 14503 14478
14479 14475 14473
14423 14451 14590
14480 14473 14472
14436 14459 14462
14436 14462 14501
14589 14462 14461
14451 14462 14589
14461 14457 14589
14459 14508 14460
14459 14514 14508
14460 14509 14438
14500 14436 14501
14436 14435 14514
14450 14501 14451
14615 14619 14620
14620 14619 14621
14454 14453 14588
14588 14453 14602
14529 14527 14612
14529 14612 14611
14534 14532 14525
14534 14525 14528
14532 14526 14525
14532 14531 14526
14534 14623 14533
14534 14620 14623
14527 14610 14612
14527 14526 14610
14529 14620 14528
14529 14615 14620
14673 14573 14608
14673 14608 14707
14573 14572 14608
14437 14439 14458
14437 14458 14457
14439 14513 14584
14439 14438 14513
14456 14458 14583
14454 14458 14456
14695 14696 14697
14564 14696 14563
14435 14649 14605
14477 14468 14440
14479 14481 14476
14489 14483 14485
14443 14440 14469
14605 14646 14650
14711 14712 14713
14711 14713 14714
14715 14716 14717
14715 14717 14718
14719 14720 14721
14722 14723 14724
14722 14724 14725
14726 14727 14728
14726 14728 14729
14730 14726 14729
14730 14729 14731
14732 14733 14726
14732 14726 14730
14734 14733 14732
14734 14732 14735
14733 14736 14727
14733 14727 14726
14737 14738 14739
14737 14739 14736
14739 14740 14723
14739 14723 14722
14741 14742 14740
14723 14740 14742
14723 14742 14719
14741 14740 14738
14738 14740 14739
14722 14727 14736
14722 14736 14739
14725 14728 14727
14725 14727 14722
14737 14736 14733
14737 14733 14734
14721 14724 14723
14721 14723 14719
14743 14744 14719
14743 14719 14742
14744 14745 14715
14746 14743 14742
14746 14742 14741
14745 14747 14716
14748 14717 14716
14748 14716 14749
14716 14747 14749
14721 14720 14718
14744 14720 14719
14750 14745 14744
14750 14744 14743
14746 14750 14743
14745 14750 14751
14745 14751 14747
14747 14751 14752
14747 14752 14753
14749 14713 14712
14749 14712 14748
14753 14752 14714
14753 14714 14713
14749 14753 14713
14749 14747 14753
14745 14716 14715
14744 14715 14720
14718 14720 14715
14754 14755 14731
14754 14731 14729
14756 14757 14729
14756 14729 14728
14729 14757 14754
14758 14728 14725
14728 14759 14756
14728 14758 14760
14761 14758 14725
14761 14725 14724
14762 14763 14724
14764 14765 14766
14767 14768 14769
14770 14771 14772
14772 14773 14770
14721 14774 14724
14718 14766 14774
14766 14718 14717
14748 14769 14717
14775 14772 14769
14775 14769 14748
14712 14776 14775
14712 14775 14748
14711 14777 14776
14711 14776 14712
14761 14778 14758
14779 14761 14763
14758 14778 14760
14779 14778 14761
14765 14780 14781
14765 14781 14762
14782 14783 14764
14784 14782 14767
14782 14764 14768
14771 14785 14784
14771 14784 14767
14786 14785 14770
14782 14768 14767
14769 14768 14766
14766 14717 14769
14766 14768 14764
14780 14765 14764
14780 14764 14783
14774 14765 14762
14766 14765 14774
14718 14774 14721
14762 14724 14774
14781 14779 14763
14781 14763 14762
14724 14763 14761
14785 14771 14770
14772 14771 14769
14769 14771 14767
14770 14773 14786
14754 14787 14755
14728 14760 14759
14788 14789 14790
14790 14791 14792
14793 14790 14794
14788 14790 14793
14790 14789 14791
14795 14790 14796
14794 14790 14795
14735 14797 14734
14798 14799 14800
14800 14799 14801
14802 14799 14798
14801 14799 14803
14803 14799 14804
14804 14799 14805
14806 14807 14808
14808 14807 14809
14808 14809 14810
14811 14812 14809
14811 14809 14807
14813 14814 14815
14813 14815 14816
14806 14808 14817
14818 14819 14820
14816 14819 14808
14816 14808 14810
14814 14821 14822
14815 14822 14823
14824 14822 14825
14826 14821 14827
14828 14813 14829
14828 14829 14830
14813 14828 14831
14813 14831 14814
14830 14829 14832
14830 14832 14833
14834 14835 14833
14834 14833 14832
14836 14827 14821
14836 14821 14837
14838 14836 14837
14838 14837 14839
14831 14839 14837
14814 14837 14821
14834 14832 14809
14834 14809 14812
14810 14809 14832
14810 14832 14829
14816 14815 14840
14816 14840 14819
14819 14840 14841
14842 14843 14840
14842 14840 14815
14829 14813 14816
14829 14816 14810
14815 14823 14844
14845 14846 14823
14847 14848 14831
14847 14831 14828
14849 14850 14851
14852 14850 14853
14854 14853 14849
14854 14849 14838
14835 14855 14856
14835 14856 14833
14848 14857 14839
14848 14839 14831
14838 14839 14857
14838 14857 14854
14838 14849 14858
14838 14858 14836
14836 14858 14859
14860 14858 14849
14815 14844 14861
14815 14861 14842
14840 14843 14862
14819 14841 14820
14819 14818 14808
14841 14840 14862
14808 14818 14817
14823 14846 14844
14822 14824 14823
14821 14826 14822
14823 14824 14845
14822 14826 14825
14863 14830 14833
14863 14833 14856
14828 14830 14863
14828 14863 14847
14836 14859 14827
14849 14851 14860
14853 14850 14849
14831 14837 14814
14814 14822 14815
14864 14865 14866
14864 14866 14867
14868 14869 14870
14871 14872 14873
14871 14873 14874
14874 14873 14875
14874 14875 14876
14877 14878 14872
14877 14872 14879
14875 14873 14880
14875 14880 14881
14878 14882 14880
14878 14880 14873
14883 14884 14885
14886 14884 14883
14886 14883 14887
14888 14887 14883
14889 14890 14891
14889 14891 14892
14893 14894 14892
14893 14892 14891
14895 14896 14891
14895 14891 14890
14893 14891 14896
14893 14896 14897
14898 14899 14900
14901 14900 14899
14900 14901 14902
14900 14902 14882
14903 14904 14905
14903 14905 14906
14898 14903 14906
14898 14906 14899
14907 14899 14906
14907 14906 14908
14908 14906 14905
14908 14905 14909
14910 14911 14912
14910 14912 14864
14913 14866 14865
14913 14865 14914
14913 14914 14915
14913 14915 14916
14917 14915 14914
14917 14914 14918
14919 14917 14918
14919 14918 14920
14911 14920 14918
14911 14918 14912
14912 14918 14914
14912 14914 14865
14921 14922 14923
14923 14922 14924
14925 14926 14924
14925 14924 14922
14925 14927 14916
14925 14916 14926
14927 14928 14913
14927 14913 14916
14876 14866 14913
14876 14913 14928
14929 14867 14866
14929 14866 14876
14930 14931 14932
14932 14931 14922
14933 14934 14935
14935 14934 14931
14879 14936 14931
14879 14931 14934
14927 14871 14874
14927 14874 14928
14876 14928 14874
14925 14936 14871
14925 14871 14927
14937 14938 14911
14911 14939 14940
14940 14941 14911
14942 14920 14943
14944 14945 14915
14944 14915 14917
14900 14882 14878
14900 14878 14877
14885 14884 14946
14933 14946 14884
14933 14884 14934
14877 14879 14934
14877 14934 14884
14936 14879 14872
14936 14872 14871
14947 14948 14875
14947 14875 14881
14949 14924 14950
14950 14924 14869
14945 14869 14926
14881 14880 14951
14951 14880 14882
14951 14882 14902
14884 14886 14877
14952 14953 14954
14894 14904 14953
14894 14953 14892
14897 14896 14955
14955 14956 14957
14895 14956 14896
14958 14959 14909
14958 14909 14905
14894 14958 14905
14894 14905 14904
14959 14958 14960
14894 14893 14958
14897 14960 14893
14948 14929 14876
14948 14876 14875
14900 14877 14886
14900 14886 14898
14898 14886 14887
14898 14887 14903
14904 14903 14887
14904 14887 14953
14916 14915 14945
14916 14945 14926
14901 14899 14907
14955 14896 14956
14960 14958 14893
14932 14922 14961
14962 14924 14949
14870 14869 14945
14950 14869 14868
14963 14917 14919
14936 14925 14922
14936 14922 14931
14935 14931 14930
14878 14873 14872
14937 14911 14910
14911 14938 14939
14920 14941 14943
14911 14941 14920
14920 14942 14919
14917 14963 14944
14870 14945 14944
14924 14962 14923
14922 14921 14961
14953 14887 14888
14953 14888 14954
14953 14952 14892
14892 14952 14889
14926 14869 14924
14864 14912 14865
14964 14965 14966
14964 14966 14967
14968 14969 14970
14971 14972 14973
14971 14973 14974
14975 14971 14974
14975 14974 14976
14970 14977 14978
14975 14976 14979
14975 14979 14980
14978 14977 14973
14964 14967 14969
14964 14969 14968
14981 14982 14980
14981 14980 14979
14983 14984 14972
14983 14972 14971
14972 14984 14985
14972 14985 14978
14978 14985 14986
14978 14986 14970
14970 14986 14987
14970 14987 14968
14968 14987 14988
14968 14988 14964
14964 14988 14989
14964 14989 14965
14990 14991 14984
14990 14984 14983
14984 14991 14992
14984 14992 14985
14985 14992 14993
14985 14993 14986
14986 14993 14994
14986 14994 14987
14987 14994 14995
14987 14995 14988
14970 14969 14977
14996 14997 14991
14996 14991 14990
14991 14997 14998
14991 14998 14992
14992 14998 14999
14992 14999 14993
14993 14999 15000
14993 15000 14994
15000 15001 15002
15003 15004 14997
15003 14997 14996
14997 15004 15005
14997 15005 14998
14998 15005 15006
14998 15006 14999
14999 15006 15001
14999 15001 15000
15007 15004 15003
15007 15003 15008
15009 15010 15007
15009 15007 15008
15004 15007 15011
15004 15011 15005
15012 15011 15007
15012 15007 15010
15005 15011 15013
15005 15013 15006
15006 15013 15014
15006 15014 15001
15014 15015 15001
15016 15013 15011
15016 15011 15012
15016 15017 15013
15018 14983 14971
15018 14971 14975
15019 15018 14975
15019 14975 14980
15020 15019 14980
15020 14980 14982
14983 15018 15021
14983 15021 14990
15022 15021 15018
15022 15018 15019
15023 15022 15019
15023 15019 15020
14990 15021 15024
14990 15024 14996
15025 15024 15021
15025 15021 15022
15026 15025 15022
15026 15022 15023
14996 15024 15027
14996 15027 15003
15028 15027 15024
15028 15024 15025
15029 15028 15025
15029 15025 15026
15003 15027 15030
15003 15030 15008
15008 15030 15031
15008 15031 15009
15032 15030 15027
15032 15027 15028
15030 15032 15033
15030 15033 15031
15034 15032 15028
15034 15028 15029
15032 15034 15035
15032 15035 15033
15036 15037 15038
15036 15039 15037
15039 15040 15041
15039 15041 15042
15026 15023 15038
15043 15044 15045
15043 15045 15046
15036 15043 15046
14995 15047 14989
14995 14989 14988
15000 14995 14994
15000 15002 14995
15037 15042 15034
15037 15034 15029
15034 15042 15041
15034 15041 15035
15026 15037 15029
15038 15037 15026
15037 15039 15042
15048 15040 15045
15048 15045 15049
15040 15048 15050
15040 15050 15041
15051 15052 15012
15012 15053 15051
15054 15055 15010
15054 15010 15009
15056 15054 15009
15056 15009 15031
15057 15056 15031
15057 15031 15033
15058 15059 15035
15035 15041 15050
15035 15050 15058
15046 15045 15040
15046 15040 15039
15049 15045 15044
15049 15044 15060
15036 15046 15039
15061 15049 15060
15061 15060 15062
15049 15061 15063
15049 15063 15048
15048 15063 15064
15048 15064 15050
15065 15055 15054
15065 15054 15066
15065 15067 15055
15068 15066 15054
15068 15054 15056
15069 15068 15056
15070 15071 15058
15058 15050 15064
15072 15061 15073
15061 15072 15074
15061 15074 15063
15063 15074 15075
15063 15075 15064
15075 15076 15064
15062 15077 15073
15058 15071 15059
15078 15073 15079
15078 15080 15072
15072 15080 15081
15072 15081 15074
15081 15082 15075
15081 15075 15074
15075 15082 15083
15084 15085 15086
15087 15084 15086
15062 15086 15077
15078 15072 15073
15073 15061 15062
15088 15078 15089
15078 15088 15090
15078 15090 15080
15080 15090 15091
15080 15091 15081
15091 15092 15082
15092 15093 15082
15094 15088 15095
15088 15094 15096
15088 15096 15090
15096 15097 15090
15098 15099 15091
15100 15101 15094
15100 15094 15095
15101 15096 15094
15102 15103 15084
15079 15104 15089
15089 15104 15105
15089 15105 15106
15107 15108 15102
15109 15110 15111
15111 15110 15112
15111 15112 15113
15087 15111 15113
15114 15110 15109
15114 15109 15115
15116 15117 15114
15116 15114 15115
15118 15116 15119
15120 15118 15119
15121 15120 15122
15116 15115 15123
15124 15125 15126
15127 15124 15128
15124 15129 15125
15130 15131 15124
15130 15124 15127
15123 15128 15126
15122 15119 15126
15122 15126 15125
15132 15122 15125
15132 15125 15133
15119 15123 15126
15119 15116 15123
15134 15135 15131
15136 15137 15134
15136 15134 15138
15139 15136 15140
15141 15139 15142
15141 15142 15143
15139 15140 15142
15124 15131 15129
15134 15131 15130
15134 15130 15138
15144 15137 15136
15136 15138 15140
15137 15145 15135
15146 15145 15147
15137 15144 15147
15144 15136 15139
15148 15129 15135
15149 15148 15150
15151 15150 15146
15152 15153 15149
15153 15129 15148
15153 15154 15129
15152 15155 15154
15152 15154 15153
15129 15154 15133
15156 15154 15155
15133 15156 15157
15133 15157 15132
15158 15157 15159
15157 15160 15132
15161 15162 15160
15161 15160 15158
15132 15160 15121
15121 15160 15162
15163 15117 15116
15163 15116 15118
15164 15163 15118
15164 15118 15120
15165 15164 15121
15162 15166 15121
15167 15107 15112
15168 15117 15163
15085 15103 15104
15104 15103 15169
15104 15169 15105
15086 15085 15077
15077 15085 15079
15170 15169 15171
15169 15170 15172
15169 15172 15105
15172 15173 15105
15174 15107 15167
15102 15108 15103
15103 15108 15169
15113 15112 15107
15113 15107 15102
15084 15113 15102
15087 15113 15084
15167 15112 15110
15167 15110 15114
15107 15174 15175
15107 15175 15108
15117 15168 15176
15117 15176 15177
15178 15168 15164
15179 15164 15165
15168 15178 15180
15168 15180 15176
15181 15180 15178
15177 15114 15117
15164 15179 15182
15114 15177 15183
15114 15183 15167
15184 15183 15177
15184 15177 15176
15185 15184 15176
15185 15176 15180
15186 15185 15180
15167 15183 15187
15167 15187 15174
15188 15187 15183
15188 15183 15184
15189 15188 15185
15186 15190 15185
15187 15191 15174
15192 15193 15194
15192 15194 15191
15192 15191 15188
15174 15191 15175
15171 15191 15194
15192 15188 15189
15188 15191 15187
15195 15170 15171
15195 15171 15194
15196 15195 15194
15170 15195 15197
15170 15197 15172
15198 15197 15195
15197 15198 15199
15198 15195 15196
15196 15194 15193
15172 15197 15200
15172 15200 15173
15201 15202 15200
15203 15173 15200
15203 15200 15202
15201 15200 15197
15201 15197 15199
15105 15173 15106
15106 15173 15203
15204 15101 15100
15203 15100 15095
15203 15095 15106
15204 15100 15203
15204 15203 15202
15095 15088 15089
15095 15089 15106
15133 15154 15156
15149 15150 15151
15145 15150 15135
15150 15148 15135
15082 15093 15205
15091 15099 15092
15075 15083 15076
15083 15082 15205
15090 15097 15091
15091 15097 15098
15091 15082 15081
15180 15181 15206
15181 15178 15182
15164 15182 15178
15186 15180 15207
15121 15164 15120
15012 15052 15016
15013 15017 15014
15001 15015 15208
14995 15209 15047
15053 15067 15051
15185 15190 15210
15180 15206 15207
15121 15166 15165
15064 15076 15211
15149 15153 15148
15147 15145 15137
15146 15150 15145
15084 15103 15085
15085 15104 15079
15079 15073 15077
15089 15078 15079
15121 15122 15132
15120 15119 15122
15125 15129 15133
15124 15126 15128
15156 15155 15159
15159 15157 15156
15158 15160 15157
15175 15191 15171
15108 15175 15171
15057 15212 15069
15069 15056 15057
15211 15213 15070
15058 15211 15070
15211 15076 15213
15058 15064 15211
15137 15135 15134
15131 15135 15129
15033 15059 15057
15059 15212 15057
15035 15059 15033
15059 15071 15212
15164 15168 15163
15171 15169 15108
15067 15053 15055
15055 15053 15012
15055 15012 15010
14995 15002 15209
15209 15002 15214
15002 15001 15208
15185 15188 15184
15189 15185 15210
15002 15208 15214
14978 14973 14972
15215 15216 15217
15215 15217 15218
15219 15220 15221
15222 15223 15224
15222 15224 15225
15223 15222 15226
15223 15226 15227
15220 15228 15229
15226 15230 15231
15226 15231 15227
15228 15224 15229
15217 15219 15221
15217 15221 15218
15230 15232 15233
15230 15233 15231
15225 15234 15235
15225 15235 15222
15236 15234 15225
15236 15225 15228
15237 15236 15228
15237 15228 15220
15238 15237 15220
15238 15220 15219
15239 15238 15219
15239 15219 15217
15240 15239 15217
15240 15217 15216
15234 15241 15242
15234 15242 15235
15243 15241 15234
15243 15234 15236
15244 15243 15236
15244 15236 15237
15245 15244 15237
15245 15237 15238
15246 15245 15238
15246 15238 15239
15220 15229 15221
15241 15247 15248
15241 15248 15242
15249 15247 15241
15249 15241 15243
15250 15249 15243
15250 15243 15244
15251 15250 15244
15251 15244 15245
15251 15252 15253
15247 15254 15255
15247 15255 15248
15256 15254 15247
15256 15247 15249
15257 15256 15249
15257 15249 15250
15253 15257 15250
15253 15250 15251
15258 15259 15255
15258 15255 15254
15258 15260 15261
15258 15261 15259
15262 15258 15254
15262 15254 15256
15263 15260 15258
15263 15258 15262
15264 15262 15256
15264 15256 15257
15265 15264 15257
15265 15257 15253
15265 15253 15266
15267 15263 15262
15267 15262 15264
15267 15264 15268
15269 15226 15222
15269 15222 15235
15270 15230 15226
15270 15226 15269
15271 15232 15230
15271 15230 15270
15272 15269 15235
15272 15235 15242
15273 15270 15269
15273 15269 15272
15274 15271 15270
15274 15270 15273
15275 15272 15242
15275 15242 15248
15276 15273 15272
15276 15272 15275
15277 15274 15273
15277 15273 15276
15278 15275 15248
15278 15248 15255
15279 15276 15275
15279 15275 15278
15280 15277 15276
15280 15276 15279
15281 15278 15255
15281 15255 15259
15282 15281 15259
15282 15259 15261
15283 15279 15278
15283 15278 15281
15284 15283 15281
15284 15281 15282
15285 15280 15279
15285 15279 15283
15286 15285 15283
15286 15283 15284
15287 15288 15289
15287 15289 15290
15290 15291 15292
15290 15292 15293
15277 15288 15274
15294 15295 15296
15294 15296 15297
15287 15297 15296
15246 15239 15240
15246 15240 15298
15251 15245 15246
15251 15246 15252
15289 15280 15285
15289 15285 15291
15292 15291 15285
15292 15285 15286
15277 15280 15289
15288 15277 15289
15289 15291 15290
15299 15300 15294
15299 15294 15293
15301 15299 15293
15301 15293 15292
15302 15263 15303
15263 15302 15304
15305 15261 15260
15305 15260 15306
15307 15282 15261
15307 15261 15305
15308 15284 15282
15308 15282 15307
15309 15286 15310
15286 15309 15301
15286 15301 15292
15297 15290 15293
15297 15293 15294
15300 15311 15295
15300 15295 15294
15287 15290 15297
15312 15313 15311
15312 15311 15300
15314 15312 15300
15314 15300 15299
15315 15314 15299
15315 15299 15301
15316 15317 15305
15316 15305 15306
15316 15306 15318
15319 15307 15305
15319 15305 15317
15320 15307 15319
15321 15309 15322
15309 15315 15301
15323 15324 15312
15325 15323 15312
15325 15312 15314
15326 15325 15314
15326 15314 15315
15326 15315 15327
15313 15324 15328
15309 15310 15322
15329 15330 15324
15329 15323 15331
15332 15331 15323
15332 15323 15325
15332 15325 15326
15332 15326 15333
15326 15334 15333
15335 15336 15337
15338 15336 15335
15313 15328 15336
15329 15324 15323
15324 15313 15312
15339 15340 15329
15341 15339 15329
15341 15329 15331
15342 15341 15331
15342 15331 15332
15342 15333 15343
15343 15333 15344
15345 15346 15339
15347 15345 15339
15347 15339 15341
15347 15341 15348
15349 15342 15350
15345 15351 15352
15345 15352 15346
15351 15345 15347
15353 15335 15354
15330 15340 15355
15356 15355 15340
15356 15340 15357
15358 15353 15359
15360 15361 15362
15361 15363 15364
15361 15364 15362
15338 15363 15361
15365 15366 15360
15365 15360 15362
15367 15366 15365
15367 15365 15368
15369 15370 15367
15371 15370 15369
15372 15373 15371
15367 15374 15366
15375 15376 15377
15378 15379 15375
15375 15377 15380
15381 15378 15375
15381 15375 15382
15374 15376 15379
15373 15377 15376
15373 15376 15370
15383 15384 15377
15383 15377 15373
15370 15376 15374
15370 15374 15367
15385 15382 15386
15387 15388 15385
15387 15385 15389
15390 15391 15387
15392 15393 15390
15392 15394 15393
15390 15393 15391
15375 15380 15382
15385 15388 15381
15385 15381 15382
15395 15387 15389
15387 15391 15388
15389 15386 15396
15397 15398 15396
15389 15398 15395
15395 15390 15387
15399 15386 15380
15400 15401 15399
15402 15397 15401
15403 15400 15404
15404 15399 15380
15404 15380 15405
15405 15406 15403
15405 15403 15404
15380 15384 15405
15407 15406 15405
15408 15407 15384
15408 15384 15383
15409 15410 15408
15408 15383 15411
15412 15411 15413
15412 15409 15411
15383 15372 15411
15372 15413 15411
15414 15369 15367
15414 15367 15368
15415 15371 15369
15415 15369 15414
15416 15372 15415
15413 15372 15417
15418 15364 15358
15419 15414 15368
15337 15355 15354
15420 15354 15355
15420 15355 15356
15336 15328 15337
15328 15330 15337
15421 15422 15420
15423 15421 15420
15423 15420 15356
15423 15356 15424
15425 15418 15358
15353 15354 15359
15354 15420 15359
15363 15353 15358
15363 15358 15364
15335 15353 15363
15338 15335 15363
15418 15365 15362
15418 15362 15364
15358 15359 15426
15358 15426 15425
15368 15427 15428
15368 15428 15419
15429 15415 15419
15430 15416 15415
15431 15429 15419
15431 15419 15428
15432 15429 15431
15427 15368 15365
15415 15433 15430
15434 15427 15365
15434 15365 15418
15435 15428 15427
15435 15427 15434
15436 15431 15428
15436 15428 15435
15437 15431 15436
15438 15434 15418
15438 15418 15425
15439 15435 15434
15439 15434 15438
15440 15436 15439
15437 15436 15441
15438 15425 15442
15443 15444 15445
15443 15445 15442
15445 15439 15442
15425 15426 15442
15422 15443 15442
15445 15440 15439
15439 15438 15442
15446 15443 15422
15446 15422 15421
15447 15443 15446
15448 15446 15421
15448 15421 15423
15449 15446 15448
15448 15450 15449
15449 15447 15446
15447 15444 15443
15451 15448 15423
15451 15423 15424
15452 15451 15453
15451 15424 15454
15451 15454 15453
15452 15450 15448
15452 15448 15451
15356 15357 15424
15357 15454 15424
15455 15352 15351
15346 15352 15454
15346 15454 15357
15455 15453 15454
15455 15454 15352
15346 15340 15339
15346 15357 15340
15384 15407 15405
15400 15402 15401
15396 15386 15401
15401 15386 15399
15333 15456 15344
15342 15343 15350
15326 15327 15334
15334 15456 15333
15341 15342 15348
15342 15349 15348
15342 15332 15333
15431 15457 15432
15432 15433 15429
15415 15429 15433
15437 15458 15431
15372 15371 15415
15263 15267 15303
15264 15265 15268
15253 15459 15266
15246 15298 15460
15304 15302 15318
15436 15461 15441
15431 15458 15457
15372 15416 15417
15315 15462 15327
15400 15399 15404
15398 15389 15396
15397 15396 15401
15335 15337 15354
15337 15330 15355
15330 15328 15324
15340 15330 15329
15372 15383 15373
15371 15373 15370
15377 15384 15380
15375 15379 15376
15407 15410 15406
15410 15407 15408
15409 15408 15411
15426 15422 15442
15359 15422 15426
15308 15320 15463
15320 15308 15307
15462 15321 15464
15309 15321 15462
15462 15464 15327
15309 15462 15315
15389 15385 15386
15382 15380 15386
15284 15308 15310
15310 15308 15463
15286 15284 15310
15310 15463 15322
15415 15414 15419
15422 15359 15420
15318 15306 15304
15263 15304 15306
15263 15306 15260
15246 15460 15252
15460 15465 15252
15252 15459 15253
15436 15435 15439
15440 15461 15436
15252 15465 15459
15228 15225 15224
15466 15467 15468
15466 15468 15469
15470 15466 15469
15470 15469 15471
15472 15470 15473
15467 15466 15474
15467 15474 15475
15470 15476 15474
15470 15474 15466
15477 15474 15476
15477 15476 15478
15472 15479 15476
15472 15476 15470
15480 15479 15472
15481 15482 15472
15481 15472 15473
15479 15483 15478
15479 15478 15476
15484 15485 15483
15484 15483 15479
15486 15487 15488
15489 15490 15491
15492 15489 15493
15494 15495 15496
15497 15498 15494
15497 15494 15496
15499 15500 15501
15502 15499 15503
15499 15502 15504
15505 15506 15507
15505 15507 15502
15508 15509 15503
15489 15491 15493
15487 15490 15510
15487 15510 15511
15512 15510 15489
15494 15512 15489
15513 15512 15494
15513 15494 15498
15514 15515 15500
15514 15500 15499
15516 15514 15499
15516 15499 15504
15517 15477 15478
15517 15478 15511
15518 15519 15510
15518 15510 15512
15513 15518 15512
15520 15518 15515
15521 15520 15514
15474 15477 15522
15474 15522 15475
15519 15523 15517
15524 15523 15519
15525 15524 15518
15525 15518 15520
15526 15525 15520
15526 15520 15521
15489 15510 15490
15501 15497 15527
15497 15528 15529
15497 15496 15528
15473 15470 15471
15504 15502 15507
15530 15503 15501
15503 15499 15501
15497 15501 15500
15497 15500 15498
15498 15500 15515
15498 15515 15513
15520 15515 15514
15515 15518 15513
15483 15487 15511
15483 15511 15478
15519 15517 15511
15519 15511 15510
15517 15523 15522
15531 15487 15483
15517 15522 15477
15524 15519 15518
15494 15489 15492
15494 15492 15495
15487 15486 15490
15490 15486 15491
15487 15531 15488
15531 15483 15532
15483 15485 15532
15479 15480 15484
15480 15472 15482
15502 15509 15505
15503 15509 15502
15503 15530 15508
15530 15501 15533
15501 15527 15533
15527 15497 15534
15497 15529 15534
15521 15514 15516
15535 15536 15537
15538 15539 15540
15541 15542 15543
15540 15539 15544
15540 15544 15545
15546 15547 15548
15549 15538 15542
15547 15546 15550
15551 15552 15553
15551 15553 15554
15555 15556 15557
15555 15557 15558
15559 15555 15558
15559 15558 15560
15552 15559 15560
15552 15560 15553
15561 15562 15563
15535 15537 15564
15565 15566 15567
15565 15567 15568
15569 15570 15571
15569 15571 15572
15573 15565 15574
15575 15576 15577
15566 15569 15567
15578 15579 15580
15581 15582 15583
15581 15583 15584
15585 15586 15587
15584 15583 15588
15584 15588 15589
15590 15591 15592
15588 15593 15589
15587 15586 15582
15587 15582 15581
15594 15595 15592
15596 15597 15598
15596 15598 15599
15600 15601 15602
15603 15604 15597
15603 15597 15605
15606 15596 15599
15606 15599 15580
15606 15607 15608
15606 15608 15609
15537 15610 15611
15537 15611 15612
15613 15545 15604
15613 15604 15603
15614 15598 15597
15614 15597 15604
15615 15537 15612
15615 15612 15616
15617 15610 15618
15619 15620 15621
15619 15621 15622
15621 15620 15601
15621 15601 15600
15619 15543 15542
15619 15542 15620
15620 15542 15538
15620 15538 15601
15614 15604 15545
15614 15545 15544
15607 15623 15608
15624 15592 15625
15626 15562 15627
15628 15554 15553
15628 15553 15629
15558 15557 15630
15558 15630 15631
15560 15558 15631
15560 15631 15632
15553 15560 15632
15553 15632 15629
15592 15557 15633
15592 15634 15635
15636 15592 15637
15562 15638 15639
15640 15584 15641
15642 15587 15643
15641 15584 15589
15641 15589 15644
15645 15562 15646
15587 15581 15647
15648 15562 15649
15650 15603 15605
15650 15605 15611
15609 15608 15651
15609 15651 15616
15652 15605 15597
15652 15597 15596
15653 15613 15603
15653 15603 15650
15609 15652 15596
15609 15596 15606
15615 15654 15655
15568 15567 15656
15568 15656 15657
15567 15572 15656
15577 15574 15607
15580 15577 15607
15580 15607 15606
15544 15658 15547
15544 15547 15614
15614 15547 15659
15614 15659 15598
15599 15659 15660
15661 15662 15663
15664 15540 15545
15664 15545 15613
15613 15653 15602
15613 15602 15664
15601 15538 15540
15601 15540 15664
15658 15544 15539
15658 15539 15665
15539 15538 15549
15658 15665 15666
15578 15580 15667
15659 15599 15598
15662 15617 15668
15662 15661 15602
15562 15639 15649
15562 15648 15627
15562 15626 15563
15562 15561 15646
15659 15550 15669
15547 15550 15659
15580 15579 15577
15599 15660 15670
15660 15659 15669
15667 15599 15670
15667 15580 15599
15577 15579 15575
15562 15645 15589
15589 15645 15644
15548 15547 15658
15548 15658 15666
15589 15593 15562
15562 15593 15638
15574 15576 15573
15577 15576 15574
15592 15636 15594
15592 15595 15634
15592 15624 15637
15592 15635 15590
15564 15537 15615
15615 15655 15671
15655 15654 15672
15564 15615 15671
15537 15536 15610
15618 15610 15673
15617 15618 15674
15610 15536 15673
15592 15633 15625
15592 15591 15557
15557 15591 15630
15633 15557 15556
15668 15617 15674
15662 15668 15663
15654 15675 15672
15675 15676 15677
15612 15611 15605
15612 15605 15652
15616 15612 15652
15616 15652 15609
15617 15650 15611
15617 15611 15610
15616 15651 15654
15616 15654 15615
15662 15653 15650
15662 15650 15617
15654 15676 15675
15600 15602 15661
15602 15601 15664
15662 15602 15653
15585 15587 15642
15567 15569 15572
15574 15568 15623
15574 15565 15568
15651 15623 15676
15623 15568 15676
15676 15657 15677
15676 15568 15657
15608 15623 15651
15539 15549 15678
15584 15640 15581
15539 15678 15665
15581 15640 15647
15549 15542 15541
15587 15647 15643
15541 15543 15679
15607 15574 15623
15651 15676 15654
14520 14442 14450
14441 14500 14442
14435 14434 14443
14604 14514 14605
14651 14604 14650
14478 14477 14520
14440 14442 14477
