byte offset: 0
first index: 56376
index count: 12534
topology: trianglelist
format: DXGI_FORMAT_R16_UINT

12880 12881 12882
12880 12882 12883
12884 12885 12883
12884 12883 12882
12886 12887 12885
12886 12885 12884
12888 12889 12881
12888 12881 12880
2567 2595 12890
2558 2565 12890
2549 2555 12891
12892 12883 12893
12887 12894 12893
12887 12893 12885
12883 12892 12895
12883 12895 12880
12895 12896 12897
12888 12897 12898
12888 12898 12890
12898 12891 12890
12899 12900 12901
12899 12901 12902
2517 2522 12903
12900 12904 12905
12900 12905 12901
2522 2533 2549
2517 2516 2522
12900 12906 12907
12900 12907 12904
12899 12908 12906
12899 12906 12900
12909 12910 12908
12909 12908 12899
12911 12910 12909
12911 12909 12896
12912 12911 12896
12912 12896 12895
12892 12912 12895
12913 12914 2517
12913 2517 12915
12916 12917 12918
12919 12920 12914
12919 12914 12913
12920 12921 12922
12920 12922 12914
2526 2512 12923
12922 2511 2518
12924 2528 2526
12924 2526 12925
12926 12927 12928
12926 12928 12929
12930 12931 12932
12931 12933 12934
12935 12936 12937
12935 12937 12938
12936 12935 12939
12936 12939 12940
12939 12941 12942
12939 12942 12940
12942 12941 12943
12942 12943 12944
2693 2691 12945
12946 2693 12947
12946 12947 12948
2695 2715 2713
2695 2713 2698
12949 12946 12948
2693 12946 2695
12946 12949 2717
12950 2742 12951
12950 12951 12952
12953 12954 12955
12953 12955 12956
12957 12958 12959
12952 12955 12954
12952 12954 12950
12960 12961 12952
12960 12952 12951
12961 12962 12955
12961 12955 12952
12962 12963 12956
12962 12956 12955
12963 12964 12959
12963 12959 12956
12951 2742 2739
12951 2739 12949
12960 12951 12949
12960 12949 12965
12966 12967 12968
12935 2670 2668
12935 2668 12939
2668 2667 12941
2668 12941 12939
12941 2667 2817
12941 2817 12943
12936 12940 12969
12940 12942 12970
12940 12970 12969
12970 12944 12929
12970 12929 12928
12971 12969 12923
12969 12970 12924
12942 12944 12970
12972 12937 12973
12968 12974 12934
12975 12934 12919
12933 12966 12968
12976 12977 12978
12976 12978 12979
12979 12978 12980
12979 12980 12981
12981 12980 12982
12981 12982 12965
12982 12983 12960
12982 12960 12965
12983 12961 12960
12984 12985 12986
12984 12986 12987
12988 12989 12985
12988 12985 12984
12990 12991 12992
12993 12994 12995
12993 12995 12996
12997 12998 12994
12997 12994 12993
12999 12998 12997
12999 12997 13000
13001 13002 12999
13001 12999 13000
13003 13004 13005
13006 13007 13003
13006 13003 13008
13009 13010 13007
13009 13007 13006
13011 13012 13010
13011 13010 13009
13013 13012 13011
13013 13011 13014
13015 13013 13014
13015 13014 13016
13017 13015 13016
13017 13016 13018
13019 13005 13020
13019 13020 13021
12996 12995 12987
12996 12987 12986
13021 13020 13001
13021 13001 13022
13023 13024 13025
13026 13027 13028
13026 13028 13025
13029 13030 13031
13029 13031 13032
13029 13032 13033
13033 13032 13034
13025 13024 13026
13035 13025 13028
13035 13028 13036
13037 13038 13039
13037 13039 13040
13041 13032 13031
13041 13031 13042
13031 13037 13040
13031 13040 13042
13032 13041 13043
13034 13032 13043
13044 13045 13046
13044 13046 13016
13011 13047 13044
13011 13044 13014
13009 13048 13047
13009 13047 13011
13049 13048 13009
13050 13049 13051
13052 13050 13053
13054 13055 13056
13022 13057 13056
13022 13056 13021
13058 13059 13060
13061 13062 13063
13061 13063 13064
12996 13065 13066
12996 13066 12993
13067 13068 13069
12993 13066 13070
12993 13070 12997
13070 13071 13072
13073 13074 13075
13076 13077 13078
13079 13080 13081
12986 13082 12996
13083 13084 13085
13083 13085 13086
13087 13083 13086
13087 13086 13088
13089 13087 13088
13089 13088 13080
13060 13065 13063
13058 13067 13090
13058 13090 13059
13091 13092 13093
13036 13028 13038
13036 13038 13094
13095 13037 13031
13095 13031 13030
13027 13039 13038
13027 13038 13028
13094 13038 13037
13094 13037 13095
13084 13076 13078
13084 13078 13085
13045 13044 13047
13045 13047 13096
13096 13047 13048
13097 13048 13098
13099 13098 13100
13089 13080 13079
13000 13072 13022
13078 13077 13101
13086 13085 13102
13086 13102 13103
13088 13086 13103
13088 13103 13104
13105 13080 13088
13105 13088 13104
13085 13078 13106
13085 13106 13102
13080 13105 13107
13108 13080 13109
13078 13101 13106
13110 13080 13108
13109 13080 13111
13054 13112 13113
13054 13113 13075
13114 13020 13005
13114 13005 13004
13002 13001 13020
13002 13020 13114
13001 13000 13022
13070 13072 13000
13022 13072 13057
13008 13005 13019
13003 13005 13008
13019 13053 13051
13019 13051 13008
13021 13056 13053
13021 13053 13019
13056 13057 13112
13056 13112 13054
13049 13009 13006
13051 13006 13008
13051 13049 13006
13044 13016 13014
13050 13098 13049
13096 13048 13097
13098 13048 13049
13097 13098 13099
13053 13050 13051
13057 13072 13071
13057 13071 13112
13071 13069 13112
13115 13116 13117
13115 13117 13118
13116 13115 13119
13120 13121 13122
13120 13122 13123
13124 13125 13123
13124 13123 13122
13126 13127 13128
13129 13130 13131
13132 13133 13134
13135 13118 13117
13135 13117 13136
13135 13136 13137
13023 13025 13035
13138 13139 13121
13091 13140 13141
13142 13140 13091
13142 13091 13093
13143 13141 13138
13091 13141 13143
13144 13124 13122
13144 13122 13145
13131 13128 13146
13131 13146 13147
13148 13144 13145
13148 13145 13149
13146 13150 13151
13147 13146 13152
13122 13121 13145
13149 13145 13121
13149 13121 13139
13138 13121 13143
13143 13121 13120
13046 13018 13016
13153 13046 13045
13128 13127 13124
13146 13128 13124
13146 13124 13144
13150 13146 13144
13124 13127 13125
13150 13144 13148
13128 13130 13126
13152 13146 13151
13131 13130 13128
13147 13152 13154
13132 13134 13155
13155 13134 13156
13132 13137 13133
13135 13137 13132
13157 13158 13159
13160 13159 13161
13162 13160 13161
13163 13162 13164
13157 13165 13166
13157 13166 13167
13157 13168 13165
13157 13169 13168
13168 13169 13170
2558 12890 12891
12891 13171 2549
2549 13171 12903
2549 12903 2522
12915 2517 12903
12915 12903 12905
12902 12891 12898
12902 12898 13172
12898 12897 13172
12880 12895 12897
12880 12897 12888
12891 12902 12901
12891 12901 13171
13171 12901 12905
13171 12905 12903
13173 12915 12905
13173 12905 12904
12902 13172 12909
12902 12909 12899
12909 13172 12897
12909 12897 12896
2558 12891 2555
2558 2555 2554
12890 2565 2567
2530 2528 12927
2820 2530 12927
2820 12927 12926
12888 12890 2595
12888 2595 12889
2601 12889 2595
12935 2508 2670
2695 12946 2715
2691 2686 2687
12979 13174 12966
12966 13174 12967
12947 2693 12945
12947 12945 13174
2699 12945 2687
2509 2508 12938
2509 12972 13175
2717 12949 2739
12946 2717 2715
2739 2720 2717
13176 13177 13178
13176 13178 13179
13180 13181 13182
13182 13181 13162
13182 13162 13163
13183 13184 12887
13183 12887 12886
13184 13183 13185
13184 13185 13186
13187 13184 13186
13187 13186 13188
13184 13187 12894
13184 12894 12887
13189 13187 13188
13189 13188 13190
13187 13189 13191
13187 13191 12894
13192 12893 12894
13192 12894 13191
12893 12883 12885
12892 12893 13192
13082 13193 13063
13063 13193 13064
13065 13082 13063
12996 13082 13065
13194 13195 13196
13194 13196 13197
13195 13198 13199
13195 13199 13196
13197 13196 12930
13197 12930 12916
13196 13199 12930
12918 13200 12907
13201 13202 12918
13201 12918 12907
13202 13197 12916
13202 12916 12918
13203 13201 12907
13203 12907 12906
13204 13203 12906
13204 12906 12908
12910 13205 13204
12910 13204 12908
12911 13206 13205
12911 13205 12910
12912 13207 13206
12912 13206 12911
13208 13207 12912
13208 12912 12892
13209 13208 12892
13209 12892 13192
13210 13211 12980
13210 12980 12978
12978 12977 13212
12978 13212 13210
13211 13213 12982
13211 12982 12980
13213 13214 12983
13213 12983 12982
13214 13215 12961
13214 12961 12983
13215 13216 12962
13215 12962 12961
13216 13217 12963
13216 12963 12962
13218 13219 13179
13218 13179 13178
13220 13221 13219
13220 13219 13218
13222 13223 13224
13222 13224 13225
13223 13222 13226
13223 13226 13227
13227 13226 13228
13227 13228 13229
12914 2518 2517
2511 12922 2512
12922 2518 12914
13230 12913 12915
13230 12915 13173
12919 12913 13231
2687 12945 2691
12981 12948 12947
12981 12947 12979
2699 12967 13174
2699 13174 12945
12947 13174 12979
12949 12948 12965
12965 12948 12981
12968 12967 12974
13175 12967 2699
13052 13232 13100
13052 13100 13050
13080 13107 13111
13080 13110 13081
13053 13055 13052
13056 13055 13053
13055 13233 13232
13055 13232 13052
13054 13075 13233
13054 13233 13055
13232 13234 13235
13069 13068 13236
13113 13236 13237
13075 13113 13238
13113 13069 13236
13239 13100 13232
13239 13232 13235
13233 13074 13234
13232 13233 13234
13233 13075 13074
13075 13238 13073
13238 13113 13237
13067 13069 13090
13100 13098 13050
13099 13100 13239
13112 13069 13113
13070 13000 12997
13066 13059 13090
13066 13090 13070
13090 13071 13070
13065 13059 13066
13060 13059 13065
13060 13063 13062
13090 13069 13071
13240 13241 13221
13240 13221 13220
12959 12958 12953
12959 12953 12956
13241 13240 12991
13242 13243 13244
12964 13242 13244
13217 13242 12964
13244 13243 13245
13217 12964 12963
13199 13212 12977
13199 12977 13246
12976 12979 12966
12966 12933 12976
12976 12933 12977
12977 12933 13246
12933 12931 13246
13246 12931 12930
12974 13175 12972
12974 12967 13175
2699 2509 13175
12930 13199 13246
12919 12973 12920
12934 12974 12972
12931 12934 12975
12934 12933 12968
12919 12934 12973
12973 12971 12921
12973 12934 12972
12938 12937 12972
12938 12972 2509
12938 2508 12935
12971 12937 12936
12973 12937 12971
13198 13212 13199
13202 13194 13197
13200 12917 13230
12907 13200 12904
12904 13200 13173
12922 12921 2512
12921 12971 12923
12973 12921 12920
2528 12924 12928
2528 12928 12927
12969 12924 12925
12924 12970 12928
2512 12921 12923
12917 12932 13231
12917 13231 13230
13200 13230 13173
12975 13231 12932
12975 12932 12931
12916 12930 12932
12916 12932 12917
13231 12913 13230
12919 13231 12975
12936 12969 12971
12923 12969 12925
12918 12917 13200
2526 12923 12925
13247 13248 13249
13247 13249 13250
13251 13252 13248
13251 13248 13247
13229 13228 13252
13229 13252 13251
13253 13209 13192
13253 13192 13191
13189 13254 13253
13189 13253 13191
13254 13189 13190
13254 13190 13255
13158 13157 13167
13161 13159 13158
13162 13161 13164
12990 12992 13256
13241 12991 12990
2825 2820 12926
2817 2827 12943
13257 13258 13259
13257 13259 13260
13261 13262 13263
13264 13265 13266
13267 13268 13269
13267 13269 13270
13271 13272 13273
13271 13273 13274
13275 13276 13273
13277 13278 13259
13277 13259 13258
13270 13269 13279
13280 13281 13282
13283 13284 13285
13286 13287 13288
13289 13290 13291
13289 13291 13292
13293 13294 13287
13295 13296 13287
13297 13298 13290
13299 13300 13301
13299 13301 13302
13303 13304 13305
13306 13301 13307
13308 13309 13310
13311 13309 13312
13313 13277 13314
13313 13314 13315
13316 13313 13317
13318 13319 13320
13277 13258 13314
13321 13318 13322
13321 13322 13323
13324 13325 13316
13324 13316 13317
13326 13325 13327
13326 13327 13271
13313 13328 13278
13313 13278 13277
13281 13265 13329
13330 13281 13326
13325 13324 13284
13325 13284 13327
13315 13314 13331
13317 13315 13332
13333 13284 13334
13324 13317 13335
13330 13274 13336
13258 13257 13337
13258 13337 13338
13339 13340 13341
13339 13341 13342
13340 13278 13262
13278 13328 13262
13287 13343 13344
13291 13290 13345
13291 13345 13346
13347 13298 13297
13290 13298 13348
13349 13287 13350
13307 13301 13300
13307 13300 13351
13352 13309 13353
13354 13305 13355
13309 13356 13357
13358 13309 13359
13309 13357 13359
13309 13358 13312
13309 13311 13310
13309 13308 13353
13309 13352 13305
13309 13304 13356
13305 13304 13309
13305 13352 13355
13273 13321 13360
13321 13323 13361
13323 13322 13362
13323 13362 13363
13322 13269 13268
13322 13268 13362
13318 13364 13269
13318 13269 13322
13301 13306 13305
13305 13306 13303
13280 13265 13281
13266 13265 13280
13282 13281 13330
13282 13330 13365
13336 13274 13366
13330 13336 13365
13273 13276 13274
13274 13276 13366
13273 13360 13275
13360 13321 13367
13263 13265 13264
13263 13262 13265
13278 13340 13259
13340 13339 13260
13340 13260 13259
13340 13262 13368
13340 13368 13341
13368 13262 13261
13369 13323 13363
13369 13363 13370
13305 13354 13301
13301 13354 13302
13321 13361 13367
13361 13323 13369
13321 13272 13318
13279 13333 13371
13273 13272 13321
13333 13320 13327
13333 13327 13284
13320 13333 13279
13320 13279 13364
13270 13279 13372
13279 13269 13364
13326 13271 13274
13326 13274 13330
13325 13326 13329
13325 13329 13316
13316 13329 13328
13316 13328 13313
13319 13272 13271
13319 13271 13327
13327 13320 13319
13318 13320 13364
13318 13272 13319
13317 13313 13315
13314 13338 13373
13314 13258 13338
13262 13328 13265
13329 13265 13328
13326 13281 13329
13287 13344 13350
13287 13349 13293
13287 13294 13288
13287 13286 13295
13298 13347 13287
13298 13296 13348
13287 13296 13298
13287 13347 13343
13315 13331 13374
13331 13314 13373
13371 13333 13375
13279 13371 13372
13297 13290 13289
13290 13348 13345
13317 13332 13376
13332 13315 13374
13324 13335 13377
13335 13317 13376
13285 13324 13377
13285 13284 13324
13334 13284 13283
13333 13334 13375
13378 13379 13380
13381 13382 13383
13384 13385 13386
13387 13388 13389
13387 13389 13390
13391 13392 13393
13391 13393 13394
13395 13396 13397
13398 13388 13387
13398 13387 13399
13400 13401 13392
13400 13392 13391
13402 13403 13404
13405 13406 13407
13405 13407 13395
13408 13409 13410
13411 13412 13413
13414 13415 13416
13414 13416 13417
13411 13418 13419
13411 13419 13420
13421 13422 13423
13421 13423 13424
13425 13426 13427
13428 13429 13430
13428 13431 13432
13424 13433 13434
13435 13436 13437
13435 13437 13438
13439 13440 13441
13415 13422 13442
13415 13442 13416
13443 13444 13445
13446 13435 13438
13446 13438 13447
13448 13449 13450
13448 13450 13451
13452 13453 13454
13455 13456 13457
13458 13459 13460
13458 13460 13428
13461 13459 13458
13462 13463 13412
13462 13412 13464
13465 13412 13463
13466 13463 13467
13466 13467 13468
13469 13470 13471
13469 13471 13472
13473 13474 13472
13475 13474 13476
13475 13477 13478
13475 13478 13469
13479 13480 13481
13479 13481 13482
13483 13484 13485
13476 13486 13480
13476 13480 13479
13487 13488 13489
13487 13489 13490
13487 13490 13491
13492 13493 13491
13492 13491 13494
13495 13496 13497
13495 13497 13498
13496 13499 13500
13496 13500 13497
13495 13501 13502
13495 13502 13503
13504 13505 13506
13504 13506 13507
13505 13504 13508
13505 13508 13509
13510 13506 13505
13510 13505 13511
13496 13495 13503
13496 13503 13509
13512 13513 13514
13512 13514 13515
13516 13379 13517
13518 13516 13519
13520 13521 13522
13520 13522 13523
13524 13525 13526
13524 13526 13527
13528 13413 13529
13530 13414 13417
13530 13417 13531
13419 13418 13532
13533 13423 13534
13535 13430 13536
13535 13536 13537
13429 13432 13538
13429 13538 13539
13443 13421 13424
13443 13424 13540
13461 13436 13454
13540 13441 13444
13540 13444 13443
13435 13446 13454
13454 13446 13452
13541 13466 13542
13543 13468 13544
13545 13546 13547
13548 13549 13550
13483 13551 13552
13483 13552 13553
13493 13483 13553
13554 13555 13556
13557 13500 13558
13559 13507 13560
13561 13562 13399
13563 13564 13565
13566 13391 13394
13561 13567 13562
13568 13569 13570
13571 13572 13573
13574 13575 13576
13574 13576 13409
13577 13576 13578
13579 13580 13581
13582 13583 13584
13585 13586 13580
13585 13580 13579
13411 13587 13464
13411 13464 13412
13420 13588 13587
13431 13428 13460
13431 13460 13589
13590 13442 13591
13590 13591 13592
13593 13588 13442
13593 13442 13590
13591 13445 13594
13591 13594 13592
13595 13453 13586
13595 13586 13585
13467 13596 13545
13487 13597 13598
13498 13497 13599
13498 13599 13600
13555 13599 13497
13555 13497 13500
13496 13509 13601
13602 13603 13604
13603 13605 13606
13583 13607 13608
13583 13608 13402
13605 13516 13518
13605 13518 13609
13400 13610 13607
13400 13607 13583
13564 13390 13611
13564 13611 13569
13391 13566 13610
13569 13611 13612
13569 13612 13381
13519 13516 13517
13604 13603 13606
13613 13614 13615
13614 13603 13602
13614 13602 13615
13395 13616 13410
13395 13410 13405
13526 13525 13617
13526 13617 13618
13619 13426 13524
13522 13521 13524
13522 13524 13527
13421 13443 13445
13421 13445 13591
13426 13594 13620
13451 13621 13622
13457 13448 13451
13457 13451 13622
13623 13538 13624
13428 13432 13429
13432 13431 13625
13430 13429 13539
13430 13539 13536
13428 13430 13458
13458 13430 13535
13436 13535 13537
13436 13537 13437
13454 13436 13435
13617 13614 13613
13453 13595 13427
13453 13427 13459
13459 13427 13620
13459 13620 13460
13626 13627 13520
13626 13520 13523
13628 13629 13630
13546 13545 13631
13632 13476 13633
13634 13632 13633
13634 13633 13635
13512 13515 13636
13512 13636 13637
13597 13638 13599
13487 13491 13597
13509 13503 13511
13509 13511 13505
13475 13476 13477
13476 13474 13639
13513 13640 13514
13641 13642 13643
13641 13643 13627
13636 13644 13645
13636 13645 13637
13476 13646 13486
13493 13553 13491
13545 13596 13476
13647 13477 13648
13477 13476 13632
13467 13463 13462
13467 13462 13596
13629 13628 13649
13629 13649 13650
13651 13641 13627
13651 13627 13626
13627 13643 13520
13380 13389 13388
13516 13605 13652
13516 13652 13653
13524 13426 13525
13408 13603 13614
13408 13614 13654
13603 13655 13605
13516 13656 13389
13516 13653 13656
13603 13408 13655
13614 13657 13654
13425 13617 13525
13425 13525 13426
13617 13425 13657
13658 13643 13642
13658 13642 13644
13520 13643 13659
13503 13502 13511
13644 13636 13660
13638 13661 13600
13619 13650 13662
13650 13649 13662
13629 13650 13521
13663 13659 13658
13498 13600 13664
13630 13629 13659
13630 13659 13646
13515 13501 13664
13658 13660 13663
13495 13498 13501
13511 13502 13640
13590 13426 13619
13590 13619 13593
13402 13608 13616
13402 13616 13395
13651 13665 13641
13642 13665 13644
13398 13666 13388
13380 13666 13378
13572 13387 13390
13572 13390 13564
13384 13399 13387
13384 13387 13572
13576 13667 13409
13620 13589 13460
13399 13562 13398
13566 13612 13653
13574 13409 13408
13579 13574 13408
13585 13579 13654
13590 13592 13426
13592 13594 13426
13657 13595 13585
13657 13585 13654
13655 13608 13607
13655 13607 13652
13607 13610 13652
13656 13611 13390
13656 13390 13389
13653 13612 13611
13653 13611 13656
13408 13410 13616
13408 13616 13655
13445 13589 13594
13425 13427 13595
13462 13628 13630
13462 13630 13596
13663 13646 13659
13464 13649 13628
13464 13628 13462
13588 13593 13662
13588 13662 13587
13587 13662 13649
13587 13649 13464
13596 13630 13476
13655 13616 13608
13480 13486 13552
13668 13561 13669
13575 13670 13671
13581 13580 13672
13581 13672 13673
13674 13456 13580
13674 13580 13586
13580 13675 13672
13676 13451 13677
13548 13678 13679
13546 13680 13681
13634 13682 13683
13482 13684 13685
13470 13469 13478
13470 13478 13686
13493 13492 13687
13688 13482 13481
13555 13554 13689
13555 13689 13598
13601 13690 13499
13691 13504 13692
13693 13508 13694
13695 13379 13378
13659 13643 13658
13380 13379 13389
13389 13379 13516
13561 13399 13384
13561 13668 13567
13567 13668 13696
13561 13386 13669
13384 13386 13561
13572 13571 13384
13384 13571 13385
13564 13563 13572
13572 13563 13573
13569 13568 13564
13564 13568 13565
13381 13383 13570
13381 13570 13569
13394 13393 13382
13394 13382 13381
13566 13394 13381
13566 13381 13612
13583 13582 13400
13400 13582 13401
13402 13404 13583
13583 13404 13584
13395 13397 13402
13402 13397 13403
13391 13610 13400
13395 13407 13396
13576 13577 13697
13576 13697 13667
13667 13697 13406
13667 13406 13405
13410 13667 13405
13409 13667 13410
13576 13671 13578
13575 13671 13576
13581 13673 13698
13574 13581 13575
13579 13408 13654
13579 13581 13574
13581 13698 13575
13575 13698 13670
13580 13456 13675
13456 13455 13675
13457 13674 13448
13677 13451 13450
13451 13676 13621
13594 13589 13620
13586 13453 13452
13586 13452 13674
13452 13448 13674
13452 13446 13449
13457 13456 13674
13447 13450 13449
13447 13449 13446
13699 13450 13700
13452 13449 13448
13450 13699 13677
13447 13701 13700
13447 13438 13701
13438 13437 13702
13437 13703 13704
13537 13705 13706
13701 13438 13702
13700 13450 13447
13436 13461 13535
13459 13461 13453
13453 13461 13454
13535 13461 13458
13702 13437 13704
13703 13437 13537
13705 13537 13536
13707 13439 13441
13707 13441 13540
13431 13444 13441
13431 13441 13625
13589 13444 13431
13445 13444 13589
13703 13537 13706
13705 13536 13708
13539 13538 13709
13536 13539 13710
13536 13710 13708
13624 13538 13432
13624 13432 13625
13538 13623 13711
13540 13434 13707
13424 13434 13540
13423 13422 13415
13423 13415 13414
13712 13414 13530
13591 13422 13421
13442 13422 13591
13423 13533 13424
13424 13533 13433
13531 13417 13419
13531 13419 13713
13416 13442 13588
13417 13416 13420
13417 13420 13419
13416 13588 13420
13419 13532 13713
13532 13418 13714
13715 13465 13716
13411 13413 13418
13413 13412 13465
13466 13541 13465
13465 13541 13716
13468 13543 13466
13466 13543 13542
13547 13717 13544
13547 13544 13468
13545 13547 13467
13467 13547 13468
13546 13681 13547
13547 13681 13717
13548 13718 13546
13548 13679 13718
13719 13720 13473
13631 13720 13549
13647 13721 13686
13647 13686 13478
13477 13647 13478
13548 13550 13678
13473 13472 13471
13473 13471 13722
13472 13475 13469
13472 13474 13475
13720 13719 13723
13719 13473 13722
13724 13491 13553
13648 13725 13647
13648 13632 13634
13648 13477 13632
13634 13683 13648
13648 13683 13725
13647 13725 13721
13545 13476 13639
13634 13726 13682
13482 13685 13726
13482 13726 13635
13635 13633 13479
13635 13479 13482
13635 13726 13634
13633 13476 13479
13546 13631 13548
13631 13639 13720
13639 13474 13720
13720 13474 13473
13631 13545 13639
13546 13718 13680
13631 13549 13548
13723 13550 13549
13723 13549 13720
13482 13688 13684
13688 13481 13727
13481 13551 13728
13481 13728 13727
13480 13552 13551
13480 13551 13481
13486 13661 13638
13552 13486 13553
13724 13638 13597
13476 13630 13646
13663 13661 13646
13493 13687 13483
13483 13687 13484
13551 13485 13728
13483 13485 13551
13491 13724 13597
13638 13724 13486
13486 13724 13553
13491 13490 13494
13598 13689 13729
13598 13597 13599
13598 13599 13555
13598 13729 13487
13487 13729 13488
13500 13557 13730
13558 13500 13499
13499 13690 13731
13690 13601 13732
13601 13509 13508
13496 13601 13499
13732 13601 13508
13504 13691 13508
13507 13559 13504
13504 13559 13692
13511 13640 13510
13508 13693 13732
13499 13731 13558
13500 13730 13556
13508 13691 13694
13465 13715 13413
13413 13715 13529
13413 13528 13418
13418 13528 13714
13414 13712 13423
13423 13712 13534
13507 13506 13733
13507 13733 13734
13735 13733 13506
13735 13506 13510
13736 13734 13737
13735 13510 13640
13738 13739 13740
13741 13742 13739
13743 13744 13745
13743 13746 13744
13747 13740 13748
13749 13750 13751
13752 13753 13743
13738 13740 13747
13749 13751 13754
13749 13755 13756
13749 13754 13757
13758 13747 13759
13738 13747 13758
13738 13758 13760
13760 13761 13741
13760 13741 13738
13743 13762 13763
13764 13759 13747
13764 13747 13748
13741 13739 13738
13751 13765 13766
13751 13766 13754
13767 13768 13769
13767 13769 13758
13770 13761 13760
13770 13760 13771
13772 13763 13761
13772 13761 13770
13772 13773 13765
13765 13773 13766
13772 13765 13763
13762 13774 13741
13741 13774 13742
13754 13775 13776
13777 13778 13779
13780 13781 13782
13775 13783 13784
13775 13784 13785
13783 13786 13787
13783 13787 13784
13788 13789 13757
13788 13757 13776
13784 13787 13790
13786 13791 13792
13786 13792 13793
13794 13795 13785
13794 13785 13784
13793 13792 13796
13793 13796 13797
13789 13788 13798
13794 13790 13799
13794 13799 13800
13754 13776 13757
13801 13802 13797
13801 13797 13796
13803 13800 13799
13803 13799 13804
13781 13780 13802
13781 13802 13805
13794 13784 13790
13779 13778 13795
13806 13807 13808
13806 13808 13779
13776 13778 13788
13801 13809 13802
13810 13811 13812
13810 13812 13813
13814 13813 13812
13814 13815 13816
13814 13816 13817
13818 13816 13819
13818 13819 13820
13818 13817 13816
13791 13818 13820
13821 13822 13823
13821 13823 13824
13825 13826 13827
13825 13827 13828
13827 13826 13829
13830 13831 13832
13830 13832 13829
13831 13833 13834
13831 13834 13832
13826 13825 13835
13826 13835 13836
13837 13838 13839
13840 13824 13841
13840 13841 13842
13775 13754 13766
13775 13766 13843
13844 13821 13824
13844 13824 13840
13821 13825 13845
13846 13811 13841
13846 13841 13837
13799 13780 13782
13799 13782 13804
13771 13760 13758
13771 13758 13769
13743 13847 13752
13848 13809 13849
13848 13849 13850
13851 13849 13809
13851 13809 13801
13819 13851 13801
13819 13801 13796
13820 13819 13796
13820 13796 13792
13791 13820 13792
13852 13812 13811
13852 13811 13846
13815 13814 13812
13815 13812 13852
13852 13846 13850
13852 13850 13849
13815 13852 13849
13815 13849 13851
13816 13815 13851
13816 13851 13819
13783 13775 13843
13773 13843 13766
13775 13853 13776
13853 13778 13776
13775 13785 13853
13778 13853 13785
13778 13785 13795
13794 13800 13806
13794 13806 13795
13800 13803 13807
13800 13807 13806
13788 13778 13777
13779 13795 13806
13780 13799 13790
13780 13790 13854
13802 13780 13854
13802 13854 13797
13797 13854 13787
13797 13787 13793
13787 13786 13793
13790 13787 13854
13855 13753 13856
13746 13743 13753
13751 13847 13765
13758 13759 13767
13783 13843 13786
13786 13843 13791
13768 13857 13769
13749 13858 13750
13859 13752 13860
13752 13861 13856
13752 13856 13753
13862 13789 13798
13788 13863 13798
13864 13789 13865
13821 13844 13835
13821 13835 13825
13842 13841 13811
13842 13811 13810
13837 13841 13824
13838 13837 13823
13834 13833 13866
13821 13845 13822
13845 13825 13828
13830 13826 13836
13777 13779 13808
13746 13753 13855
13734 13736 13560
13734 13560 13507
13850 13846 13839
13837 13839 13846
13829 13826 13830
13802 13809 13805
13805 13809 13848
13823 13837 13824
13388 13666 13380
13378 13666 13867
13695 13378 13867
13517 13379 13695
13605 13655 13652
13619 13521 13650
13619 13524 13521
13420 13587 13411
13629 13520 13659
13629 13521 13520
13619 13662 13593
13606 13605 13609
13617 13613 13618
13617 13657 13614
13566 13653 13610
13610 13653 13652
13486 13646 13661
13868 13750 13858
13860 13752 13750
13749 13756 13858
13757 13789 13864
13788 13777 13863
13660 13664 13661
13599 13638 13600
13425 13595 13657
13427 13426 13620
13465 13463 13466
13502 13501 13514
13640 13502 13514
13661 13664 13600
13663 13660 13661
13501 13498 13664
13514 13501 13515
13515 13664 13636
13636 13664 13660
13644 13660 13658
13641 13665 13642
13644 13665 13645
13789 13862 13865
13750 13868 13860
13752 13859 13861
13441 13440 13625
13625 13440 13624
13539 13709 13710
13709 13538 13711
13556 13555 13500
13743 13745 13762
13761 13763 13762
13761 13762 13741
13763 13847 13743
13752 13847 13750
13750 13847 13751
13762 13745 13774
13765 13847 13763
13869 13870 13871
13872 13873 13874
13875 13876 13877
13878 13879 13880
13878 13880 13881
13882 13883 13884
13882 13884 13885
13886 13887 13888
13889 13890 13878
13889 13878 13881
13891 13882 13885
13891 13885 13892
13893 13894 13895
13896 13886 13897
13896 13897 13898
13899 13900 13901
13902 13903 13904
13905 13906 13907
13905 13907 13908
13902 13909 13910
13902 13910 13911
13912 13913 13914
13912 13914 13915
13916 13917 13918
13919 13920 13921
13919 13922 13923
13913 13924 13925
13926 13927 13928
13926 13928 13929
13930 13931 13932
13908 13933 13915
13908 13907 13933
13934 13935 13936
13937 13938 13927
13937 13927 13926
13939 13940 13941
13939 13941 13942
13943 13944 13945
13946 13947 13948
13949 13919 13950
13949 13950 13951
13952 13949 13951
13953 13954 13904
13953 13904 13955
13956 13955 13904
13957 13958 13959
13957 13959 13955
13960 13961 13962
13960 13962 13963
13964 13961 13965
13966 13967 13965
13966 13968 13969
13966 13960 13968
13970 13971 13972
13970 13972 13973
13974 13975 13976
13967 13970 13973
13967 13973 13977
13978 13979 13980
13978 13981 13982
13978 13982 13979
13983 13984 13981
13983 13981 13985
13986 13987 13988
13986 13988 13989
13989 13988 13990
13989 13990 13991
13986 13992 13993
13986 13993 13994
13995 13996 13997
13995 13997 13998
13998 13999 14000
13998 14000 13995
14001 14002 13998
14001 13998 13997
13989 13999 13992
13989 13992 13986
14003 14004 14005
14003 14005 14006
14007 14008 13871
14009 14010 14007
14011 14012 14013
14011 14013 14014
14015 14016 14017
14015 14017 14018
14019 14020 13903
14021 14022 13906
14021 13906 13905
13910 14023 13911
14024 14025 13914
14026 14027 14028
14026 14028 13920
13921 14029 14030
13921 14030 13922
13934 14031 13913
13934 13913 13912
13952 13944 13929
14031 13934 13936
14031 13936 13931
13926 13944 13937
13944 13943 13937
14032 14033 13957
14034 14035 13958
14036 14037 14038
14039 14040 14041
13974 14042 14043
13974 14043 14044
13985 14042 13974
14045 14046 14047
14048 14049 13990
14050 14051 13996
14052 13890 14053
14054 14055 14056
14057 13883 13882
14052 14053 14058
14059 14060 14061
14062 14063 14064
14065 13901 14066
14065 14066 14067
14068 14069 14066
14070 14071 14072
14073 14074 14075
14076 14070 14072
14076 14072 14077
13902 13904 13954
13902 13954 14078
13909 14078 14079
13923 14080 13950
13923 13950 13919
14081 14082 14083
14081 14083 13933
14084 14081 13933
14084 13933 14079
14083 14082 14085
14083 14085 13935
14086 14076 14077
14086 14077 13945
13959 14036 14087
13978 14088 14089
13987 14090 14091
13987 14091 13988
14047 13990 13988
14047 13988 14091
13989 14092 13999
14093 14094 14095
14095 14096 14097
14075 13893 14098
14075 14098 14099
14097 14100 14009
14097 14009 14007
13891 14075 14099
13891 14099 14101
14056 14061 14102
14056 14102 13879
13882 14101 14057
14061 13872 14103
14061 14103 14102
14010 14008 14007
14094 14096 14095
14104 14105 14106
14106 14105 14093
14106 14093 14095
13886 13896 13900
13886 13900 14107
14017 14108 14109
14017 14109 14018
14110 14015 13918
14013 14016 14015
14013 14015 14014
13912 14083 13935
13912 13935 13934
13918 14111 14085
13940 14112 14113
13947 14112 13940
13947 13940 13939
14114 14115 14030
13919 13921 13922
13922 14116 13923
13920 14028 14029
13920 14029 13921
13919 13949 13920
13949 14026 13920
13929 13928 14027
13929 14027 14026
13944 13926 13929
14109 14104 14106
13945 13951 13917
13945 13917 14086
13951 13950 14111
13951 14111 13917
14117 14012 14011
14117 14011 14118
14119 14120 14121
14038 14122 14036
14123 14124 13967
14125 14126 14124
14125 14124 14123
14003 14127 14128
14003 14128 14004
14089 14091 14129
13978 14089 13981
13999 13998 14002
13999 14002 13992
13966 13969 13967
13967 14130 13965
14006 14005 14131
14132 14118 14133
14132 14133 14134
14128 14127 14135
14128 14135 14136
13967 13977 14137
13985 13981 14042
14036 13967 14087
14138 14139 13969
13969 14123 13967
13959 14087 13953
13959 13953 13955
14121 14140 14141
14121 14141 14119
14142 14117 14118
14142 14118 14132
14118 14011 14133
13870 13881 13880
14007 14143 14144
14007 14144 14097
14015 14018 13918
13899 14145 14106
13899 14106 14095
14095 14097 14146
14007 13880 14147
14007 14147 14143
14095 14146 13899
14106 14145 14148
13916 13918 14018
13916 14018 14109
14109 14148 13916
14149 14136 14134
14149 14134 14133
14011 14150 14133
13992 14002 13993
14136 14151 14128
14129 14090 14152
14110 14153 14140
14140 14153 14141
14121 14014 14140
14154 14149 14150
13987 14155 14090
14120 14137 14150
14120 14150 14121
14004 14155 13994
14149 14154 14151
13986 13994 13987
14002 14131 13993
14081 14084 14110
14081 14110 13918
13893 13886 14107
13893 14107 14098
14142 14132 14156
14134 14136 14156
13889 13881 14157
13870 13869 14157
14064 14056 13879
14064 13879 13878
13875 14064 13878
13875 13878 13890
14066 13901 14158
14111 13950 14080
13890 13889 14053
14057 14143 14103
14065 13899 13901
14070 13899 14065
14076 14145 14070
14081 13918 14082
14082 13918 14085
14148 14145 14076
14148 14076 14086
14146 14144 14099
14146 14099 14098
14099 14144 14101
14147 13880 13879
14147 13879 14102
14143 14147 14102
14143 14102 14103
13899 14146 14107
13899 14107 13900
13935 14085 14080
13916 14086 13917
13953 14087 14120
13953 14120 14119
14154 14150 14137
13954 13953 14119
13954 14119 14141
14079 14078 14153
14079 14153 14084
14078 13954 14141
14078 14141 14153
14087 13967 14120
14146 14098 14107
13973 14043 13977
14159 14160 14052
14067 14161 14162
14071 14163 14164
14071 14164 14072
14165 14077 14072
14165 14072 13948
14072 14164 14166
14167 14168 13940
14039 14169 14170
14038 14171 14172
14125 14173 14174
13971 14175 14176
13963 14177 13968
13963 13968 13960
13985 14178 13983
14179 13972 13971
14047 14088 14180
14047 14180 14045
14092 13991 14181
14182 14183 13995
14184 14185 14000
14186 13869 13871
14150 14149 14133
13870 13880 13871
13880 14007 13871
14052 13875 13890
14052 14058 14159
14058 14187 14159
14052 14160 13876
13875 14052 13876
14064 13875 14062
13875 13877 14062
14056 14064 14054
14064 14063 14054
14061 14056 14059
14056 14055 14059
13872 14061 14060
13872 14060 13873
13883 13872 13874
13883 13874 13884
14057 14103 13872
14057 13872 13883
14075 13891 14073
13891 13892 14073
13893 14075 13894
14075 14074 13894
13886 13893 13887
13893 13895 13887
13882 13891 14101
13886 13888 13897
14066 14158 14188
14066 14188 14068
14158 13896 13898
14158 13898 14188
13900 13896 14158
13901 13900 14158
14066 14069 14161
14067 14066 14161
14071 14189 14163
14065 14067 14071
14070 14145 13899
14070 14065 14071
14071 14067 14189
14067 14162 14189
14072 14166 13948
13948 14166 13946
13947 13939 14165
14168 13941 13940
13940 14113 14167
14085 14111 14080
14077 14165 13943
14077 13943 13945
13943 14165 13939
13943 13942 13937
13947 14165 13948
13938 13937 13942
13938 13942 13941
14190 14191 13941
13943 13939 13942
13941 14168 14190
13938 14191 14192
13938 14192 13927
13927 14193 13928
13928 14194 14195
14027 14196 14197
14192 14193 13927
14191 13938 13941
13929 14026 13952
13951 13945 13952
13945 13944 13952
14026 13949 13952
14193 14194 13928
14195 14027 13928
14197 14028 14027
14198 14031 13931
14198 13931 13930
13923 14116 13931
13923 13931 13936
14080 13923 13936
13935 14080 13936
14195 14196 14027
14197 14199 14028
14029 14200 14030
14028 14199 14201
14028 14201 14029
14115 14116 13922
14115 13922 14030
14030 14202 14114
14031 14198 13924
13913 14031 13924
13914 13905 13908
13914 13908 13915
14203 14021 13905
14083 13912 13915
13933 14083 13915
13914 13913 14024
13913 13925 14024
14022 14204 13910
14022 13910 13906
13907 14079 13933
13906 13910 13909
13906 13909 13907
13907 13909 14079
13910 14204 14023
14023 14205 13911
14206 14207 13956
13902 13911 13903
13903 13956 13904
13957 13956 14032
13956 14207 14032
13958 13957 14034
13957 14033 14034
14037 13958 14035
14037 14035 14208
14036 13959 14037
13959 13958 14037
14038 14037 14171
14037 14208 14171
14039 14038 14209
14039 14209 14169
14210 13964 14211
14122 14041 14211
14138 13968 14177
14138 14177 14212
13969 13968 14138
14039 14170 14040
13964 14213 13962
13964 13962 13961
13961 13960 13966
13961 13966 13965
14211 14214 14210
14210 14213 13964
14215 14042 13981
14139 14138 14216
14139 14125 14123
14139 14123 13969
14125 14139 14173
14139 14216 14173
14138 14212 14216
14036 14130 13967
14125 14174 14217
13971 14126 14217
13971 14217 14175
14126 13971 13970
14126 13970 14124
14126 14125 14217
14124 13970 13967
14038 14039 14122
14122 14211 14130
14130 14211 13965
14211 13964 13965
14122 14130 14036
14038 14172 14209
14122 14039 14041
14214 14211 14041
14214 14041 14040
13971 14176 14179
14179 14218 13972
13972 14218 14219
13972 14219 14044
13973 13972 14044
13973 14044 14043
13977 14129 14152
14043 14042 13977
14215 14089 14129
13967 14137 14120
14154 14137 14152
13985 13974 14178
13974 13976 14178
14044 14219 13975
13974 14044 13975
13981 14089 14215
14129 13977 14215
13977 14042 14215
13981 13984 13982
14088 14220 14180
14088 14091 14089
14088 14047 14091
14088 13978 14220
13978 13980 14220
13990 14221 14048
14049 13991 13990
13991 14222 14181
14181 14223 14092
14092 14000 13999
13989 13991 14092
14223 14000 14092
13995 14000 14182
13996 13995 14050
13995 14183 14050
14002 14001 14131
14000 14223 14184
13991 14049 14222
13990 14046 14221
14000 14185 14182
13956 13903 14206
13903 14020 14206
13903 13911 14019
13911 14205 14019
13905 13914 14203
13914 14025 14203
13996 14224 14225
13996 14225 13997
14226 14001 13997
14226 13997 14225
14227 14228 14224
14226 14131 14001
14229 14230 14231
14232 14231 14233
14234 14235 14236
14234 14236 14237
14238 14239 14230
14240 14241 14242
14243 14234 14244
14229 14238 14230
14240 14245 14241
14240 14246 14247
14240 14248 14245
14249 14250 14238
14229 14251 14249
14229 14249 14238
14251 14229 14232
14251 14232 14252
14234 14253 14254
14255 14239 14238
14255 14238 14250
14232 14229 14231
14241 14245 14256
14241 14256 14257
14258 14249 14259
14258 14259 14260
14261 14262 14251
14261 14251 14252
14263 14261 14252
14263 14252 14253
14263 14257 14264
14257 14256 14264
14263 14253 14257
14254 14232 14265
14232 14233 14265
14245 14266 14267
14268 14269 14270
14271 14272 14273
14267 14274 14275
14267 14275 14276
14276 14275 14277
14276 14277 14278
14279 14266 14248
14279 14248 14280
14275 14281 14277
14278 14282 14283
14278 14283 14284
14285 14275 14274
14285 14274 14286
14282 14287 14288
14282 14288 14283
14280 14289 14279
14285 14290 14291
14285 14291 14281
14245 14248 14266
14292 14288 14287
14292 14287 14293
14294 14295 14291
14294 14291 14290
14273 14296 14293
14273 14293 14271
14285 14281 14275
14269 14286 14270
14297 14269 14298
14297 14298 14299
14266 14279 14270
14292 14293 14300
14301 14302 14303
14301 14303 14304
14305 14303 14302
14305 14306 14307
14305 14307 14308
14309 14310 14311
14309 14311 14307
14309 14307 14306
14284 14310 14309
14312 14313 14314
14312 14314 14315
14316 14317 14318
14316 14318 14319
14318 14320 14319
14321 14320 14322
14321 14322 14323
14323 14322 14324
14323 14324 14325
14319 14326 14327
14319 14327 14316
14328 14329 14330
14331 14332 14333
14331 14333 14313
14267 14334 14256
14267 14256 14245
14335 14331 14313
14335 14313 14312
14312 14336 14316
14337 14328 14333
14337 14333 14304
14291 14295 14272
14291 14272 14271
14262 14259 14249
14262 14249 14251
14234 14243 14338
14339 14340 14341
14339 14341 14300
14342 14292 14300
14342 14300 14341
14311 14288 14292
14311 14292 14342
14310 14283 14288
14310 14288 14311
14284 14283 14310
14343 14337 14304
14343 14304 14303
14308 14343 14303
14308 14303 14305
14343 14341 14340
14343 14340 14337
14308 14342 14341
14308 14341 14343
14307 14311 14342
14307 14342 14308
14276 14334 14267
14264 14256 14334
14267 14266 14344
14344 14266 14270
14267 14344 14274
14270 14286 14274
14270 14274 14344
14285 14286 14297
14285 14297 14290
14290 14297 14299
14290 14299 14294
14279 14268 14270
14269 14297 14286
14271 14345 14281
14271 14281 14291
14293 14287 14345
14293 14345 14271
14287 14282 14277
14287 14277 14345
14277 14282 14278
14281 14345 14277
14346 14347 14244
14237 14244 14234
14241 14257 14338
14249 14258 14250
14276 14278 14334
14278 14284 14334
14260 14259 14348
14240 14349 14350
14351 14352 14243
14243 14244 14347
14243 14347 14353
14354 14289 14280
14279 14289 14355
14356 14357 14280
14312 14316 14327
14312 14327 14335
14332 14301 14304
14332 14304 14333
14328 14313 14333
14330 14314 14328
14324 14358 14325
14312 14315 14336
14336 14317 14316
14321 14326 14319
14268 14298 14269
14237 14346 14244
14224 13996 14051
14224 14051 14227
14340 14329 14337
14328 14337 14329
14320 14321 14319
14293 14296 14300
14296 14339 14300
14314 14313 14328
13881 13870 14157
13869 14359 14157
14186 14359 13869
14008 14186 13871
14097 14144 14146
14110 14140 14014
14110 14014 14015
13909 13902 14078
14121 14150 14011
14121 14011 14014
14110 14084 14153
14096 14100 14097
14109 14108 14104
14109 14106 14148
14057 14101 14143
14101 14144 14143
13977 14152 14137
14352 14242 14243
14240 14350 14246
14248 14240 14356
14279 14355 14268
14151 14152 14155
14091 14090 14129
13916 14148 14086
13917 14111 13918
13956 13957 13955
13993 14005 13994
14131 14005 13993
14152 14090 14155
14154 14152 14151
13994 14155 13987
14005 14004 13994
14004 14128 14155
14128 14151 14155
14136 14149 14151
14132 14134 14156
14136 14135 14156
14280 14357 14354
14240 14242 14349
14242 14352 14349
14243 14353 14351
13931 14116 13932
14116 14115 13932
14029 14201 14200
14200 14202 14030
14046 13990 14047
14234 14254 14235
14254 14253 14252
14254 14252 14232
14253 14234 14338
14243 14242 14338
14242 14241 14338
14254 14265 14235
14257 14253 14338
14248 14356 14280
14356 14240 14247
13757 13864 13749
13749 13864 13755
14360 14361 14362
14360 14362 14363
14364 14365 14366
14364 14366 14367
14368 14369 14370
14368 14370 14371
14372 14373 14374
14375 14376 14377
14378 14379 14380
14372 14379 14381
14381 14379 14378
14382 14383 14384
14382 14384 14385
14386 14384 14383
14386 14383 14387
14388 14389 14361
14390 14391 14392
14393 14390 14392
14393 14392 14394
14395 14396 14392
14397 14398 14399
14397 14399 14400
14369 14368 14401
14402 14370 14403
14402 14403 14404
14402 14404 14405
14406 14407 14378
14408 14409 14410
14408 14410 14411
14412 14408 14411
14412 14411 14413
14414 14415 14416
14414 14416 14417
14417 14418 14419
14420 14368 14371
14420 14371 14421
14421 14371 14422
14421 14422 14423
14424 14425 14423
14424 14423 14422
14419 14426 14427
14419 14427 14406
14428 14420 14426
14428 14426 14419
14371 14370 14402
14371 14402 14422
14405 14424 14422
14405 14422 14402
14406 14427 14429
14406 14429 14407
14407 14429 14430
14407 14430 14431
14432 14430 14429
14432 14429 14425
14426 14421 14427
14420 14428 14433
14420 14433 14434
14435 14404 14403
14435 14403 14436
14436 14403 14437
14379 14372 14438
14372 14374 14438
14418 14417 14411
14416 14413 14417
14438 14439 14388
14360 14363 14440
14360 14440 14441
14442 14443 14444
14442 14444 14445
14446 14447 14398
14447 14448 14449
14447 14449 14450
14376 14447 14450
14376 14450 14451
14374 14452 14397
14453 14454 14455
14453 14455 14385
14456 14455 14454
14456 14454 14457
14388 14360 14458
14459 14460 14461
14459 14461 14462
14463 14464 14465
14466 14463 14465
14466 14465 14467
14468 14469 14470
14471 14468 14470
14471 14470 14472
14459 14387 14383
14459 14383 14473
14473 14383 14382
14473 14382 14474
14475 14476 14477
14475 14477 14478
14469 14475 14478
14469 14478 14464
14479 14480 14481
14479 14481 14482
14474 14479 14482
14474 14482 14483
14484 14485 14486
14484 14486 14487
14488 14489 14490
14488 14490 14491
14487 14490 14489
14492 14493 14494
14492 14494 14495
14496 14492 14495
14496 14495 14497
14498 14499 14500
14498 14500 14497
14501 14500 14499
14501 14499 14502
14493 14503 14504
14493 14504 14505
14505 14504 14506
14505 14506 14507
14508 14509 14510
14508 14510 14511
14491 14510 14509
14491 14509 14488
14512 14513 14489
14512 14489 14488
14484 14489 14513
14484 14513 14514
14385 14384 14515
14385 14515 14453
14516 14515 14384
14516 14384 14386
14385 14455 14517
14385 14517 14382
14456 14518 14517
14456 14517 14455
14387 14459 14462
14387 14462 14519
14460 14459 14473
14460 14473 14520
14520 14473 14474
14520 14474 14483
14480 14479 14517
14480 14517 14518
14382 14517 14479
14382 14479 14474
14516 14521 14522
14516 14522 14515
14453 14515 14522
14453 14522 14451
14521 14516 14366
14521 14366 14394
14394 14366 14365
14394 14365 14393
14451 14450 14454
14451 14454 14453
14457 14454 14450
14457 14450 14449
14520 14483 14469
14520 14469 14468
14460 14520 14468
14460 14468 14471
14481 14476 14475
14481 14475 14482
14482 14475 14469
14482 14469 14483
14514 14523 14485
14514 14485 14484
14524 14485 14523
14524 14523 14525
14392 14526 14527
14392 14527 14395
14526 14528 14389
14526 14389 14527
14439 14400 14389
14399 14398 14376
14399 14376 14375
14399 14375 14395
14497 14495 14529
14497 14529 14498
14494 14529 14495
14530 14494 14493
14530 14493 14505
14530 14505 14507
14530 14507 14525
14503 14493 14492
14503 14492 14531
14531 14492 14496
14531 14496 14532
14533 14362 14361
14533 14361 14528
14434 14433 14534
14434 14534 14535
14536 14537 14444
14536 14444 14443
14537 14536 14538
14537 14538 14437
14433 14410 14409
14433 14409 14534
14437 14370 14369
14437 14369 14537
14537 14369 14401
14537 14401 14444
14444 14401 14539
14444 14539 14445
14426 14420 14421
14360 14441 14458
14368 14420 14434
14368 14434 14401
14528 14526 14540
14528 14540 14533
14428 14418 14410
14428 14410 14433
14448 14447 14446
14448 14446 14541
14541 14446 14452
14541 14452 14542
14452 14373 14543
14521 14396 14377
14521 14377 14522
14498 14529 14513
14498 14513 14512
14514 14513 14529
14514 14529 14494
14502 14499 14544
14502 14544 14545
14512 14544 14499
14512 14499 14498
14488 14509 14544
14488 14544 14512
14545 14544 14509
14545 14509 14508
14546 14510 14547
14464 14478 14547
14464 14547 14548
14494 14530 14523
14494 14523 14514
14525 14523 14530
14549 14550 14490
14549 14490 14551
14487 14551 14490
14552 14553 14554
14552 14554 14555
14555 14554 14486
14555 14486 14556
14553 14552 14557
14558 14559 14560
14558 14560 14561
14549 14553 14467
14466 14558 14472
14561 14560 14562
14561 14562 14461
14487 14486 14554
14487 14554 14551
14551 14554 14553
14551 14553 14549
14471 14561 14461
14471 14461 14460
14563 14506 14504
14563 14504 14564
14564 14504 14503
14564 14503 14565
14387 14519 14367
14387 14367 14386
14519 14462 14566
14519 14566 14567
14364 14367 14519
14364 14519 14567
14386 14367 14366
14386 14366 14516
14562 14566 14462
14562 14462 14461
14437 14538 14568
14437 14568 14436
14436 14568 14569
14435 14570 14404
14571 14572 14573
14573 14404 14570
14574 14575 14435
14576 14577 14432
14432 14577 14578
14578 14579 14580
14430 14432 14578
14430 14578 14581
14582 14581 14583
14583 14578 14580
14431 14430 14581
14431 14581 14584
14585 14584 14586
14586 14581 14582
14543 14587 14584
14542 14543 14588
14589 14590 14591
14592 14590 14588
14541 14593 14594
14541 14594 14448
14595 14594 14596
14596 14593 14597
14448 14594 14598
14448 14598 14449
14599 14598 14600
14600 14598 14594
14457 14601 14602
14457 14602 14456
14603 14602 14604
14604 14602 14601
14476 14481 14605
14476 14605 14606
14607 14606 14608
14608 14606 14605
14476 14606 14609
14476 14609 14477
14610 14609 14606
14610 14606 14607
14508 14611 14612
14508 14612 14545
14613 14612 14614
14614 14612 14611
14497 14500 14615
14497 14615 14496
14616 14615 14500
14616 14500 14501
14617 14618 14615
14619 14615 14616
14496 14615 14618
14496 14618 14532
14565 14503 14531
14565 14531 14620
14532 14620 14531
14621 14622 14602
14621 14602 14603
14456 14602 14622
14456 14622 14518
14597 14593 14623
14623 14593 14589
14542 14589 14593
14542 14593 14541
14624 14625 14626
14626 14625 14571
14405 14404 14572
14405 14572 14625
14627 14628 14629
14629 14628 14624
14424 14405 14625
14424 14625 14628
14592 14588 14630
14631 14632 14622
14631 14622 14621
14518 14622 14632
14518 14632 14480
14633 14501 14634
14635 14634 14636
14502 14636 14634
14637 14605 14638
14638 14632 14631
14480 14632 14605
14480 14605 14481
14639 14601 14640
14640 14598 14599
14449 14598 14601
14449 14601 14457
14641 14636 14642
14642 14636 14612
14545 14612 14636
14545 14636 14502
14643 14611 14644
14644 14611 14645
14511 14611 14508
14646 14645 14609
14646 14609 14610
14477 14609 14645
14477 14645 14546
14435 14575 14647
14616 14501 14648
14648 14501 14633
14642 14612 14613
14614 14611 14643
14635 14636 14641
14617 14615 14619
14644 14645 14646
14487 14489 14484
14608 14605 14637
14632 14638 14605
14604 14601 14639
14598 14640 14601
14550 14548 14491
14550 14491 14490
14548 14547 14510
14548 14510 14491
14546 14547 14477
14477 14547 14478
14486 14485 14524
14435 14647 14570
14574 14435 14569
14624 14628 14625
14576 14432 14627
14627 14432 14628
14628 14425 14424
14628 14432 14425
14571 14625 14572
14573 14572 14404
14583 14581 14578
14586 14584 14581
14630 14588 14584
14630 14584 14585
14401 14434 14535
14401 14535 14539
14578 14577 14579
14418 14428 14419
14593 14596 14594
14600 14594 14595
14588 14590 14589
14623 14589 14591
14437 14403 14370
14436 14569 14435
14425 14429 14427
14425 14427 14423
14415 14414 14406
14414 14419 14406
14415 14380 14458
14380 14438 14388
14381 14587 14373
14584 14587 14431
14431 14587 14381
14431 14381 14407
14486 14524 14556
14413 14441 14440
14413 14440 14412
14360 14388 14361
14416 14441 14413
14458 14441 14416
14417 14413 14411
14361 14389 14528
14418 14411 14410
14374 14397 14400
14374 14400 14439
14527 14400 14399
14389 14400 14527
14399 14395 14527
14397 14446 14398
14397 14452 14446
14398 14447 14376
14438 14374 14439
14374 14373 14452
14388 14439 14389
14553 14557 14558
14558 14557 14559
14392 14391 14526
14526 14391 14540
14467 14465 14550
14467 14550 14549
14472 14470 14463
14472 14463 14466
14470 14464 14463
14470 14469 14464
14472 14561 14471
14472 14558 14561
14465 14548 14550
14465 14464 14548
14467 14558 14466
14467 14553 14558
14611 14511 14546
14611 14546 14645
14511 14510 14546
14375 14377 14396
14375 14396 14395
14377 14451 14522
14377 14376 14451
14394 14396 14521
14392 14396 14394
14633 14634 14635
14502 14634 14501
14373 14587 14543
14415 14406 14378
14417 14419 14414
14427 14421 14423
14381 14378 14407
14543 14584 14588
14649 14650 14651
14649 14651 14652
14653 14654 14655
14653 14655 14656
14657 14658 14659
14660 14661 14662
14660 14662 14663
14664 14665 14666
14664 14666 14667
14668 14664 14667
14668 14667 14669
14670 14671 14664
14670 14664 14668
14672 14671 14670
14672 14670 14673
14671 14674 14665
14671 14665 14664
14675 14676 14677
14675 14677 14674
14677 14678 14661
14677 14661 14660
14679 14680 14678
14661 14678 14680
14661 14680 14657
14679 14678 14676
14676 14678 14677
14660 14665 14674
14660 14674 14677
14663 14666 14665
14663 14665 14660
14675 14674 14671
14675 14671 14672
14659 14662 14661
14659 14661 14657
14681 14682 14657
14681 14657 14680
14682 14683 14653
14684 14681 14680
14684 14680 14679
14683 14685 14654
14686 14655 14654
14686 14654 14687
14654 14685 14687
14659 14658 14656
14682 14658 14657
14688 14683 14682
14688 14682 14681
14684 14688 14681
14683 14688 14689
14683 14689 14685
14685 14689 14690
14685 14690 14691
14687 14651 14650
14687 14650 14686
14691 14690 14652
14691 14652 14651
14687 14691 14651
14687 14685 14691
14683 14654 14653
14682 14653 14658
14656 14658 14653
14692 14693 14669
14692 14669 14667
14694 14695 14667
14694 14667 14666
14667 14695 14692
14696 14666 14663
14666 14697 14694
14666 14696 14698
14699 14696 14663
14699 14663 14662
14700 14701 14662
14702 14703 14704
14705 14706 14707
14708 14709 14710
14710 14711 14708
14659 14712 14662
14656 14704 14712
14704 14656 14655
14686 14707 14655
14713 14710 14707
14713 14707 14686
14650 14714 14713
14650 14713 14686
14649 14715 14714
14649 14714 14650
14699 14716 14696
14717 14699 14701
14696 14716 14698
14717 14716 14699
14703 14718 14719
14703 14719 14700
14720 14721 14702
14722 14720 14705
14720 14702 14706
14709 14723 14722
14709 14722 14705
14724 14723 14708
14720 14706 14705
14707 14706 14704
14704 14655 14707
14704 14706 14702
14718 14703 14702
14718 14702 14721
14712 14703 14700
14704 14703 14712
14656 14712 14659
14700 14662 14712
14719 14717 14701
14719 14701 14700
14662 14701 14699
14723 14709 14708
14710 14709 14707
14707 14709 14705
14708 14711 14724
14692 14725 14693
14666 14698 14697
14726 14727 14728
14728 14729 14730
14731 14728 14732
14726 14728 14731
14728 14727 14729
14733 14728 14734
14732 14728 14733
14673 14735 14672
14736 14737 14738
14738 14737 14739
14740 14737 14736
14739 14737 14741
14741 14737 14742
14742 14737 14743
14744 14745 14746
14746 14745 14747
14746 14747 14748
14749 14750 14747
14749 14747 14745
14751 14752 14753
14751 14753 14754
14744 14746 14755
14756 14757 14758
14754 14757 14746
14754 14746 14748
14752 14759 14760
14753 14760 14761
14762 14760 14763
14764 14759 14765
14766 14751 14767
14766 14767 14768
14751 14766 14769
14751 14769 14752
14768 14767 14770
14768 14770 14771
14772 14773 14771
14772 14771 14770
14774 14765 14759
14774 14759 14775
14776 14774 14775
14776 14775 14777
14769 14777 14775
14752 14775 14759
14772 14770 14747
14772 14747 14750
14748 14747 14770
14748 14770 14767
14754 14753 14778
14754 14778 14757
14757 14778 14779
14780 14781 14778
14780 14778 14753
14767 14751 14754
14767 14754 14748
14753 14761 14782
14783 14784 14761
14785 14786 14769
14785 14769 14766
14787 14788 14789
14790 14788 14791
14792 14791 14787
14792 14787 14776
14773 14793 14794
14773 14794 14771
14786 14795 14777
14786 14777 14769
14776 14777 14795
14776 14795 14792
14776 14787 14796
14776 14796 14774
14774 14796 14797
14798 14796 14787
14753 14782 14799
14753 14799 14780
14778 14781 14800
14757 14779 14758
14757 14756 14746
14779 14778 14800
14746 14756 14755
14761 14784 14782
14760 14762 14761
14759 14764 14760
14761 14762 14783
14760 14764 14763
14801 14768 14771
14801 14771 14794
14766 14768 14801
14766 14801 14785
14774 14797 14765
14787 14789 14798
14791 14788 14787
14769 14775 14752
14752 14760 14753
14802 14803 14804
14802 14804 14805
14806 14807 14808
14809 14810 14811
14809 14811 14812
14812 14811 14813
14812 14813 14814
14815 14816 14810
14815 14810 14817
14813 14811 14818
14813 14818 14819
14816 14820 14818
14816 14818 14811
14821 14822 14823
14824 14822 14821
14824 14821 14825
14826 14825 14821
14827 14828 14829
14827 14829 14830
14831 14832 14830
14831 14830 14829
14833 14834 14829
14833 14829 14828
14831 14829 14834
14831 14834 14835
14836 14837 14838
14839 14838 14837
14838 14839 14840
14838 14840 14820
14841 14842 14843
14841 14843 14844
14836 14841 14844
14836 14844 14837
14845 14837 14844
14845 14844 14846
14846 14844 14843
14846 14843 14847
14848 14849 14850
14848 14850 14802
14851 14804 14803
14851 14803 14852
14851 14852 14853
14851 14853 14854
14855 14853 14852
14855 14852 14856
14857 14855 14856
14857 14856 14858
14849 14858 14856
14849 14856 14850
14850 14856 14852
14850 14852 14803
14859 14860 14861
14861 14860 14862
14863 14864 14862
14863 14862 14860
14863 14865 14854
14863 14854 14864
14865 14866 14851
14865 14851 14854
14814 14804 14851
14814 14851 14866
14867 14805 14804
14867 14804 14814
14868 14869 14870
14870 14869 14860
14871 14872 14873
14873 14872 14869
14817 14874 14869
14817 14869 14872
14865 14809 14812
14865 14812 14866
14814 14866 14812
14863 14874 14809
14863 14809 14865
14875 14876 14849
14849 14877 14878
14878 14879 14849
14880 14858 14881
14882 14883 14853
14882 14853 14855
14838 14820 14816
14838 14816 14815
14823 14822 14884
14871 14884 14822
14871 14822 14872
14815 14817 14872
14815 14872 14822
14874 14817 14810
14874 14810 14809
14885 14886 14813
14885 14813 14819
14887 14862 14888
14888 14862 14807
14883 14807 14864
14819 14818 14889
14889 14818 14820
14889 14820 14840
14822 14824 14815
14890 14891 14892
14832 14842 14891
14832 14891 14830
14835 14834 14893
14893 14894 14895
14833 14894 14834
14896 14897 14847
14896 14847 14843
14832 14896 14843
14832 14843 14842
14897 14896 14898
14832 14831 14896
14835 14898 14831
14886 14867 14814
14886 14814 14813
14838 14815 14824
14838 14824 14836
14836 14824 14825
14836 14825 14841
14842 14841 14825
14842 14825 14891
14854 14853 14883
14854 14883 14864
14839 14837 14845
14893 14834 14894
14898 14896 14831
14870 14860 14899
14900 14862 14887
14808 14807 14883
14888 14807 14806
14901 14855 14857
14874 14863 14860
14874 14860 14869
14873 14869 14868
14816 14811 14810
14875 14849 14848
14849 14876 14877
14858 14879 14881
14849 14879 14858
14858 14880 14857
14855 14901 14882
14808 14883 14882
14862 14900 14861
14860 14859 14899
14891 14825 14826
14891 14826 14892
14891 14890 14830
14830 14890 14827
14864 14807 14862
14802 14850 14803
14902 14903 14904
14902 14904 14905
14906 14907 14908
14909 14910 14911
14909 14911 14912
14913 14909 14912
14913 14912 14914
14908 14915 14916
14913 14914 14917
14913 14917 14918
14916 14915 14911
14902 14905 14907
14902 14907 14906
14919 14920 14918
14919 14918 14917
14921 14922 14910
14921 14910 14909
14910 14922 14923
14910 14923 14916
14916 14923 14924
14916 14924 14908
14908 14924 14925
14908 14925 14906
14906 14925 14926
14906 14926 14902
14902 14926 14927
14902 14927 14903
14928 14929 14922
14928 14922 14921
14922 14929 14930
14922 14930 14923
14923 14930 14931
14923 14931 14924
14924 14931 14932
14924 14932 14925
14925 14932 14933
14925 14933 14926
14908 14907 14915
14934 14935 14929
14934 14929 14928
14929 14935 14936
14929 14936 14930
14930 14936 14937
14930 14937 14931
14931 14937 14938
14931 14938 14932
14938 14939 14940
14941 14942 14935
14941 14935 14934
14935 14942 14943
14935 14943 14936
14936 14943 14944
14936 14944 14937
14937 14944 14939
14937 14939 14938
14945 14942 14941
14945 14941 14946
14947 14948 14945
14947 14945 14946
14942 14945 14949
14942 14949 14943
14950 14949 14945
14950 14945 14948
14943 14949 14951
14943 14951 14944
14944 14951 14952
14944 14952 14939
14952 14953 14939
14954 14951 14949
14954 14949 14950
14954 14955 14951
14956 14921 14909
14956 14909 14913
14957 14956 14913
14957 14913 14918
14958 14957 14918
14958 14918 14920
14921 14956 14959
14921 14959 14928
14960 14959 14956
14960 14956 14957
14961 14960 14957
14961 14957 14958
14928 14959 14962
14928 14962 14934
14963 14962 14959
14963 14959 14960
14964 14963 14960
14964 14960 14961
14934 14962 14965
14934 14965 14941
14966 14965 14962
14966 14962 14963
14967 14966 14963
14967 14963 14964
14941 14965 14968
14941 14968 14946
14946 14968 14969
14946 14969 14947
14970 14968 14965
14970 14965 14966
14968 14970 14971
14968 14971 14969
14972 14970 14966
14972 14966 14967
14970 14972 14973
14970 14973 14971
14974 14975 14976
14974 14977 14975
14977 14978 14979
14977 14979 14980
14964 14961 14976
14981 14982 14983
14981 14983 14984
14974 14981 14984
14933 14985 14927
14933 14927 14926
14938 14933 14932
14938 14940 14933
14975 14980 14972
14975 14972 14967
14972 14980 14979
14972 14979 14973
14964 14975 14967
14976 14975 14964
14975 14977 14980
14986 14978 14983
14986 14983 14987
14978 14986 14988
14978 14988 14979
14989 14990 14950
14950 14991 14989
14992 14993 14948
14992 14948 14947
14994 14992 14947
14994 14947 14969
14995 14994 14969
14995 14969 14971
14996 14997 14973
14973 14979 14988
14973 14988 14996
14984 14983 14978
14984 14978 14977
14987 14983 14982
14987 14982 14998
14974 14984 14977
14999 14987 14998
14999 14998 15000
14987 14999 15001
14987 15001 14986
14986 15001 15002
14986 15002 14988
15003 14993 14992
15003 14992 15004
15003 15005 14993
15006 15004 14992
15006 14992 14994
15007 15006 14994
15008 15009 14996
14996 14988 15002
15010 14999 15011
14999 15010 15012
14999 15012 15001
15001 15012 15013
15001 15013 15002
15013 15014 15002
15000 15015 15011
14996 15009 14997
15016 15011 15017
15016 15018 15010
15010 15018 15019
15010 15019 15012
15019 15020 15013
15019 15013 15012
15013 15020 15021
15022 15023 15024
15025 15022 15024
15000 15024 15015
15016 15010 15011
15011 14999 15000
15026 15016 15027
15016 15026 15028
15016 15028 15018
15018 15028 15029
15018 15029 15019
15029 15030 15020
15030 15031 15020
15032 15026 15033
15026 15032 15034
15026 15034 15028
15034 15035 15028
15036 15037 15029
15038 15039 15032
15038 15032 15033
15039 15034 15032
15040 15041 15022
15017 15042 15027
15027 15042 15043
15027 15043 15044
15045 15046 15040
15047 15048 15049
15049 15048 15050
15049 15050 15051
15025 15049 15051
15052 15048 15047
15052 15047 15053
15054 15055 15052
15054 15052 15053
15056 15054 15057
15058 15056 15057
15059 15058 15060
15054 15053 15061
15062 15063 15064
15065 15062 15066
15062 15067 15063
15068 15069 15062
15068 15062 15065
15061 15066 15064
15060 15057 15064
15060 15064 15063
15070 15060 15063
15070 15063 15071
15057 15061 15064
15057 15054 15061
15072 15073 15069
15074 15075 15072
15074 15072 15076
15077 15074 15078
15079 15077 15080
15079 15080 15081
15077 15078 15080
15062 15069 15067
15072 15069 15068
15072 15068 15076
15082 15075 15074
15074 15076 15078
15075 15083 15073
15084 15083 15085
15075 15082 15085
15082 15074 15077
15086 15067 15073
15087 15086 15088
15089 15088 15084
15090 15091 15087
15091 15067 15086
15091 15092 15067
15090 15093 15092
15090 15092 15091
15067 15092 15071
15094 15092 15093
15071 15094 15095
15071 15095 15070
15096 15095 15097
15095 15098 15070
15099 15100 15098
15099 15098 15096
15070 15098 15059
15059 15098 15100
15101 15055 15054
15101 15054 15056
15102 15101 15056
15102 15056 15058
15103 15102 15059
15100 15104 15059
15105 15045 15050
15106 15055 15101
15023 15041 15042
15042 15041 15107
15042 15107 15043
15024 15023 15015
15015 15023 15017
15108 15107 15109
15107 15108 15110
15107 15110 15043
15110 15111 15043
15112 15045 15105
15040 15046 15041
15041 15046 15107
15051 15050 15045
15051 15045 15040
15022 15051 15040
15025 15051 15022
15105 15050 15048
15105 15048 15052
15045 15112 15113
15045 15113 15046
15055 15106 15114
15055 15114 15115
15116 15106 15102
15117 15102 15103
15106 15116 15118
15106 15118 15114
15119 15118 15116
15115 15052 15055
15102 15117 15120
15052 15115 15121
15052 15121 15105
15122 15121 15115
15122 15115 15114
15123 15122 15114
15123 15114 15118
15124 15123 15118
15105 15121 15125
15105 15125 15112
15126 15125 15121
15126 15121 15122
15127 15126 15123
15124 15128 15123
15125 15129 15112
15130 15131 15132
15130 15132 15129
15130 15129 15126
15112 15129 15113
15109 15129 15132
15130 15126 15127
15126 15129 15125
15133 15108 15109
15133 15109 15132
15134 15133 15132
15108 15133 15135
15108 15135 15110
15136 15135 15133
15135 15136 15137
15136 15133 15134
15134 15132 15131
15110 15135 15138
15110 15138 15111
15139 15140 15138
15141 15111 15138
15141 15138 15140
15139 15138 15135
15139 15135 15137
15043 15111 15044
15044 15111 15141
15142 15039 15038
15141 15038 15033
15141 15033 15044
15142 15038 15141
15142 15141 15140
15033 15026 15027
15033 15027 15044
15071 15092 15094
15087 15088 15089
15083 15088 15073
15088 15086 15073
15020 15031 15143
15029 15037 15030
15013 15021 15014
15021 15020 15143
15028 15035 15029
15029 15035 15036
15029 15020 15019
15118 15119 15144
15119 15116 15120
15102 15120 15116
15124 15118 15145
15059 15102 15058
14950 14990 14954
14951 14955 14952
14939 14953 15146
14933 15147 14985
14991 15005 14989
15123 15128 15148
15118 15144 15145
15059 15104 15103
15002 15014 15149
15087 15091 15086
15085 15083 15075
15084 15088 15083
15022 15041 15023
15023 15042 15017
15017 15011 15015
15027 15016 15017
15059 15060 15070
15058 15057 15060
15063 15067 15071
15062 15064 15066
15094 15093 15097
15097 15095 15094
15096 15098 15095
15113 15129 15109
15046 15113 15109
14995 15150 15007
15007 14994 14995
15149 15151 15008
14996 15149 15008
15149 15014 15151
14996 15002 15149
15075 15073 15072
15069 15073 15067
14971 14997 14995
14997 15150 14995
14973 14997 14971
14997 15009 15150
15102 15106 15101
15109 15107 15046
15005 14991 14993
14993 14991 14950
14993 14950 14948
14933 14940 15147
15147 14940 15152
14940 14939 15146
15123 15126 15122
15127 15123 15148
14940 15146 15152
14916 14911 14910
15153 15154 15155
15153 15155 15156
15157 15158 15159
15160 15161 15162
15160 15162 15163
15161 15160 15164
15161 15164 15165
15158 15166 15167
15164 15168 15169
15164 15169 15165
15166 15162 15167
15155 15157 15159
15155 15159 15156
15168 15170 15171
15168 15171 15169
15163 15172 15173
15163 15173 15160
15174 15172 15163
15174 15163 15166
15175 15174 15166
15175 15166 15158
15176 15175 15158
15176 15158 15157
15177 15176 15157
15177 15157 15155
15178 15177 15155
15178 15155 15154
15172 15179 15180
15172 15180 15173
15181 15179 15172
15181 15172 15174
15182 15181 15174
15182 15174 15175
15183 15182 15175
15183 15175 15176
15184 15183 15176
15184 15176 15177
15158 15167 15159
15179 15185 15186
15179 15186 15180
15187 15185 15179
15187 15179 15181
15188 15187 15181
15188 15181 15182
15189 15188 15182
15189 15182 15183
15189 15190 15191
15185 15192 15193
15185 15193 15186
15194 15192 15185
15194 15185 15187
15195 15194 15187
15195 15187 15188
15191 15195 15188
15191 15188 15189
15196 15197 15193
15196 15193 15192
15196 15198 15199
15196 15199 15197
15200 15196 15192
15200 15192 15194
15201 15198 15196
15201 15196 15200
15202 15200 15194
15202 15194 15195
15203 15202 15195
15203 15195 15191
15203 15191 15204
15205 15201 15200
15205 15200 15202
15205 15202 15206
15207 15164 15160
15207 15160 15173
15208 15168 15164
15208 15164 15207
15209 15170 15168
15209 15168 15208
15210 15207 15173
15210 15173 15180
15211 15208 15207
15211 15207 15210
15212 15209 15208
15212 15208 15211
15213 15210 15180
15213 15180 15186
15214 15211 15210
15214 15210 15213
15215 15212 15211
15215 15211 15214
15216 15213 15186
15216 15186 15193
15217 15214 15213
15217 15213 15216
15218 15215 15214
15218 15214 15217
15219 15216 15193
15219 15193 15197
15220 15219 15197
15220 15197 15199
15221 15217 15216
15221 15216 15219
15222 15221 15219
15222 15219 15220
15223 15218 15217
15223 15217 15221
15224 15223 15221
15224 15221 15222
15225 15226 15227
15225 15227 15228
15228 15229 15230
15228 15230 15231
15215 15226 15212
15232 15233 15234
15232 15234 15235
15225 15235 15234
15184 15177 15178
15184 15178 15236
15189 15183 15184
15189 15184 15190
15227 15218 15223
15227 15223 15229
15230 15229 15223
15230 15223 15224
15215 15218 15227
15226 15215 15227
15227 15229 15228
15237 15238 15232
15237 15232 15231
15239 15237 15231
15239 15231 15230
15240 15201 15241
15201 15240 15242
15243 15199 15198
15243 15198 15244
15245 15220 15199
15245 15199 15243
15246 15222 15220
15246 15220 15245
15247 15224 15248
15224 15247 15239
15224 15239 15230
15235 15228 15231
15235 15231 15232
15238 15249 15233
15238 15233 15232
15225 15228 15235
15250 15251 15249
15250 15249 15238
15252 15250 15238
15252 15238 15237
15253 15252 15237
15253 15237 15239
15254 15255 15243
15254 15243 15244
15254 15244 15256
15257 15245 15243
15257 15243 15255
15258 15245 15257
15259 15247 15260
15247 15253 15239
15261 15262 15250
15263 15261 15250
15263 15250 15252
15264 15263 15252
15264 15252 15253
15264 15253 15265
15251 15262 15266
15247 15248 15260
15267 15268 15262
15267 15261 15269
15270 15269 15261
15270 15261 15263
15270 15263 15264
15270 15264 15271
15264 15272 15271
15273 15274 15275
15276 15274 15273
15251 15266 15274
15267 15262 15261
15262 15251 15250
15277 15278 15267
15279 15277 15267
15279 15267 15269
15280 15279 15269
15280 15269 15270
15280 15271 15281
15281 15271 15282
15283 15284 15277
15285 15283 15277
15285 15277 15279
15285 15279 15286
15287 15280 15288
15283 15289 15290
15283 15290 15284
15289 15283 15285
15291 15273 15292
15268 15278 15293
15294 15293 15278
15294 15278 15295
15296 15291 15297
15298 15299 15300
15299 15301 15302
15299 15302 15300
15276 15301 15299
15303 15304 15298
15303 15298 15300
15305 15304 15303
15305 15303 15306
15307 15308 15305
15309 15308 15307
15310 15311 15309
15305 15312 15304
15313 15314 15315
15316 15317 15313
15313 15315 15318
15319 15316 15313
15319 15313 15320
15312 15314 15317
15311 15315 15314
15311 15314 15308
15321 15322 15315
15321 15315 15311
15308 15314 15312
15308 15312 15305
15323 15320 15324
15325 15326 15323
15325 15323 15327
15328 15329 15325
15330 15331 15328
15330 15332 15331
15328 15331 15329
15313 15318 15320
15323 15326 15319
15323 15319 15320
15333 15325 15327
15325 15329 15326
15327 15324 15334
15335 15336 15334
15327 15336 15333
15333 15328 15325
15337 15324 15318
15338 15339 15337
15340 15335 15339
15341 15338 15342
15342 15337 15318
15342 15318 15343
15343 15344 15341
15343 15341 15342
15318 15322 15343
15345 15344 15343
15346 15345 15322
15346 15322 15321
15347 15348 15346
15346 15321 15349
15350 15349 15351
15350 15347 15349
15321 15310 15349
15310 15351 15349
15352 15307 15305
15352 15305 15306
15353 15309 15307
15353 15307 15352
15354 15310 15353
15351 15310 15355
15356 15302 15296
15357 15352 15306
15275 15293 15292
15358 15292 15293
15358 15293 15294
15274 15266 15275
15266 15268 15275
15359 15360 15358
15361 15359 15358
15361 15358 15294
15361 15294 15362
15363 15356 15296
15291 15292 15297
15292 15358 15297
15301 15291 15296
15301 15296 15302
15273 15291 15301
15276 15273 15301
15356 15303 15300
15356 15300 15302
15296 15297 15364
15296 15364 15363
15306 15365 15366
15306 15366 15357
15367 15353 15357
15368 15354 15353
15369 15367 15357
15369 15357 15366
15370 15367 15369
15365 15306 15303
15353 15371 15368
15372 15365 15303
15372 15303 15356
15373 15366 15365
15373 15365 15372
15374 15369 15366
15374 15366 15373
15375 15369 15374
15376 15372 15356
15376 15356 15363
15377 15373 15372
15377 15372 15376
15378 15374 15377
15375 15374 15379
15376 15363 15380
15381 15382 15383
15381 15383 15380
15383 15377 15380
15363 15364 15380
15360 15381 15380
15383 15378 15377
15377 15376 15380
15384 15381 15360
15384 15360 15359
15385 15381 15384
15386 15384 15359
15386 15359 15361
15387 15384 15386
15386 15388 15387
15387 15385 15384
15385 15382 15381
15389 15386 15361
15389 15361 15362
15390 15389 15391
15389 15362 15392
15389 15392 15391
15390 15388 15386
15390 15386 15389
15294 15295 15362
15295 15392 15362
15393 15290 15289
15284 15290 15392
15284 15392 15295
15393 15391 15392
15393 15392 15290
15284 15278 15277
15284 15295 15278
15322 15345 15343
15338 15340 15339
15334 15324 15339
15339 15324 15337
15271 15394 15282
15280 15281 15288
15264 15265 15272
15272 15394 15271
15279 15280 15286
15280 15287 15286
15280 15270 15271
15369 15395 15370
15370 15371 15367
15353 15367 15371
15375 15396 15369
15310 15309 15353
15201 15205 15241
15202 15203 15206
15191 15397 15204
15184 15236 15398
15242 15240 15256
15374 15399 15379
15369 15396 15395
15310 15354 15355
15253 15400 15265
15338 15337 15342
15336 15327 15334
15335 15334 15339
15273 15275 15292
15275 15268 15293
15268 15266 15262
15278 15268 15267
15310 15321 15311
15309 15311 15308
15315 15322 15318
15313 15317 15314
15345 15348 15344
15348 15345 15346
15347 15346 15349
15364 15360 15380
15297 15360 15364
15246 15258 15401
15258 15246 15245
15400 15259 15402
15247 15259 15400
15400 15402 15265
15247 15400 15253
15327 15323 15324
15320 15318 15324
15222 15246 15248
15248 15246 15401
15224 15222 15248
15248 15401 15260
15353 15352 15357
15360 15297 15358
15256 15244 15242
15201 15242 15244
15201 15244 15198
15184 15398 15190
15398 15403 15190
15190 15397 15191
15374 15373 15377
15378 15399 15374
15190 15403 15397
15166 15163 15162
15404 15405 15406
15404 15406 15407
15408 15404 15407
15408 15407 15409
15410 15408 15411
15405 15404 15412
15405 15412 15413
15408 15414 15412
15408 15412 15404
15415 15412 15414
15415 15414 15416
15410 15417 15414
15410 15414 15408
15418 15417 15410
15419 15420 15410
15419 15410 15411
15417 15421 15416
15417 15416 15414
15422 15423 15421
15422 15421 15417
15424 15425 15426
15427 15428 15429
15430 15427 15431
15432 15433 15434
15435 15436 15432
15435 15432 15434
15437 15438 15439
15440 15437 15441
15437 15440 15442
15443 15444 15445
15443 15445 15440
15446 15447 15441
15427 15429 15431
15425 15428 15448
15425 15448 15449
15450 15448 15427
15432 15450 15427
15451 15450 15432
15451 15432 15436
15452 15453 15438
15452 15438 15437
15454 15452 15437
15454 15437 15442
15455 15415 15416
15455 15416 15449
15456 15457 15448
15456 15448 15450
15451 15456 15450
15458 15456 15453
15459 15458 15452
15412 15415 15460
15412 15460 15413
15457 15461 15455
15462 15461 15457
15463 15462 15456
15463 15456 15458
15464 15463 15458
15464 15458 15459
15427 15448 15428
15439 15435 15465
15435 15466 15467
15435 15434 15466
15411 15408 15409
15442 15440 15445
15468 15441 15439
15441 15437 15439
15435 15439 15438
15435 15438 15436
15436 15438 15453
15436 15453 15451
15458 15453 15452
15453 15456 15451
15421 15425 15449
15421 15449 15416
15457 15455 15449
15457 15449 15448
15455 15461 15460
15469 15425 15421
15455 15460 15415
15462 15457 15456
15432 15427 15430
15432 15430 15433
15425 15424 15428
15428 15424 15429
15425 15469 15426
15469 15421 15470
15421 15423 15470
15417 15418 15422
15418 15410 15420
15440 15447 15443
15441 15447 15440
15441 15468 15446
15468 15439 15471
15439 15465 15471
15465 15435 15472
15435 15467 15472
15459 15452 15454
15473 15474 15475
15476 15477 15478
15479 15480 15481
15478 15477 15482
15478 15482 15483
15484 15485 15486
15487 15476 15480
15485 15484 15488
15489 15490 15491
15489 15491 15492
15493 15494 15495
15493 15495 15496
15497 15493 15496
15497 15496 15498
15490 15497 15498
15490 15498 15491
15499 15500 15501
15473 15475 15502
15503 15504 15505
15503 15505 15506
15507 15508 15509
15507 15509 15510
15511 15503 15512
15513 15514 15515
15504 15507 15505
15516 15517 15518
15519 15520 15521
15519 15521 15522
15523 15524 15525
15522 15521 15526
15522 15526 15527
15528 15529 15530
15526 15531 15527
15525 15524 15520
15525 15520 15519
15532 15533 15530
15534 15535 15536
15534 15536 15537
15538 15539 15540
15541 15542 15535
15541 15535 15543
15544 15534 15537
15544 15537 15518
15544 15545 15546
15544 15546 15547
15475 15548 15549
15475 15549 15550
15551 15483 15542
15551 15542 15541
15552 15536 15535
15552 15535 15542
15553 15475 15550
15553 15550 15554
15555 15548 15556
15557 15558 15559
15557 15559 15560
15559 15558 15539
15559 15539 15538
15557 15481 15480
15557 15480 15558
15558 15480 15476
15558 15476 15539
15552 15542 15483
15552 15483 15482
15545 15561 15546
15562 15530 15563
15564 15500 15565
15566 15492 15491
15566 15491 15567
15496 15495 15568
15496 15568 15569
15498 15496 15569
15498 15569 15570
15491 15498 15570
15491 15570 15567
15530 15495 15571
15530 15572 15573
15574 15530 15575
15500 15576 15577
15578 15522 15579
15580 15525 15581
15579 15522 15527
15579 15527 15582
15583 15500 15584
15525 15519 15585
15586 15500 15587
15588 15541 15543
15588 15543 15549
15547 15546 15589
15547 15589 15554
15590 15543 15535
15590 15535 15534
15591 15551 15541
15591 15541 15588
15547 15590 15534
15547 15534 15544
15553 15592 15593
15506 15505 15594
15506 15594 15595
15505 15510 15594
15515 15512 15545
15518 15515 15545
15518 15545 15544
15482 15596 15485
15482 15485 15552
15552 15485 15597
15552 15597 15536
15537 15597 15598
15599 15600 15601
15602 15478 15483
15602 15483 15551
15551 15591 15540
15551 15540 15602
15539 15476 15478
15539 15478 15602
15596 15482 15477
15596 15477 15603
15477 15476 15487
15596 15603 15604
15516 15518 15605
15597 15537 15536
15600 15555 15606
15600 15599 15540
15500 15577 15587
15500 15586 15565
15500 15564 15501
15500 15499 15584
15597 15488 15607
15485 15488 15597
15518 15517 15515
15537 15598 15608
15598 15597 15607
15605 15537 15608
15605 15518 15537
15515 15517 15513
15500 15583 15527
15527 15583 15582
15486 15485 15596
15486 15596 15604
15527 15531 15500
15500 15531 15576
15512 15514 15511
15515 15514 15512
15530 15574 15532
15530 15533 15572
15530 15562 15575
15530 15573 15528
15502 15475 15553
15553 15593 15609
15593 15592 15610
15502 15553 15609
15475 15474 15548
15556 15548 15611
15555 15556 15612
15548 15474 15611
15530 15571 15563
15530 15529 15495
15495 15529 15568
15571 15495 15494
15606 15555 15612
15600 15606 15601
15592 15613 15610
15613 15614 15615
15550 15549 15543
15550 15543 15590
15554 15550 15590
15554 15590 15547
15555 15588 15549
15555 15549 15548
15554 15589 15592
15554 15592 15553
15600 15591 15588
15600 15588 15555
15592 15614 15613
15538 15540 15599
15540 15539 15602
15600 15540 15591
15523 15525 15580
15505 15507 15510
15512 15506 15561
15512 15503 15506
15589 15561 15614
15561 15506 15614
15614 15595 15615
15614 15506 15595
15546 15561 15589
15477 15487 15616
15522 15578 15519
15477 15616 15603
15519 15578 15585
15487 15480 15479
15525 15585 15581
15479 15481 15617
15545 15512 15561
15589 15614 15592
14458 14380 14388
14379 14438 14380
14373 14372 14381
14542 14452 14543
14589 14542 14588
14416 14415 14458
14378 14380 14415
