byte offset: 0
first index: 0
index count: 16590
topology: trianglelist
format: DXGI_FORMAT_R16_UINT

0 1 2
3 1 0
0 2 4
5 3 0
6 1 7
6 7 8
1 9 10
1 10 7
8 7 11
11 7 10
4 2 12
4 12 13
3 5 14
3 14 15
13 12 16
13 16 17
15 14 18
15 18 19
16 20 17
18 21 19
20 22 17
18 23 21
17 22 24
17 24 13
23 18 14
23 14 25
24 26 13
14 27 25
26 28 29
30 4 26
26 4 13
29 31 30
29 30 26
27 5 32
14 5 27
33 27 34
28 35 29
34 36 33
29 35 37
29 37 31
36 34 38
36 38 39
37 40 41
37 42 31
41 42 37
43 44 39
45 46 38
39 46 43
40 47 41
43 48 44
49 50 51
49 51 47
52 53 54
48 52 54
55 51 50
53 52 56
30 31 57
32 38 34
32 34 27
58 38 32
31 59 57
58 45 38
60 61 42
41 60 42
46 62 63
46 63 43
60 64 61
61 64 65
62 66 63
67 66 62
47 60 41
43 63 48
47 51 60
63 52 48
55 60 51
52 63 56
55 68 60
63 69 56
68 70 64
68 64 60
69 63 66
69 66 71
72 73 74
72 64 70
72 70 73
74 75 72
72 75 65
65 64 72
76 77 78
78 77 71
78 71 66
78 79 76
67 79 78
78 66 67
42 61 59
4 30 57
58 32 5
45 62 46
0 4 57
58 5 0
80 81 82
80 82 83
84 85 86
84 86 87
88 82 81
88 81 89
83 82 90
83 90 91
85 92 93
85 93 86
94 90 82
94 82 88
95 91 90
95 90 96
92 97 98
92 98 93
99 96 90
99 90 94
100 95 96
100 96 101
97 102 103
97 103 98
104 101 96
104 96 99
105 100 101
105 101 106
103 102 107
103 107 108
104 109 106
104 106 101
110 105 106
110 106 111
108 107 112
108 112 113
109 114 111
109 111 106
115 110 111
115 111 116
113 112 117
113 117 118
114 119 116
114 116 111
120 115 116
120 116 121
117 122 123
117 123 118
119 124 121
119 121 116
125 120 121
125 121 126
123 122 127
123 127 128
124 129 126
124 126 121
130 125 126
130 126 131
128 127 132
128 132 133
129 134 131
129 131 126
130 131 135
130 135 136
137 133 132
137 132 138
135 131 134
135 134 139
140 137 138
140 138 141
139 142 143
139 143 135
135 143 144
135 144 136
142 145 146
142 146 143
147 140 141
147 141 148
143 146 149
143 149 144
148 150 147
149 146 151
146 145 151
152 153 154
152 154 155
156 153 152
157 158 159
160 155 154
160 154 161
162 163 158
161 154 164
161 164 165
166 167 168
166 168 163
164 154 153
164 153 169
156 169 153
165 164 170
170 171 165
167 172 173
167 173 168
169 174 170
169 170 164
171 170 175
175 176 171
177 178 179
177 179 180
170 174 181
170 181 175
182 183 184
185 186 184
184 186 182
187 188 189
183 182 190
191 192 183
190 191 183
193 194 175
193 175 181
195 196 188
194 197 176
194 176 175
178 198 179
197 194 199
197 199 200
198 201 202
198 202 203
194 193 204
194 204 199
203 202 205
203 205 196
200 199 206
200 206 207
201 208 209
201 209 202
199 204 210
199 210 206
202 209 211
202 211 205
207 206 212
207 212 213
208 214 215
208 215 209
206 210 216
206 216 212
209 215 217
209 217 211
212 218 219
212 219 213
214 220 221
214 221 215
219 218 222
219 222 223
220 224 225
220 225 221
212 216 226
212 226 218
218 226 227
218 227 222
228 217 215
228 215 221
221 225 229
221 229 228
222 230 231
222 231 223
224 232 233
224 233 225
231 230 234
231 234 235
232 236 237
232 237 233
222 227 238
222 238 230
230 238 239
230 239 234
240 229 225
240 225 233
233 237 241
233 241 240
234 242 235
236 243 237
242 234 239
243 241 237
163 244 159
168 245 244
182 246 190
247 248 249
249 245 247
250 191 190
250 190 251
247 252 253
247 253 254
252 247 245
245 255 252
246 256 251
246 251 190
248 247 254
248 254 257
258 250 251
258 251 259
254 253 260
254 260 261
259 251 256
259 256 262
257 254 261
257 261 263
264 258 259
264 259 265
261 260 266
261 266 267
259 262 268
259 268 265
263 261 267
263 267 269
270 264 265
270 265 271
267 266 272
267 272 273
271 265 268
271 268 274
269 267 273
269 273 275
276 270 271
276 271 277
273 272 278
273 278 279
277 271 274
277 274 280
275 273 279
275 279 281
282 276 277
282 277 283
279 278 284
279 284 285
283 277 280
283 280 286
281 279 285
281 285 287
288 282 283
288 283 289
285 284 290
285 290 291
289 283 286
289 286 292
287 285 291
287 291 293
289 294 295
289 295 288
294 289 292
294 292 296
291 290 297
291 297 298
293 291 298
293 298 299
296 300 294
298 297 301
298 301 299
300 295 294
302 173 255
180 179 195
180 195 187
195 179 203
303 304 305
306 307 304
304 303 306
308 309 307
307 306 308
309 308 310
309 310 311
311 310 312
311 312 313
312 314 315
312 315 313
315 314 316
315 316 317
317 316 318
317 318 319
319 318 320
319 320 321
322 323 321
321 324 322
325 326 327
325 327 328
323 322 329
323 329 330
303 331 306
306 331 308
331 332 308
310 308 332
310 332 333
312 310 333
312 333 334
314 312 334
314 334 335
316 314 335
316 335 336
336 337 318
336 318 316
318 337 320
338 339 337
320 339 324
338 340 339
339 340 341
339 341 342
343 324 342
341 344 343
341 343 342
343 345 324
329 322 324
324 345 329
346 329 345
346 345 347
346 348 330
346 330 329
347 345 343
347 343 349
343 344 350
343 350 349
351 352 353
351 353 354
355 352 351
355 351 356
354 357 358
354 358 351
357 328 327
357 327 358
327 326 359
327 359 360
359 361 362
359 362 360
348 346 363
348 363 364
360 365 358
360 358 327
358 365 356
358 356 351
366 355 356
366 356 367
349 350 368
349 368 369
367 356 365
367 365 370
370 365 360
370 360 362
361 371 372
361 372 362
373 364 363
373 363 374
362 372 375
362 375 370
370 375 376
370 376 367
367 376 377
367 377 366
368 378 379
368 379 369
349 369 380
349 380 347
347 380 363
347 363 346
369 379 381
369 381 380
380 381 374
380 374 363
374 381 382
374 382 383
381 379 384
381 384 382
382 385 383
384 385 382
386 387 385
388 389 390
386 385 391
390 392 393
390 393 394
394 388 390
383 395 373
383 373 374
372 371 396
383 387 395
396 389 388
396 388 397
396 397 372
385 387 383
384 391 385
379 378 398
379 398 384
377 376 399
377 399 400
398 391 384
400 399 393
400 393 392
375 399 376
399 401 394
399 394 393
375 401 399
397 375 372
397 401 375
397 388 394
397 394 401
354 353 402
403 404 405
403 405 406
406 405 407
406 407 408
406 409 410
408 409 406
410 403 406
411 412 413
411 413 414
414 413 415
414 415 416
417 418 413
413 418 415
413 412 417
418 419 415
408 420 409
421 422 404
421 404 403
403 410 423
403 423 421
424 425 412
424 412 411
426 417 412
412 425 426
427 428 422
427 422 421
421 423 429
421 429 427
430 431 425
430 425 424
432 426 425
425 431 432
433 428 427
427 429 433
434 431 430
435 436 437
435 437 433
433 438 439
433 439 435
440 441 442
440 442 434
443 444 436
443 436 435
435 439 445
435 445 443
446 447 441
446 441 440
448 449 444
448 444 443
443 445 450
443 450 448
451 452 447
451 447 446
453 454 449
453 449 448
448 450 455
448 455 453
456 457 452
456 452 451
458 459 454
458 454 453
453 455 460
453 460 458
461 462 457
461 457 456
463 464 459
463 459 458
458 460 465
458 465 463
466 467 462
466 462 461
468 469 464
468 464 463
463 465 470
463 470 468
471 472 467
471 467 466
473 474 469
473 469 468
468 470 475
468 475 473
476 477 472
476 472 471
478 479 474
478 474 473
473 475 480
473 480 478
481 482 477
481 477 476
483 479 478
478 480 483
484 482 481
485 486 415
485 415 419
420 408 487
420 487 488
486 489 416
486 416 415
487 408 407
407 490 487
491 487 490
489 486 492
489 492 493
490 494 491
491 495 488
491 488 487
496 492 486
496 486 485
495 491 497
495 497 498
499 500 492
499 492 496
491 494 501
491 501 497
493 492 500
493 500 502
503 504 498
503 498 497
497 501 505
497 505 503
499 506 507
499 507 500
500 508 502
509 510 504
509 504 503
503 505 511
503 511 509
512 513 507
512 507 506
500 507 508
508 507 514
507 513 514
515 516 514
515 514 513
513 512 517
513 517 515
518 519 509
518 509 511
510 509 519
510 519 520
520 519 521
522 515 517
519 518 521
516 515 522
523 524 525
523 525 526
526 525 527
526 527 528
529 530 531
529 531 532
533 534 530
533 530 529
525 524 535
525 535 536
536 537 527
536 527 525
538 531 530
538 530 539
539 530 534
539 534 540
527 541 542
527 542 528
533 543 544
533 544 534
541 545 546
541 546 542
543 547 548
543 548 544
545 549 550
545 550 546
547 551 548
549 552 553
549 553 550
551 554 555
551 555 548
554 556 557
554 557 558
552 559 553
554 558 555
552 560 559
537 561 541
537 541 527
561 562 545
561 545 541
562 563 549
562 549 545
563 564 552
563 552 549
564 565 560
564 560 552
534 544 540
544 548 566
544 566 540
548 555 567
548 567 566
555 558 568
555 568 567
558 557 569
558 569 568
557 570 569
557 556 571
559 560 572
560 565 572
570 557 571
573 574 575
573 575 576
577 578 579
577 579 580
576 581 582
576 582 573
578 577 583
578 583 584
574 585 586
574 586 575
580 579 587
580 587 588
581 589 590
581 590 582
584 583 591
584 591 592
589 593 594
589 594 590
592 591 595
592 595 596
593 597 598
593 598 594
596 595 599
596 599 600
597 601 602
597 602 598
600 599 603
600 603 604
601 605 602
604 603 606
604 606 607
605 608 609
607 606 610
607 610 611
608 612 613
611 610 614
611 614 615
612 616 617
615 614 618
615 618 619
616 620 621
619 618 622
619 622 623
624 625 620
623 622 626
627 628 624
629 630 631
620 627 624
626 632 623
627 633 628
630 634 635
630 635 631
633 636 637
634 638 639
634 639 635
636 640 641
638 642 643
638 643 639
640 644 645
642 646 647
642 647 643
644 648 649
646 650 651
646 651 647
648 652 653
648 653 654
650 655 656
650 656 651
652 657 658
652 658 653
655 659 660
655 660 656
657 661 662
657 662 658
659 663 664
659 664 660
661 665 666
661 666 662
663 667 668
663 668 664
665 669 670
665 670 666
667 671 672
667 672 668
669 673 674
669 674 670
671 675 676
671 676 672
677 674 673
677 673 678
675 679 680
675 680 676
620 616 627
616 612 633
612 608 636
608 605 640
605 601 644
601 597 648
597 593 657
597 657 652
593 589 661
593 661 657
589 581 665
589 665 661
581 576 669
581 669 665
576 575 673
576 673 669
678 673 575
678 575 586
585 681 682
585 682 586
588 587 683
588 683 684
681 685 686
681 686 682
684 683 687
684 687 688
586 682 689
586 689 678
682 686 690
682 690 689
678 689 691
678 691 677
689 690 692
689 692 691
679 693 694
679 694 680
693 695 696
693 696 694
687 683 697
687 697 698
699 697 683
699 683 587
587 579 700
587 700 699
700 579 578
700 578 701
578 584 702
578 702 701
584 592 703
584 703 702
592 596 704
592 704 703
596 600 705
596 705 704
705 600 604
705 604 706
706 604 607
706 607 707
707 607 611
707 611 708
708 611 615
708 615 709
709 615 619
709 619 710
710 619 623
710 623 632
616 633 627
612 636 633
608 640 636
605 644 640
601 648 644
597 652 648
636 641 637
633 637 628
640 645 641
644 649 645
648 654 649
620 625 621
616 621 617
612 617 613
608 613 609
605 609 602
711 712 713
714 715 716
714 716 717
715 718 719
715 719 716
718 720 721
718 721 719
720 722 723
723 721 720
722 724 723
725 726 724
726 727 728
728 729 726
726 730 731
732 733 715
732 715 714
733 734 718
733 718 715
718 734 735
718 735 720
722 720 735
722 735 736
736 737 722
737 727 725
727 738 728
739 740 733
739 733 732
733 740 741
733 741 734
735 734 741
735 741 742
735 742 743
735 743 736
736 744 737
736 743 745
736 745 744
746 727 744
747 746 744
744 745 747
746 748 738
746 738 727
747 749 746
746 749 750
751 752 753
754 755 740
754 740 739
755 756 741
755 741 740
756 757 742
756 742 741
757 743 742
758 745 743
759 747 745
760 749 747
749 761 762
749 762 750
763 761 749
762 761 764
762 764 765
766 767 768
766 768 769
770 771 769
772 764 761
773 765 764
773 764 774
767 775 768
776 777 774
776 774 764
778 738 748
751 779 752
780 781 738
781 729 728
782 783 784
729 785 786
786 787 729
788 773 774
788 774 789
790 775 791
790 791 792
775 790 768
777 793 789
777 789 774
794 788 789
794 789 795
792 791 796
792 796 797
793 798 795
793 795 789
799 794 795
799 795 800
796 801 802
796 802 797
798 803 800
798 800 795
799 800 804
801 805 802
803 804 800
805 806 802
807 780 778
808 809 779
751 808 779
810 811 780
812 783 782
783 812 712
783 712 813
814 815 816
817 786 785
814 816 818
808 819 809
810 820 811
713 712 812
812 821 713
712 822 813
711 822 712
821 823 824
810 825 820
824 713 821
825 826 827
825 827 828
823 829 824
810 826 825
828 827 830
828 830 831
829 832 833
833 834 829
829 834 824
830 835 831
832 836 833
837 838 835
836 839 840
830 837 835
836 840 833
837 841 838
839 842 840
810 843 826
844 845 809
819 844 809
826 846 827
847 848 845
844 847 845
849 827 846
850 851 848
847 850 848
841 830 849
852 842 851
850 852 851
841 837 830
852 840 842
797 853 854
797 854 792
853 797 802
853 802 806
792 854 855
792 855 790
855 856 768
768 790 855
856 857 768
857 858 769
857 769 768
858 859 860
860 770 858
858 770 769
859 861 862
862 860 859
861 863 864
861 864 862
864 863 865
864 865 866
865 867 868
865 868 866
869 870 731
731 730 869
870 724 731
870 871 872
873 871 870
874 875 876
724 872 723
877 878 872
723 879 721
879 878 880
880 881 879
871 877 872
882 883 873
884 885 886
887 886 888
887 888 889
887 889 890
730 787 891
730 891 892
893 894 876
893 876 875
895 896 893
895 893 875
897 895 875
898 899 900
786 817 901
786 901 787
787 901 902
787 902 891
903 904 905
903 905 900
904 906 907
907 905 904
817 908 909
817 909 901
910 911 818
818 816 910
901 909 912
901 912 902
909 908 913
909 913 914
910 915 911
914 913 916
914 916 917
918 919 915
915 910 918
916 920 921
916 921 917
922 923 919
919 918 922
921 920 924
925 923 926
927 921 924
928 927 924
925 926 929
925 929 930
912 909 914
912 914 931
932 933 934
935 906 932
934 935 932
931 914 917
931 917 936
933 937 938
938 934 933
936 917 921
936 921 939
937 940 941
937 941 938
939 921 927
939 927 942
940 943 941
942 927 928
943 929 941
930 929 943
922 926 923
882 944 945
889 946 947
889 947 890
948 949 945
948 945 944
894 893 950
894 950 951
946 952 953
953 947 946
896 954 950
896 950 893
949 948 955
949 955 956
952 957 958
952 958 953
951 950 959
951 959 960
954 961 959
954 959 950
960 959 962
960 962 963
956 955 964
956 964 965
961 966 962
961 962 959
965 964 967
965 967 968
962 969 970
962 970 963
968 967 971
968 971 972
969 973 974
969 974 970
971 975 972
973 976 974
977 978 979
973 980 976
957 981 982
957 982 958
981 983 984
984 982 981
983 978 977
983 977 984
973 969 985
973 985 980
969 962 966
969 966 985
897 986 895
987 988 989
987 989 990
717 716 988
717 988 987
991 992 993
991 993 994
995 989 988
995 988 996
994 997 998
994 998 991
716 719 996
716 996 988
880 995 996
880 996 881
997 999 1000
997 1000 998
719 721 881
719 881 996
867 1001 1002
867 1002 868
1001 1003 1004
1001 1004 1002
866 868 1005
1000 1005 998
1005 1006 998
868 1006 1005
1007 1008 1002
1007 1002 1004
1008 1006 868
1008 868 1002
998 1006 1008
998 1008 991
991 1008 1007
991 1007 992
1009 1000 1010
1005 864 866
1005 1009 1011
884 1012 1009
884 1009 1010
1009 1012 1013
1009 1013 1011
864 1011 1013
864 1013 862
1012 884 898
898 1014 1012
1015 860 862
862 1013 1015
1013 1014 1015
1016 986 897
1015 770 860
1017 1014 898
898 900 1017
1018 1019 1020
1018 1020 1021
1022 1019 1018
1020 808 751
771 770 1015
751 1021 1020
1023 1017 900
900 905 1023
1022 813 1019
1019 813 822
1019 822 808
808 1020 1019
815 1017 1023
815 1023 1024
819 808 822
711 819 822
711 844 819
711 847 844
1025 850 847
711 1025 847
711 713 1025
713 824 1025
834 852 850
1025 834 850
833 840 852
834 833 852
1025 824 834
1026 1023 905
905 907 1026
1023 1026 816
816 1026 1027
1027 910 816
1027 1026 907
1027 907 935
910 1027 1028
910 1028 918
1027 935 934
934 1028 1027
938 1028 934
922 918 1028
938 922 1028
926 922 938
926 938 941
926 941 929
787 730 729
1029 1030 1031
1029 1031 1032
1033 1034 1030
1033 1030 1029
1035 1036 1037
1035 1037 1038
1031 1030 1039
1039 1040 1031
1038 1041 1042
1038 1042 1035
1034 1039 1030
1040 1039 1043
1040 1043 1044
1041 1045 1046
1041 1046 1042
1043 1047 1044
1045 1048 1049
1045 1049 1046
1050 1051 1052
1053 1050 1052
1053 1052 1054
1050 1053 1055
1055 1051 1050
1052 1034 1056
1052 1056 1054
1039 1034 1052
1051 1039 1052
1034 1033 1057
1034 1057 1056
1043 1051 1058
1043 1058 1059
1043 1059 1047
1039 1051 1043
1055 1058 1051
1060 1061 1062
1055 1060 1063
1055 1063 1058
1063 1064 1059
1063 1059 1058
1059 1064 1065
1065 1047 1059
1048 1066 1067
1067 1049 1048
1068 1060 1062
1062 1069 1068
1070 1071 1063
1070 1063 1060
1063 1071 1072
1063 1072 1064
1064 1072 1073
1073 1065 1064
1066 1074 1075
1075 1067 1066
1062 1076 1077
1062 1077 1069
1076 1061 1053
1076 1053 1078
1053 1054 1079
1053 1079 1078
1054 1056 1080
1054 1080 1079
1056 1057 1081
1081 1080 1056
1082 1083 1084
1082 1084 1085
1084 1086 1087
1084 1087 1085
1086 1088 1089
1086 1089 1087
1088 1090 1091
1091 1089 1088
1090 1092 1093
1093 1091 1090
1094 1095 1068
1068 1069 1094
1096 1071 1070
1071 1097 1098
1071 1098 1072
1072 1098 1073
1074 1099 1100
1100 1075 1074
1069 1077 1101
1101 1102 1069
1103 1104 1083
1083 1082 1103
1105 1106 1107
1105 1107 1108
1109 1098 1097
1109 1097 1110
1105 1111 1112
1113 1106 1105
1105 1112 1113
1114 1115 1116
1099 1117 1118
1118 1100 1099
1119 1116 1115
1108 1107 1120
1108 1120 1121
1117 1122 1123
1123 1118 1117
1124 1125 1119
1121 1120 1126
1121 1126 1127
1122 1128 1123
1129 1130 1124
1127 1126 1131
1127 1131 1132
1128 1133 1134
1135 1136 1129
1131 1137 1132
1133 1138 1139
1135 1140 1141
1140 1142 1143
1144 1145 1146
1147 1148 1149
1150 1148 1137
1131 1150 1137
1138 1145 1151
1138 1151 1139
1096 1152 1110
1096 1110 1097
1109 1110 1153
1109 1153 1154
1110 1152 1155
1110 1155 1153
1153 1156 1157
1153 1157 1154
1153 1155 1158
1153 1158 1156
1156 1158 1159
1156 1159 1160
1156 1160 1161
1156 1161 1157
1160 1159 1162
1160 1162 1163
1160 1163 1164
1160 1164 1161
1162 1165 1163
1163 1165 1166
1163 1166 1164
1167 1168 1165
1165 1168 1166
1162 1167 1165
1169 1170 1171
1171 1172 1169
1162 1173 1167
1171 1170 1174
1171 1174 1175
1176 1173 1162
1176 1162 1159
1175 1174 1177
1175 1177 1178
1179 1176 1159
1159 1158 1179
1177 1180 1178
1172 1171 1175
1172 1175 1181
1181 1175 1178
1181 1178 1182
1182 1178 1183
1182 1183 1184
1185 1186 1184
1184 1183 1185
1187 1188 1111
1187 1111 1186
1185 1187 1186
1188 1112 1111
1095 1152 1096
1189 1155 1152
1190 1158 1155
1190 1191 1158
1158 1191 1179
1095 1192 1189
1193 1192 1095
1094 1194 1095
1190 1189 1192
1192 1195 1190
1196 1197 1198
1199 1196 1198
1192 1193 1200
1198 1201 1202
1202 1199 1198
1190 1195 1191
1185 1203 1197
1197 1187 1185
1196 1187 1197
1183 1180 1203
1203 1185 1183
1180 1183 1178
1196 1199 1188
1188 1187 1196
1193 1194 1204
1193 1204 1200
1094 1102 1194
1101 1205 1102
1102 1205 1206
1206 1207 1102
1208 1209 1210
1205 1211 1206
1210 1212 1208
1104 1103 1213
1194 1207 1214
1214 1215 1194
1216 1217 1218
1219 1220 1207
1207 1206 1219
1221 1218 1217
1220 1219 1222
1222 1223 1220
1224 1225 1226
1224 1226 1227
1217 1228 1229
1217 1230 1221
1231 1215 1214
1215 1231 1232
1232 1204 1215
1230 1233 1221
1234 1200 1204
1232 1235 1204
1204 1235 1234
1201 1236 1237
1211 1238 1219
1211 1219 1206
1212 1239 1240
1212 1240 1241
1210 1239 1212
1222 1219 1238
1222 1238 1242
1240 1243 1241
1235 1244 1234
1236 1245 1246
1236 1246 1247
1244 1248 1249
1244 1249 1250
1245 1251 1252
1245 1252 1246
1235 1248 1244
1249 1253 1250
1251 1254 1252
1249 1255 1253
1254 1256 1257
1257 1252 1254
1258 1259 1232
1260 1261 1262
1260 1262 1233
1263 1264 1259
1261 1265 1262
1248 1264 1255
1248 1255 1249
1266 1257 1256
1266 1256 1265
1264 1248 1259
1261 1266 1265
1235 1232 1259
1235 1259 1248
1242 1267 1268
1242 1268 1222
1223 1222 1268
1223 1268 1269
1267 1270 1271
1267 1271 1268
1269 1268 1271
1269 1271 1272
1270 1273 1274
1270 1274 1271
1272 1271 1274
1272 1274 1275
1273 1276 1274
1274 1276 1275
1277 1278 1279
1280 1281 1243
1282 1283 1284
1284 1281 1282
1283 1282 1279
1283 1279 1278
1285 1286 1280
1280 1287 1285
1286 1282 1281
1240 1288 1287
1280 1240 1287
1240 1239 1288
1288 1239 1210
1289 1290 1229
1131 1291 1150
1292 1291 1131
1292 1131 1126
1293 1292 1126
1293 1126 1120
1293 1107 1294
1294 1106 1295
1106 1296 1297
1106 1297 1295
1296 1298 1299
1296 1299 1297
1113 1296 1106
1300 1298 1301
1300 1301 1302
1300 1302 1303
1304 1305 1306
1304 1306 1307
1306 1305 1308
1306 1308 1309
1309 1308 1303
1309 1303 1302
1310 1113 1112
1188 1310 1112
1298 1296 1113
1311 1298 1113
1312 1311 1113
1310 1312 1113
1298 1311 1301
1311 1312 1313
1301 1311 1314
1301 1314 1315
1199 1310 1188
1313 1310 1199
1199 1290 1316
1199 1316 1313
1313 1316 1314
1316 1290 1213
1213 1103 1316
1082 1316 1103
1082 1314 1316
1082 1085 1315
1082 1315 1314
1237 1229 1202
1246 1252 1257
1246 1257 1266
1089 1317 1318
1089 1318 1087
1315 1085 1087
1087 1318 1315
1302 1301 1315
1302 1315 1318
1302 1318 1317
1302 1317 1309
1319 1320 1091
1319 1091 1093
1091 1320 1317
1091 1317 1089
1317 1320 1306
1317 1306 1309
1320 1319 1307
1320 1307 1306
1321 1322 1323
1321 1323 1324
1325 1326 1327
1325 1327 1328
1329 1330 1331
1329 1331 1332
1333 1334 1335
1321 1324 1336
1321 1336 1337
1329 1338 1339
1329 1339 1330
1340 1341 1342
1340 1342 1343
1337 1336 1342
1337 1342 1341
1344 1345 1346
1347 1348 1349
1347 1349 1350
1338 1347 1350
1338 1350 1339
1351 1352 1353
1344 1354 1355
1343 1356 1340
1357 1358 1353
1348 1359 1360
1348 1360 1349
1361 1356 1362
1361 1362 1363
1358 1364 1365
1359 1366 1367
1359 1367 1360
1368 1369 1370
1368 1370 1371
1368 1363 1362
1368 1362 1369
1372 1373 1374
1375 1376 1377
1378 1379 1380
1378 1380 1381
1379 1378 1367
1379 1367 1366
1377 1382 1375
1371 1370 1383
1371 1383 1384
1385 1386 1387
1388 1389 1376
1381 1380 1390
1381 1390 1391
1384 1383 1392
1384 1392 1393
1386 1394 1395
1386 1395 1396
1397 1398 1399
1397 1399 1389
1391 1390 1400
1391 1400 1401
1394 1402 1403
1394 1403 1395
1393 1392 1404
1393 1404 1405
1398 1406 1399
1400 1407 1401
1405 1404 1408
1405 1408 1409
1402 1410 1403
1411 1412 1413
1411 1413 1406
1414 1407 1415
1414 1415 1416
1398 1411 1406
1407 1414 1401
1408 1417 1409
1410 1418 1419
1419 1403 1410
1412 1420 1413
1415 1421 1416
1417 1408 1422
1417 1422 1423
1418 1424 1419
1420 1412 1425
1421 1426 1416
1343 1427 1356
1427 1428 1429
1430 1431 1432
1431 1433 1434
1435 1431 1436
1436 1437 1435
1431 1430 1438
1431 1438 1436
1430 1427 1438
1427 1343 1342
1342 1438 1427
1436 1438 1439
1436 1439 1440
1438 1342 1336
1336 1439 1438
1439 1441 1442
1439 1442 1440
1439 1336 1324
1324 1441 1439
1441 1443 1444
1441 1444 1442
1441 1324 1443
1324 1323 1443
1360 1445 1349
1446 1447 1445
1448 1437 1449
1450 1451 1437
1452 1449 1437
1437 1436 1452
1452 1445 1449
1452 1350 1445
1452 1436 1440
1452 1440 1453
1339 1350 1452
1452 1453 1339
1440 1442 1454
1440 1454 1453
1330 1339 1453
1453 1454 1330
1442 1444 1455
1442 1455 1454
1455 1330 1454
1455 1331 1330
1456 1457 1458
1459 1460 1461
1458 1346 1345
1345 1462 1458
1352 1351 1461
1461 1463 1352
1462 1345 1464
1357 1352 1464
1357 1464 1465
1466 1467 1355
1357 1468 1364
1467 1469 1470
1470 1468 1467
1471 1472 1473
1473 1474 1471
1466 1372 1374
1471 1475 1472
1476 1434 1433
1451 1450 1477
1478 1479 1480
1434 1481 1482
1434 1482 1432
1450 1448 1483
1428 1484 1485
1428 1485 1429
1447 1446 1486
1487 1488 1447
1489 1490 1491
1447 1486 1487
1429 1485 1362
1429 1362 1356
1486 1446 1360
1486 1360 1367
1492 1493 1494
1495 1496 1478
1476 1497 1481
1478 1480 1495
1480 1498 1495
1499 1500 1501
1483 1502 1503
1483 1503 1477
1504 1505 1494
1504 1494 1493
1506 1496 1495
1506 1495 1507
1508 1504 1493
1506 1509 1496
1510 1495 1498
1500 1499 1511
1500 1512 1474
1513 1512 1500
1514 1515 1516
1511 1513 1500
1497 1517 1518
1497 1518 1519
1503 1502 1520
1510 1507 1495
1519 1482 1481
1483 1521 1522
1483 1522 1502
1523 1485 1484
1482 1519 1524
1525 1526 1527
1484 1528 1523
1488 1487 1529
1488 1529 1530
1490 1531 1491
1532 1531 1490
1533 1532 1490
1534 1382 1535
1485 1523 1369
1485 1369 1362
1536 1486 1367
1536 1367 1378
1486 1536 1529
1486 1529 1487
1475 1471 1512
1512 1537 1475
1538 1539 1540
1471 1474 1512
1516 1470 1469
1469 1541 1516
1502 1522 1542
1502 1542 1543
1502 1543 1520
1519 1518 1544
1519 1544 1524
1531 1532 1545
1531 1545 1546
1547 1527 1526
1526 1387 1547
1548 1387 1526
1544 1549 1524
1528 1550 1551
1528 1551 1523
1523 1551 1370
1523 1370 1369
1383 1370 1551
1383 1551 1552
1552 1551 1550
1552 1550 1553
1547 1387 1554
1387 1548 1555
1387 1555 1385
1555 1548 1374
1556 1557 1539
1392 1383 1552
1392 1552 1558
1558 1552 1553
1558 1553 1559
1554 1396 1560
1404 1392 1558
1404 1558 1561
1561 1558 1559
1561 1559 1562
1560 1395 1563
1419 1424 1403
1562 1423 1422
1562 1422 1561
1561 1422 1408
1561 1408 1404
1564 1565 1544
1564 1544 1518
1566 1557 1567
1564 1518 1517
1564 1517 1568
1505 1504 1569
1570 1516 1541
1541 1571 1570
1572 1564 1568
1572 1568 1573
1572 1574 1565
1572 1565 1564
1575 1576 1566
1577 1578 1569
1577 1569 1576
1572 1573 1579
1579 1580 1572
1581 1574 1572
1572 1580 1581
1582 1577 1575
1583 1584 1578
1583 1578 1577
1580 1579 1585
1585 1586 1580
1580 1586 1581
1587 1583 1582
1586 1588 1581
1589 1590 1584
1589 1584 1583
1586 1585 1591
1591 1588 1586
1592 1589 1587
1592 1590 1589
1537 1512 1593
1516 1570 1514
1594 1595 1570
1594 1570 1596
1597 1507 1510
1510 1598 1597
1507 1597 1599
1507 1599 1506
1600 1596 1571
1597 1601 1602
1597 1602 1599
1597 1598 1601
1603 1604 1600
1594 1596 1605
1598 1606 1601
1601 1607 1608
1601 1608 1602
1607 1601 1606
1607 1606 1609
1610 1604 1603
1605 1604 1611
1605 1611 1612
1613 1608 1607
1607 1609 1613
1614 1611 1610
1614 1612 1611
1520 1543 1615
1520 1615 1616
1617 1513 1511
1511 1618 1617
1543 1542 1619
1543 1619 1615
1546 1545 1620
1546 1620 1621
1593 1513 1622
1513 1617 1622
1623 1616 1615
1615 1619 1624
1615 1624 1625
1615 1625 1623
1618 1626 1627
1618 1627 1617
1617 1627 1628
1617 1628 1622
1629 1621 1620
1629 1630 1621
1631 1623 1625
1625 1624 1632
1625 1632 1631
1633 1627 1626
1633 1634 1627
1635 1628 1627
1627 1634 1635
1636 1630 1629
1636 1637 1630
1638 1631 1632
1637 1636 1639
1640 1634 1633
1640 1635 1634
1641 1425 1411
1398 1641 1411
1416 1426 1642
1416 1642 1414
1398 1643 1641
1642 1644 1645
1645 1414 1642
1643 1398 1646
1644 1647 1648
1644 1648 1645
1646 1397 1649
1647 1650 1651
1647 1651 1648
1534 1649 1388
1388 1375 1534
1650 1530 1529
1651 1650 1529
1651 1529 1536
1651 1536 1378
1651 1378 1381
1651 1381 1391
1651 1391 1648
1645 1648 1391
1645 1391 1401
1645 1401 1414
1335 1460 1333
1497 1519 1481
1470 1515 1468
1512 1513 1593
1476 1481 1434
1450 1483 1477
1447 1449 1445
1448 1450 1437
1427 1430 1428
1451 1435 1437
1431 1434 1432
1431 1435 1433
1425 1412 1411
1375 1388 1376
1388 1397 1389
1333 1652 1334
1448 1521 1483
1653 1654 1655
1656 1657 1654
1653 1656 1654
1658 1659 1657
1656 1658 1657
1660 1661 1659
1658 1660 1659
1662 1663 1661
1661 1660 1662
1662 1664 1665
1662 1665 1663
1664 1666 1667
1664 1667 1665
1666 1668 1669
1666 1669 1667
1669 1668 1670
1669 1670 1671
1671 1670 1672
1671 1672 1673
1672 1674 1673
1672 1675 1674
1674 1675 1676
1672 1677 1678
1672 1678 1675
1675 1678 1679
1679 1680 1675
1675 1680 1676
1681 1682 1683
1670 1684 1677
1670 1677 1672
1668 1685 1684
1668 1684 1670
1666 1686 1685
1666 1685 1668
1664 1687 1686
1664 1686 1666
1662 1688 1687
1662 1687 1664
1660 1689 1688
1660 1688 1662
1660 1658 1690
1660 1690 1689
1690 1658 1656
1690 1656 1691
1692 1691 1656
1656 1653 1692
1653 1693 1692
1680 1679 1694
1680 1694 1695
1680 1695 1696
1680 1696 1676
1697 1682 1681
1697 1681 1698
1694 1699 1700
1694 1700 1695
1695 1700 1701
1701 1696 1695
1700 1699 1702
1702 1703 1700
1700 1703 1701
1704 1705 1706
1704 1706 1707
1708 1704 1707
1709 1703 1702
1705 1710 1706
1709 1711 1703
1703 1711 1712
1703 1712 1701
1713 1711 1709
1705 1714 1710
1710 1714 1715
1715 1716 1710
1711 1717 1712
1718 1719 1717
1718 1717 1711
1713 1718 1711
1697 1698 1720
1697 1720 1721
1721 1720 1722
1721 1722 1723
1724 1725 1723
1723 1722 1726
1726 1724 1723
1722 1727 1726
1727 1728 1729
1727 1729 1730
1730 1731 1726
1724 1726 1731
1724 1731 1732
1726 1727 1730
1732 1733 1725
1714 1734 1715
1724 1732 1725
1732 1735 1733
1733 1735 1736
1734 1737 1738
1734 1738 1739
1734 1739 1715
1740 1735 1732
1740 1732 1741
1735 1742 1743
1740 1744 1742
1740 1742 1735
1743 1736 1735
1732 1731 1745
1732 1745 1741
1731 1730 1745
1729 1746 1730
1736 1743 1747
1748 1749 1737
1750 1743 1742
1750 1742 1751
1743 1752 1747
1743 1750 1753
1743 1753 1752
1747 1752 1754
1748 1755 1756
1748 1756 1757
1757 1749 1748
1752 1753 1758
1752 1758 1754
1754 1758 1759
1755 1760 1761
1755 1761 1756
1762 1763 1751
1763 1750 1751
1763 1764 1753
1763 1753 1750
1753 1765 1758
1758 1765 1766
1758 1766 1759
1765 1767 1766
1767 1768 1766
1769 1768 1767
1770 1771 1760
1761 1760 1771
1772 1773 1696
1772 1696 1701
1772 1701 1712
1772 1712 1774
1774 1712 1717
1717 1775 1774
1749 1757 1776
1777 1775 1717
1777 1717 1719
1757 1778 1776
1738 1776 1779
1738 1779 1780
1780 1781 1739
1780 1739 1738
1776 1778 1782
1776 1782 1779
1783 1777 1719
1783 1719 1784
1713 1785 1786
1713 1786 1718
1715 1739 1716
1716 1739 1781
1718 1786 1784
1718 1784 1719
1787 1788 1744
1789 1787 1744
1744 1740 1789
1788 1787 1790
1791 1792 1793
1787 1789 1794
1787 1794 1795
1795 1790 1787
1740 1741 1796
1740 1796 1789
1789 1796 1797
1789 1797 1794
1796 1741 1745
1796 1745 1798
1798 1745 1746
1798 1746 1799
1730 1746 1745
1800 1801 1802
1800 1802 1803
1796 1798 1804
1796 1804 1797
1798 1799 1805
1805 1804 1798
1803 1802 1806
1803 1806 1807
1808 1794 1797
1808 1797 1809
1808 1795 1794
1797 1804 1809
1804 1805 1810
1811 1807 1806
1811 1806 1812
1813 1779 1782
1783 1784 1814
1815 1780 1779
1813 1815 1779
1784 1786 1816
1784 1816 1814
1786 1785 1817
1817 1816 1786
1781 1818 1819
1781 1819 1820
1821 1822 1814
1821 1814 1816
1821 1816 1817
1821 1817 1823
1824 1825 1815
1824 1815 1813
1819 1818 1826
1819 1826 1827
1818 1781 1780
1815 1818 1780
1825 1826 1818
1825 1818 1815
1821 1828 1829
1821 1829 1822
1828 1821 1823
1828 1823 1830
1831 1832 1825
1831 1825 1824
1827 1826 1833
1827 1833 1834
1832 1833 1826
1832 1826 1825
1829 1828 1835
1829 1835 1836
1828 1830 1837
1828 1837 1835
1835 1838 1836
1837 1838 1835
1839 1840 1841
1841 1842 1843
1843 1839 1841
1831 1840 1839
1831 1839 1832
1833 1843 1842
1833 1842 1834
1832 1839 1843
1832 1843 1833
1792 1791 1844
1844 1845 1792
1844 1791 1846
1844 1846 1847
1846 1848 1849
1846 1849 1847
1795 1808 1850
1802 1844 1847
1802 1847 1806
1844 1802 1801
1844 1801 1845
1847 1849 1812
1847 1812 1806
1809 1810 1851
1809 1851 1852
1853 1851 1810
1851 1854 1852
1855 1854 1851
1853 1855 1851
1856 1852 1854
1857 1858 1859
1859 1860 1857
1809 1852 1856
1809 1856 1808
1856 1850 1808
1848 1858 1857
1848 1857 1849
1857 1812 1849
1860 1811 1812
1812 1857 1860
1722 1720 1861
1727 1722 1861
1728 1727 1861
1728 1861 1862
1861 1720 1863
1863 1720 1698
1864 1792 1845
1862 1861 1863
1865 1866 1867
1801 1800 1868
1865 1867 1869
1865 1868 1866
1800 1866 1868
1845 1801 1868
1845 1868 1864
1864 1868 1870
1868 1865 1870
1862 1863 1871
1872 1873 1869
1872 1869 1874
1865 1869 1873
1865 1875 1870
1873 1876 1875
1865 1873 1875
1873 1872 1876
1877 1878 1879
1877 1879 1880
1878 1877 1881
1878 1881 1882
1882 1881 1883
1882 1883 1884
1878 1885 1886
1878 1886 1879
1885 1878 1882
1885 1882 1887
1887 1882 1884
1887 1884 1888
1753 1764 1765
1887 1888 1889
1887 1889 1890
1885 1887 1890
1885 1890 1891
1892 1886 1885
1892 1885 1891
1805 1853 1810
1804 1810 1809
1716 1781 1820
1737 1749 1776
1737 1776 1738
1893 1894 1895
1893 1895 1896
1897 1893 1896
1897 1896 1898
1899 1900 1894
1899 1894 1893
1893 1897 1901
1893 1901 1899
1896 1902 1903
1896 1903 1898
1902 1904 1905
1902 1905 1903
1896 1895 1906
1896 1906 1902
1904 1902 1906
1904 1906 1907
1894 1908 1909
1894 1909 1895
1900 1910 1894
1909 1911 1906
1906 1911 1912
1906 1912 1907
1906 1895 1909
1913 1911 1909
1913 1909 1914
1915 1913 1914
1915 1914 1916
1913 1915 1917
1913 1917 1918
1918 1912 1911
1918 1911 1913
1919 1914 1909
1920 1914 1919
1921 1920 1919
1910 1921 1919
1919 1908 1910
1909 1908 1919
1920 1916 1914
1916 1922 1915
1923 1916 1920
1924 1923 1920
1921 1925 1920
1920 1925 1924
1916 1923 1922
1923 1924 1926
1923 1926 1927
1927 1922 1923
1928 1929 1930
1930 1931 1928
1932 1933 1929
1929 1928 1932
1934 1910 1900
1932 1935 1933
1910 1934 1936
1936 1921 1910
1937 1938 1935
1932 1937 1935
1925 1921 1936
1936 1939 1925
1940 1941 1938
1937 1940 1938
1939 1924 1925
1939 1942 1924
1924 1942 1926
1943 1941 1940
1942 1944 1926
1940 1945 1943
1915 1946 1947
1915 1947 1917
1948 1947 1946
1946 1949 1948
1950 1949 1946
1946 1922 1950
1922 1927 1950
1927 1926 1951
1927 1951 1950
1926 1944 1952
1926 1952 1951
1944 1953 1952
1954 1955 1956
1954 1956 1945
1940 1954 1945
1955 1957 1956
1958 1928 1931
1931 1959 1958
1960 1961 1962
1962 1961 1932
1928 1958 1962
1962 1958 1963
1962 1932 1928
1963 1960 1962
1955 1954 1961
1961 1954 1937
1961 1937 1932
1960 1955 1961
1954 1940 1937
1957 1955 1960
1963 1958 1964
1958 1959 1964
1965 1964 1959
1966 1967 1968
1969 1970 1967
1971 1972 1973
1971 1973 1970
1969 1971 1970
1972 1974 1975
1972 1975 1973
1974 1976 1977
1974 1977 1975
1976 1978 1979
1976 1979 1977
1978 1980 1981
1978 1981 1979
1981 1980 1982
1981 1982 1983
1982 1984 1985
1982 1985 1983
1984 1986 1987
1984 1987 1985
1986 1988 1989
1986 1989 1987
1988 1990 1991
1988 1991 1989
1992 1971 1969
1969 1966 1993
1993 1992 1969
1994 1972 1971
1971 1995 1994
1992 1995 1971
1994 1996 1974
1994 1974 1972
1996 1997 1976
1996 1976 1974
1997 1998 1978
1997 1978 1976
1999 1980 1978
1978 1998 1999
1999 2000 1982
1999 1982 1980
1982 2000 2001
1982 2001 1984
2001 2002 1986
2001 1986 1984
1986 2002 2003
1986 2003 1988
1988 2003 2004
1988 2004 1990
2005 2006 1998
2005 1998 1997
1996 2007 2005
1996 2005 1997
2008 1999 1998
1998 2006 2008
2008 2009 2000
2008 2000 1999
2009 2010 2001
2009 2001 2000
2001 2010 2011
2001 2011 2002
2012 2006 2005
2005 2007 2013
2013 2012 2005
2012 2014 2008
2012 2008 2006
2014 2015 2008
2015 2016 2010
2015 2010 2009
2016 2017 2011
2016 2011 2010
2011 2017 2018
2011 2018 2019
2011 2019 2003
2011 2003 2002
2019 2018 2020
2019 2020 2021
2003 2019 2021
2003 2021 2004
2012 2013 2022
2012 2022 2023
2022 2013 2024
2022 2024 2025
2014 2026 2015
2026 2027 2016
2026 2016 2015
2027 2028 2017
2027 2017 2016
2017 2028 2029
2017 2029 2018
2029 2030 2020
2029 2020 2018
2028 2031 2032
2028 2032 2029
2028 2027 2031
2029 2032 2033
2029 2033 2030
2034 2027 2026
2026 2035 2036
2026 2036 2034
2027 2034 2031
1996 1994 2037
1996 2037 2007
2007 2037 2024
2007 2024 2013
1994 1995 2038
1994 2038 2037
2037 2038 2039
2037 2039 2024
1995 2040 2041
1995 2041 2038
2038 2041 2042
2042 2039 2038
2041 2043 2042
2040 1995 1992
2040 1992 1993
2014 2012 2023
2014 2023 2035
2024 2044 2025
2042 2044 2039
2044 2043 2045
2042 2043 2044
2044 2045 2025
2034 2036 2046
2034 2046 2031
2036 2035 2047
2036 2047 2048
2046 2036 2048
2046 2048 2049
2047 2035 2023
2047 2023 2050
2051 2025 2045
2025 2052 2053
2025 2053 2022
2051 2052 2025
2022 2053 2050
2022 2050 2023
2053 2052 2054
2054 2055 2053
2053 2055 2050
2055 2056 2050
2056 2057 2047
2056 2047 2050
2047 2057 2058
2047 2058 2048
2048 2058 2059
2048 2059 2049
2046 2049 2060
2046 2060 2061
2046 2061 2031
2049 2059 2062
2049 2062 2060
2063 2064 2060
2063 2060 2062
2064 2065 2060
2066 2032 2031
2066 2031 2061
2067 2068 2069
2070 2071 2072
2073 2074 2064
2073 2064 2063
2075 2076 2070
2072 2075 2070
2071 2077 2078
2071 2078 2072
2077 2079 2078
2080 2065 2064
2064 2074 2080
2065 2081 2082
2065 2082 2066
2080 2081 2065
2066 2082 2083
2066 2083 2032
2083 2082 2084
2083 2084 2085
2085 2084 2086
2086 2087 2085
2088 2084 2082
2088 2082 2081
2084 2088 2089
2084 2089 2086
2088 2081 2080
2088 2080 2090
2088 2090 2091
2088 2091 2089
2090 2080 2074
2090 2074 2092
2090 2092 2093
2090 2093 2091
2074 2073 2094
2074 2094 2092
2076 2095 2096
2092 2094 2097
2092 2097 2093
2095 2098 2099
2095 2099 2100
2086 2089 2101
2087 2086 2101
2087 2101 2102
2089 2091 2103
2104 2101 2105
2104 2105 2106
2102 2101 2104
2102 2104 2107
2105 2108 2109
2109 2110 2106
2109 2106 2105
2089 2103 2111
2112 2113 2114
2106 2115 2116
2106 2116 2104
2110 2115 2106
2107 2104 2116
2107 2116 2117
2118 2116 2115
2118 2115 2119
2117 2116 2118
2117 2118 2120
2115 2121 2122
2115 2122 2119
2115 2110 2121
2118 2123 2124
2124 2120 2118
2123 2119 2122
2123 2122 2125
2091 2093 2126
2126 2103 2091
2093 2097 2127
2093 2127 2126
2098 2128 2129
2098 2129 2099
2103 2126 2130
2103 2130 2131
2131 2132 2111
2131 2111 2103
2126 2127 2133
2126 2133 2130
2128 2134 2135
2128 2135 2129
2136 2137 2138
2139 2140 2113
2141 2142 2137
2141 2137 2143
2142 2141 2144
2136 2143 2137
2107 2145 2146
2107 2146 2102
2145 2107 2117
2145 2117 2147
2146 2148 2087
2146 2087 2102
2147 2117 2120
2147 2120 2149
2124 2150 2120
2151 2152 2153
2151 2153 2154
2154 2155 2156
2154 2156 2151
2155 2157 2158
2155 2158 2156
2157 2159 2160
2157 2160 2158
2159 2161 2162
2159 2162 2160
2163 2164 2165
2163 2165 2166
2166 2167 2168
2166 2168 2163
2124 2123 2169
2124 2169 2170
2170 2169 2171
2170 2171 2172
2171 2173 2172
2174 2172 2173
2173 2171 2175
2176 2177 2178
2178 2179 2180
2180 2176 2178
2170 2181 2150
2170 2150 2124
2161 2182 2183
2183 2162 2161
2184 2181 2170
2170 2172 2184
2182 2185 2183
2186 2169 2123
2186 2123 2125
2169 2186 2175
2169 2175 2171
2187 2165 2164
2187 2164 2188
2188 2180 2179
2188 2179 2187
2174 2184 2172
2177 2176 2185
2185 2176 2183
2180 2188 2183
2180 2183 2176
2183 2188 2162
2160 2162 2164
2160 2164 2163
2158 2160 2163
2158 2163 2168
2156 2158 2168
2156 2168 2189
2189 2168 2167
2189 2167 2190
2076 2191 2095
2191 2140 2098
2191 2098 2095
2098 2140 2128
2189 2190 2192
2189 2192 2193
2136 2194 2143
2193 2192 2195
2193 2195 2196
2194 2136 2197
2197 2198 2194
2195 2199 2196
2140 2139 2128
2197 2200 2198
2156 2189 2193
2156 2193 2151
2151 2193 2196
2151 2196 2152
2112 2201 2202
2112 2202 2139
2131 2130 2203
2203 2204 2132
2203 2132 2131
2130 2133 2205
2130 2205 2206
2130 2206 2203
2135 2134 2207
2135 2207 2208
2209 2202 2201
2139 2202 2134
2139 2134 2128
2134 2202 2207
2202 2209 2207
2206 2210 2211
2206 2205 2212
2206 2212 2210
2211 2203 2206
2211 2210 2213
2211 2213 2214
2210 2212 2215
2210 2215 2213
2213 2215 2216
2213 2216 2217
2214 2213 2217
2214 2217 2218
2218 2217 2219
2218 2219 2220
2217 2216 2221
2217 2221 2219
2219 2221 2222
2219 2222 2223
2220 2219 2223
2220 2223 2224
2223 2222 2225
2223 2225 2226
2224 2223 2226
2224 2226 2227
2226 2225 2228
2226 2228 2229
2227 2226 2229
2227 2229 2230
2229 2228 2231
2229 2231 2232
2230 2229 2232
2230 2232 2233
2231 2234 2232
2232 2234 2233
2235 2236 2237
2238 2233 2234
2235 2237 2239
2203 2211 2240
2203 2240 2204
2211 2214 2241
2211 2241 2240
2207 2242 2243
2207 2243 2208
2242 2244 2245
2242 2245 2243
2214 2218 2246
2214 2246 2241
2244 2247 2248
2244 2248 2245
2247 2249 2250
2247 2250 2248
2218 2220 2251
2218 2251 2246
2220 2224 2252
2220 2252 2251
2249 2253 2254
2249 2254 2250
2253 2255 2256
2253 2256 2254
2255 2257 2258
2255 2258 2256
2257 2237 2236
2257 2236 2258
2224 2227 2259
2224 2259 2252
2227 2230 2260
2227 2260 2259
2230 2233 2238
2230 2238 2260
2209 2261 2242
2209 2242 2207
2261 2262 2244
2261 2244 2242
2262 2263 2247
2262 2247 2244
2263 2264 2249
2263 2249 2247
2237 2257 2265
2237 2265 2239
2265 2257 2255
2265 2255 2266
2266 2255 2253
2266 2253 2267
2267 2253 2249
2267 2249 2264
2085 2087 2148
2085 2148 2268
2269 2153 2152
2083 2085 2268
2118 2119 2123
2150 2149 2120
2188 2164 2162
2095 2100 2096
2076 2096 2070
2270 2271 2272
2272 2273 2274
2272 2274 2270
2275 2276 2271
2271 2270 2275
2277 2278 2276
2276 2275 2277
2278 2277 2279
2273 2280 2281
2273 2281 2274
2282 2280 2283
2282 2283 2284
2280 2282 2281
2283 2285 2286
2286 2284 2283
2285 2287 2288
2285 2288 2286
2287 2289 2290
2287 2290 2288
2289 2291 2292
2289 2292 2290
2291 2293 2294
2291 2294 2292
2293 2295 2296
2293 2296 2294
2275 2270 2297
2275 2297 2298
2298 2277 2275
2299 2300 2301
2301 2302 2303
2301 2303 2299
2300 2299 2304
2297 2305 2298
2300 2304 2306
2274 2281 2307
2274 2307 2308
2274 2308 2309
2281 2282 2310
2281 2310 2307
2282 2284 2311
2282 2311 2312
2282 2312 2310
2286 2313 2284
2284 2313 2314
2314 2311 2284
2315 2313 2286
2315 2286 2288
2314 2313 2315
2314 2315 2316
2288 2290 2315
2290 2292 2317
2290 2317 2315
2292 2318 2317
2292 2294 2319
2319 2318 2292
2320 2319 2294
2294 2296 2320
2316 2315 2317
2316 2317 2321
2321 2317 2318
2321 2318 2322
2322 2318 2319
2322 2319 2323
2319 2320 2323
2320 2324 2323
2324 2325 2323
2322 2323 2325
2325 2326 2322
2321 2322 2326
2321 2326 2327
2316 2321 2327
2316 2327 2328
2314 2316 2329
2329 2311 2314
2311 2330 2312
2330 2329 2331
2330 2331 2332
2312 2330 2332
2312 2332 2333
2334 2335 2309
2334 2309 2308
2336 2335 2334
2336 2334 2337
2338 2312 2333
2339 2338 2333
2338 2310 2312
2310 2338 2340
2310 2340 2307
2339 2341 2340
2339 2340 2338
2308 2307 2340
2308 2340 2342
2341 2342 2340
2308 2342 2343
2308 2343 2334
2337 2334 2343
2337 2343 2344
2343 2342 2345
2343 2345 2346
2346 2344 2343
2342 2341 2345
2347 2279 2277
2277 2298 2348
2277 2348 2347
2349 2298 2305
2348 2298 2349
2336 2337 2350
2336 2350 2351
2304 2352 2353
2304 2353 2306
2350 2337 2344
2350 2344 2354
2355 2356 2357
2355 2357 2358
2358 2359 2355
2351 2350 2360
2351 2360 2361
2352 2362 2353
2360 2350 2354
2360 2354 2363
2356 2364 2357
2361 2360 2365
2361 2365 2366
2362 2367 2368
2365 2360 2363
2365 2363 2369
2370 2371 2364
2372 2366 2365
2372 2365 2373
2367 2374 2375
2367 2375 2376
2365 2369 2377
2377 2373 2365
2378 2379 2380
2378 2380 2371
2372 2373 2381
2372 2381 2382
2374 2383 2375
2373 2377 2384
2373 2384 2381
2379 2385 2386
2379 2386 2380
2384 2387 2381
2385 2388 2386
2389 2390 2381
2389 2381 2387
2391 2392 2388
2381 2390 2393
2381 2393 2382
2383 2394 2395
2383 2395 2396
2397 2393 2390
2397 2390 2398
2394 2399 2400
2394 2400 2395
2401 2398 2390
2401 2390 2389
2402 2403 2404
2402 2404 2392
2397 2398 2405
2397 2405 2406
2401 2407 2405
2401 2405 2398
2406 2405 2408
2406 2408 2409
2405 2407 2410
2405 2410 2408
2408 2411 2412
2408 2412 2409
2408 2410 2413
2408 2413 2411
2411 2414 2415
2411 2415 2412
2411 2413 2416
2411 2416 2414
2414 2417 2418
2414 2418 2415
2414 2416 2419
2414 2419 2417
2420 2418 2417
2417 2419 2420
2399 2421 2422
2399 2422 2400
2421 2423 2424
2421 2424 2422
2423 2425 2426
2423 2426 2424
2425 2427 2426
2428 2429 2430
2428 2430 2431
2431 2432 2428
2429 2433 2430
2403 2434 2435
2403 2435 2404
2434 2436 2437
2434 2437 2435
2436 2438 2439
2436 2439 2437
2438 2440 2439
2441 2442 2443
2441 2443 2440
2438 2441 2440
2443 2442 2444
2445 2446 2447
2447 2448 2445
2446 2449 2450
2446 2450 2447
2449 2451 2450
2452 2453 2451
2449 2452 2451
2453 2452 2454
2353 2455 2306
2456 2457 2458
1990 2459 2460
1990 2460 1991
2461 2462 2460
2463 2464 2465
2460 2459 2461
2461 2466 2467
2461 2467 2462
2464 2468 2465
2466 2469 2470
2466 2470 2467
2468 2471 2472
2468 2472 2473
2468 2473 2465
2470 2469 2474
2470 2474 2475
2476 2472 2471
2004 2477 2459
2004 2459 1990
2459 2477 2478
2459 2478 2461
2461 2478 2479
2461 2479 2466
2480 2478 2481
2480 2482 2479
2480 2479 2478
2481 2483 2480
2480 2483 2484
2480 2484 2485
2021 2477 2004
2486 2481 2021
2021 2020 2486
2486 2483 2481
2486 2487 2483
2483 2488 2484
2030 2489 2490
2030 2490 2020
2020 2490 2486
2490 2489 2491
2490 2491 2487
2488 2487 2491
2488 2491 2492
2033 2493 2489
2033 2489 2030
2493 2494 2491
2493 2491 2489
2492 2491 2494
2492 2494 2495
2496 2497 2498
2496 2498 2499
2499 2068 2067
2499 2067 2496
2497 2500 2501
2497 2501 2498
2496 2502 2497
2503 2504 2502
2502 2504 2500
2502 2500 2497
2505 2465 2473
2505 2473 2506
2466 2479 2507
2466 2507 2469
2474 2469 2507
2474 2507 2508
2479 2482 2507
2485 2484 2509
2510 2511 2512
2482 2513 2507
2495 2514 2515
2495 2515 2492
2500 2516 2517
2500 2517 2501
2492 2515 2518
2492 2518 2488
2488 2518 2509
2488 2509 2484
2514 2519 2520
2514 2520 2515
2516 2521 2517
2515 2520 2522
2515 2522 2518
2522 2509 2518
2523 2511 2510
2522 2524 2509
2525 2508 2513
2511 2523 2526
2527 2528 2513
2526 2529 2511
2530 2473 2472
2476 2531 2472
2472 2532 2530
2524 2522 2533
2533 2534 2524
2523 2535 2536
2523 2536 2526
2533 2522 2520
2533 2520 2537
2537 2520 2519
2537 2519 2538
2539 2540 2541
2539 2541 2521
2521 2516 2542
2521 2542 2539
2538 2543 2544
2538 2544 2537
2540 2545 2541
2544 2533 2537
2546 2534 2533
2533 2544 2546
2535 2547 2548
2535 2548 2536
2549 2544 2550
2546 2544 2549
2551 2552 2553
2553 2548 2547
2553 2547 2551
2544 2543 2550
2554 2552 2545
2540 2554 2545
2554 2553 2552
2474 2508 2555
2474 2555 2556
2525 2555 2508
2555 2557 2556
2555 2558 2559
2555 2559 2557
2525 2558 2555
2560 2557 2561
2560 2561 2562
2557 2559 2563
2557 2563 2561
2564 2562 2561
2561 2563 2564
2565 2566 2567
2566 2565 2568
2564 2569 2570
2571 2564 2570
2474 2556 2572
2474 2572 2475
2556 2560 2572
2573 2574 2575
2573 2575 2576
2576 2577 2573
2562 2564 2571
2565 2575 2574
2568 2565 2574
2528 2558 2525
2578 2579 2580
2580 2581 2582
2580 2582 2578
2583 2584 2579
2579 2578 2583
2583 2567 2584
2581 2585 2530
2581 2532 2582
2530 2532 2581
2506 2530 2585
2585 2586 2506
2587 2588 2529
2526 2587 2529
2476 2577 2589
2476 2589 2531
2576 2589 2577
2531 2582 2532
2589 2578 2582
2576 2583 2578
2575 2565 2583
2506 2590 2505
2590 2506 2586
2588 2587 2542
2588 2542 2504
2503 2591 2588
2542 2516 2500
2542 2500 2504
2587 2526 2539
2587 2539 2542
2536 2539 2526
2536 2540 2539
2540 2548 2553
2540 2553 2554
2592 2463 2465
2593 2463 2592
2592 2465 2505
2502 2496 2594
2594 2496 2067
2503 2502 2594
2508 2507 2513
2528 2525 2513
2563 2569 2564
2557 2560 2556
2595 2596 2597
2597 2598 2595
2595 2599 2596
2595 2600 2601
2595 2601 2599
2598 2600 2595
2599 2602 2603
2599 2603 2604
2601 2605 2602
2601 2602 2599
2602 2606 2607
2602 2607 2603
2605 2608 2606
2605 2606 2602
2606 2609 2610
2606 2610 2607
2608 2611 2609
2608 2609 2606
2609 2612 2613
2609 2613 2610
2611 2614 2612
2611 2612 2609
2615 2616 2613
2615 2613 2612
2614 2617 2615
2614 2615 2612
2616 2615 2618
2616 2618 2619
2615 2617 2620
2615 2620 2618
2598 2621 2600
2621 2622 2600
2622 2623 2624
2624 2600 2622
2623 2625 2624
2626 2627 2628
2625 2629 2630
2625 2630 2624
2631 2632 2627
2627 2626 2631
2600 2624 2630
2600 2630 2601
2601 2630 2633
2601 2633 2605
2633 2630 2629
2633 2629 2634
2631 2635 2636
2631 2636 2632
2634 2637 2638
2634 2638 2633
2635 2639 2640
2635 2640 2636
2638 2608 2605
2638 2605 2633
2637 2641 2642
2637 2642 2638
2639 2643 2640
2642 2611 2608
2642 2608 2638
2611 2642 2644
2611 2644 2614
2644 2642 2641
2644 2641 2645
2646 2647 2643
2639 2646 2643
2614 2644 2648
2614 2648 2617
2644 2645 2649
2644 2649 2648
2650 2651 2652
2650 2652 2647
2646 2650 2647
2617 2648 2653
2617 2653 2620
2654 2653 2648
2654 2648 2649
2651 2655 2656
2651 2656 2652
2619 2618 2657
2619 2657 2658
2618 2620 2657
2620 2659 2660
2653 2654 2661
2653 2661 2659
2655 2662 2656
2658 2657 2663
2664 2663 2657
2664 2657 2660
2663 2664 2665
2663 2665 2666
2659 2667 2664
2659 2664 2660
2665 2664 2667
2665 2667 2668
2667 2659 2661
2667 2661 2669
2670 2671 2662
2667 2669 2672
2672 2668 2667
2669 2673 2672
2674 2671 2675
2675 2676 2674
2666 2665 2677
2678 2679 2680
2681 2665 2668
2681 2668 2682
2665 2681 2677
2668 2672 2683
2668 2683 2682
2672 2673 2684
2685 2686 2687
2673 2688 2689
2690 2688 2673
2673 2689 2684
2679 2678 2691
2679 2691 2692
2677 2681 2693
2677 2693 2694
2681 2682 2695
2681 2695 2693
2682 2683 2696
2682 2696 2695
2686 2685 2697
2684 2689 2698
2698 2699 2684
2700 2689 2688
2700 2688 2701
2689 2702 2698
2689 2700 2703
2689 2703 2702
2701 2688 2690
2701 2690 2704
2690 2705 2704
2706 2707 2708
2692 2691 2709
2692 2709 2710
2694 2693 2711
2694 2711 2712
2693 2695 2713
2693 2713 2711
2695 2696 2714
2695 2714 2713
2715 2716 2697
2710 2709 2717
2717 2718 2710
2710 2718 2719
2712 2711 2720
2712 2720 2721
2711 2713 2722
2711 2722 2720
2713 2714 2723
2713 2723 2722
2724 2725 2716
2715 2724 2716
2718 2717 2726
2726 2727 2718
2718 2727 2728
2721 2720 2729
2721 2729 2730
2717 2731 2726
2720 2722 2732
2720 2732 2729
2722 2723 2733
2722 2733 2732
2725 2724 2734
2734 2735 2736
2734 2736 2725
2698 2737 2738
2698 2738 2699
2724 2739 2734
2739 2740 2734
2741 2742 2743
2735 2734 2740
2744 2735 2740
2740 2728 2744
2702 2745 2737
2702 2737 2698
2702 2703 2746
2702 2746 2745
2747 2748 2704
2747 2704 2705
2749 2750 2751
2705 2752 2753
2753 2754 2705
2705 2754 2747
2751 2670 2749
2755 2671 2670
2755 2670 2751
2756 2701 2704
2704 2748 2757
2757 2756 2704
2758 2700 2701
2701 2756 2759
2701 2759 2758
2758 2760 2703
2758 2703 2700
2761 2746 2703
2703 2760 2761
2750 2749 2762
2762 2763 2750
2764 2765 2766
2766 2767 2768
2766 2768 2764
2749 2651 2762
2670 2655 2749
2762 2651 2769
2770 2771 2768
2768 2767 2770
2772 2773 2774
2770 2775 2771
2776 2777 2773
2772 2776 2773
2748 2778 2757
2779 2780 2777
2776 2781 2777
2777 2781 2779
2782 2757 2778
2783 2784 2785
2779 2786 2780
2787 2675 2671
2787 2671 2755
2769 2650 2788
2646 2789 2788
2639 2790 2789
2635 2631 2791
2791 2790 2635
2631 2626 2792
2631 2792 2791
2782 2793 2757
2784 2794 2795
2793 2796 2756
2797 2798 2799
2797 2799 2794
2793 2756 2757
2784 2797 2794
2796 2800 2801
2798 2802 2799
2801 2756 2796
2803 2804 2805
2805 2806 2803
2807 2808 2802
2802 2798 2807
2756 2801 2809
2809 2759 2756
2810 2811 2726
2810 2726 2731
2730 2729 2812
2730 2812 2813
2727 2726 2811
2811 2814 2727
2744 2727 2814
2744 2814 2815
2727 2744 2728
2729 2732 2816
2729 2816 2812
2732 2733 2817
2732 2817 2816
2736 2735 2818
2818 2819 2736
2759 2820 2760
2759 2760 2758
2820 2821 2761
2820 2761 2760
2744 2815 2818
2744 2818 2735
2822 2823 2819
2822 2819 2818
2822 2818 2815
2822 2815 2824
2825 2816 2817
2817 2826 2825
2825 2812 2816
2827 2813 2812
2812 2825 2827
2828 2829 2811
2828 2811 2810
2829 2830 2814
2829 2814 2811
2814 2830 2824
2814 2824 2815
2826 2831 2832
2826 2832 2825
2823 2822 2833
2823 2833 2834
2825 2832 2835
2825 2835 2827
2836 2837 2829
2836 2829 2828
2838 2830 2829
2829 2837 2838
2830 2838 2839
2830 2839 2824
2824 2839 2833
2824 2833 2822
2831 2840 2841
2831 2841 2832
2834 2833 2842
2834 2842 2843
2841 2844 2835
2841 2835 2832
2845 2846 2837
2845 2837 2836
2846 2838 2837
2847 2839 2838
2838 2846 2847
2842 2833 2839
2839 2847 2842
2803 2848 2849
2803 2849 2804
2809 2850 2759
2759 2850 2820
2851 2850 2852
2853 2854 2855
2856 2851 2852
2855 2857 2853
2854 2849 2848
2850 2851 2820
2848 2855 2854
2851 2858 2821
2851 2821 2820
2859 2860 2858
2859 2858 2851
2856 2859 2851
2840 2861 2862
2840 2862 2841
2843 2842 2863
2843 2863 2864
2841 2862 2865
2841 2865 2844
2866 2867 2846
2866 2846 2845
2846 2867 2868
2846 2868 2847
2847 2868 2863
2847 2863 2842
2861 2869 2870
2861 2870 2862
2864 2863 2871
2870 2872 2865
2870 2865 2862
2873 2874 2867
2873 2867 2866
2863 2868 2875
2863 2875 2871
2868 2867 2874
2874 2875 2868
2876 2870 2869
2871 2875 2877
2876 2872 2870
2877 2874 2873
2877 2875 2874
2676 2675 2878
2676 2878 2879
2675 2787 2880
2675 2880 2878
2878 2881 2882
2878 2882 2879
2883 2884 2885
2883 2885 2886
2881 2887 2888
2881 2888 2882
2884 2889 2890
2884 2890 2885
2887 2891 2892
2887 2892 2888
2889 2893 2894
2889 2894 2890
2891 2895 2896
2891 2896 2892
2893 2897 2898
2893 2898 2894
2895 2899 2900
2895 2900 2896
2897 2901 2902
2897 2902 2898
2899 2903 2904
2899 2904 2900
2901 2905 2906
2901 2906 2902
2907 2908 2909
2907 2909 2910
2911 2912 2913
2911 2913 2914
2904 2903 2907
2904 2907 2910
2914 2906 2905
2914 2905 2911
2908 2915 2916
2908 2916 2909
2912 2917 2918
2912 2918 2913
2919 2920 2921
2919 2921 2922
2923 2924 2925
2923 2925 2926
2916 2915 2919
2916 2919 2922
2926 2918 2917
2926 2917 2923
2920 2927 2921
2924 2928 2929
2924 2929 2925
2930 2931 2932
2930 2932 2927
2928 2933 2934
2928 2934 2929
2920 2930 2927
2931 2935 2936
2937 2938 2934
2932 2931 2936
2934 2933 2937
2880 2939 2881
2880 2881 2878
2939 2940 2887
2939 2887 2881
2940 2941 2891
2940 2891 2887
2891 2941 2942
2891 2942 2895
2886 2885 2943
2886 2943 2944
2885 2890 2945
2885 2945 2943
2890 2894 2946
2890 2946 2945
2894 2898 2947
2894 2947 2946
2948 2899 2895
2948 2895 2942
2898 2902 2949
2898 2949 2947
2948 2950 2903
2948 2903 2899
2902 2906 2951
2902 2951 2949
2952 2953 2908
2952 2908 2907
2914 2913 2954
2914 2954 2955
2907 2903 2950
2907 2950 2952
2955 2951 2906
2955 2906 2914
2956 2915 2908
2956 2908 2953
2913 2918 2957
2913 2957 2954
2958 2919 2915
2958 2915 2956
2959 2920 2919
2959 2919 2958
2960 2957 2918
2960 2918 2926
2926 2925 2961
2926 2961 2960
2962 2920 2959
2925 2929 2963
2925 2963 2961
2962 2930 2920
2930 2962 2935
2930 2935 2931
2929 2934 2938
2929 2938 2963
2964 2965 2859
2859 2965 2860
2859 2856 2964
2966 2967 2968
2966 2968 2969
2970 2971 2972
2969 2973 2966
2974 2857 2855
2974 2855 2975
2975 2976 2974
2967 2977 2968
2848 2975 2855
2969 2978 2973
2975 2979 2976
2980 2981 2982
2982 2983 2980
2977 2984 2968
2848 2803 2985
2848 2985 2979
2981 2986 2987
2975 2848 2979
2987 2982 2981
2803 2806 2985
2986 2988 2989
2989 2987 2986
2982 2990 2991
2982 2991 2983
2984 2992 2993
2993 2968 2984
2994 2995 2991
2992 2996 2993
2991 2990 2994
2994 2997 2998
2994 2998 2995
2996 2999 2993
2987 2990 2982
2798 3000 2807
2989 3001 3002
3003 2987 2989
3002 3003 2989
2798 2797 3004
2798 3004 3000
3005 3006 3007
3007 3008 3005
2784 2783 3004
3006 3009 3010
3004 2797 2784
3011 3007 3006
3010 3011 3006
2779 3012 2786
2781 3013 3012
3010 3014 3011
3012 2779 2781
2781 2776 3013
3015 3016 3017
3014 3018 3011
3019 3018 3014
3017 3020 3015
2770 3021 2775
3016 3022 3017
3023 3024 3021
3022 3025 3026
2770 3023 3021
3022 3026 3027
3022 3027 3017
3023 3028 3029
3023 3029 3024
3030 3031 3032
3033 3026 3025
3032 3034 3030
3028 2767 2766
3023 2767 3028
2767 3023 2770
3002 3035 3003
3036 3037 3008
3008 3007 3036
3035 3038 3039
3040 3041 3037
3035 3039 3003
3036 3040 3037
3038 3042 3043
3044 3045 3041
3038 3043 3039
3041 3040 3044
3042 3046 3043
3044 3047 3045
3046 2998 2997
3046 2997 3043
3043 2997 3039
2994 3048 2997
2990 2987 3048
2990 3048 2994
2999 3049 2968
2999 2968 2993
3049 3050 2969
3049 2969 2968
3050 2978 2969
3044 3051 3047
3052 3053 3054
3055 3051 3054
3056 3057 3058
3051 3044 3054
3040 3059 3044
3044 3059 3054
3040 3036 3059
3059 3036 3011
3018 3054 3059
3011 3018 3059
3036 3007 3011
3018 3052 3054
3018 3019 3052
3057 3020 3017
3017 3060 3057
3057 3060 3058
3027 3060 3017
3061 3027 3026
3026 3033 3061
3060 3027 3062
3062 3058 3060
3063 3064 3065
3063 3065 3066
3067 3068 3069
3065 3064 3068
3070 3071 3072
3073 3074 3075
3072 3076 3070
3075 3077 3073
3070 3078 3079
3070 3079 3071
3080 3081 3082
3074 3083 3075
3082 3084 3080
3078 3085 3079
3081 3086 3087
3087 3082 3081
3078 3088 3085
3089 3087 3086
3090 3091 3092
3092 3088 3093
3093 3090 3092
3090 3094 3091
3088 3078 3093
3078 3070 3093
3070 3076 3090
3070 3090 3093
3076 3095 3094
3076 3094 3090
3083 3096 3075
3097 3096 3083
3098 3099 3084
3084 3082 3098
3063 3077 3096
3063 3096 3064
3077 3075 3096
3064 3096 3100
3100 3068 3064
3097 3100 3096
3101 3102 3103
3068 3104 3069
3102 3101 3105
3105 3106 3102
3068 3107 3104
3104 3107 3108
3107 3068 3109
3110 3108 3107
3111 3110 3107
3107 3109 3111
3068 3100 3109
3100 3097 3112
3100 3112 3109
3113 3114 3099
3099 3098 3113
3105 3115 3106
3106 3115 3116
3117 3108 3110
3117 3110 3111
3117 3111 3118
3119 3120 3121
3109 3112 3118
3109 3118 3111
3120 3114 3122
3120 3122 3123
3123 3121 3120
3114 3113 3122
3082 3087 3098
3124 3098 3087
3089 3124 3087
3124 3113 3098
3123 3125 3121
3126 3127 3125
3123 3126 3125
3126 3128 3127
3089 3129 3130
3089 3130 3124
3129 3131 3132
3129 3132 3130
3128 3132 3131
3126 3132 3128
3113 3124 3130
3113 3130 3122
3132 3123 3122
3132 3122 3130
3123 3132 3126
2719 2728 2740
2718 2728 2719
2719 2740 3133
3134 3135 3136
3045 3047 3137
3134 3136 3138
3139 3140 3141
3139 3142 3140
3143 3144 3145
3146 3139 3141
3146 3141 3147
3147 3144 3143
3143 3146 3147
3148 3149 3150
3149 3151 3150
3152 3153 3154
3150 3151 3153
3152 3154 3155
3155 3156 3157
3153 3151 3154
3154 3156 3155
3158 3159 3160
3158 3160 3161
3162 3158 3161
3162 3161 3163
3162 3163 3164
3165 3150 3153
3165 3148 3150
3165 3153 3166
3166 3152 3167
3155 3157 3167
3167 3157 3168
3152 3155 3167
3153 3152 3166
3164 3169 3170
3171 3172 3159
3171 3159 3158
3171 3158 3162
3138 3172 3171
3173 3174 3175
3175 2886 2944
3175 2944 3176
3176 2708 3175
3174 2883 3175
2883 2886 3175
2692 2710 2719
2599 2604 2596
2685 2715 2697
3176 2706 2708
2671 2674 2662
2784 2795 2785
2776 2772 3013
3053 3055 3054
3061 3062 3027
3048 3039 2997
3039 3048 3003
3003 3048 2987
3067 3065 3068
3163 3169 3164
3177 3178 3179
3179 3180 3177
3178 3181 3182
3182 3179 3178
3181 3183 3184
3184 3182 3181
3183 3185 3186
3183 3186 3187
3183 3187 3184
3188 3189 3190
3190 3191 3188
3192 3193 3194
3194 3195 3192
3179 3196 3180
3197 3198 3196
3196 3179 3197
3199 3200 3201
3199 3201 3198
3198 3197 3199
3200 3202 3203
3200 3203 3201
3202 3204 3205
3202 3205 3203
3204 3206 3207
3204 3207 3205
3206 3208 3209
3206 3209 3207
3210 3211 3212
3213 3214 3215
3182 3216 3197
3182 3197 3179
3216 3217 3199
3216 3199 3197
3217 3218 3200
3217 3200 3199
3218 3219 3202
3218 3202 3200
3219 3220 3204
3219 3204 3202
3204 3220 3221
3204 3221 3206
3206 3221 3222
3206 3222 3208
3184 3223 3216
3184 3216 3182
3223 3224 3217
3223 3217 3216
3224 3218 3217
3225 3219 3218
3224 3225 3218
3226 3220 3219
3225 3226 3219
3226 3221 3220
3227 3222 3221
3226 3227 3221
3222 3227 3228
3187 3229 3223
3187 3223 3184
3186 3229 3187
3224 3223 3229
3229 3230 3224
3231 3230 3229
3186 3232 3229
3229 3232 3231
3225 3224 3230
3231 3233 3230
3230 3233 3234
3230 3234 3225
3235 3236 3191
3191 3190 3235
3237 3238 3236
3236 3235 3237
3239 3238 3237
3239 3237 3240
3233 3241 3234
3240 3242 3243
3240 3243 3239
3244 3234 3241
3241 3245 3244
3242 3246 3247
3242 3247 3243
3226 3225 3234
3244 3226 3234
3244 3227 3226
3244 3248 3227
3227 3248 3228
3248 3244 3245
3245 3249 3248
3246 3250 3251
3246 3251 3247
3252 3248 3249
3249 3253 3252
3250 3254 3255
3250 3255 3251
3248 3252 3228
3256 3257 3195
3194 3258 3195
3195 3258 3256
3256 3259 3260
3256 3260 3257
3261 3262 3260
3260 3259 3261
3263 3264 3262
3262 3261 3263
3265 3266 3264
3263 3265 3264
3267 3268 3266
3265 3267 3266
3269 3270 3268
3267 3269 3268
3269 3271 3270
3272 3273 3274
3272 3274 3275
3276 3272 3275
3277 3273 3278
3273 3272 3278
3276 3278 3272
3279 3280 3274
3279 3274 3273
3281 3282 3283
3281 3283 3284
3285 3281 3284
3285 3284 3286
3287 3285 3286
3287 3286 3288
3289 3287 3288
3289 3288 3290
3291 3289 3290
3291 3290 3292
3293 3291 3292
3293 3292 3294
3293 3295 3279
3295 3280 3279
3293 3294 3295
3279 3277 3296
3293 3279 3296
3291 3293 3296
3279 3273 3277
3289 3291 3296
3287 3289 3296
3297 3287 3296
3297 3285 3287
3297 3277 3298
3298 3277 3299
3297 3296 3277
3299 3278 3300
3300 3298 3299
3277 3278 3299
3278 3276 3300
3301 3300 3302
3301 3298 3300
3303 3285 3297
3303 3297 3304
3304 3298 3305
3306 3281 3303
3306 3303 3307
3306 3282 3281
3303 3304 3307
3297 3298 3304
3303 3281 3285
3307 3304 3308
3304 3305 3308
3298 3301 3305
3309 3310 3311
3309 3311 3312
3310 3313 3311
3313 3314 3315
3314 3316 3317
3314 3318 3315
3317 3318 3314
3316 3319 3320
3316 3320 3317
3311 3321 3312
3322 3323 3324
3322 3324 3321
3311 3322 3321
3323 3325 3326
3323 3326 3324
3325 3327 3328
3325 3328 3326
3328 3327 3329
3328 3329 3330
3320 3331 3317
3331 3332 3318
3331 3318 3317
3333 3334 3335
3333 3335 3332
3336 3337 3334
3336 3334 3333
3334 3323 3322
3334 3322 3335
3337 3325 3323
3337 3323 3334
3311 3315 3335
3311 3335 3322
3318 3332 3335
3335 3315 3318
3336 3338 3339
3336 3339 3337
3340 3341 3339
3340 3339 3338
3339 3327 3325
3339 3325 3337
3341 3329 3327
3341 3327 3339
3330 3329 3342
3330 3342 3343
3344 3345 3341
3344 3341 3340
3345 3342 3329
3345 3329 3341
3343 3342 3346
3343 3346 3347
3348 3349 3345
3348 3345 3344
3349 3346 3342
3349 3342 3345
3347 3346 3350
3347 3350 3351
3352 3349 3348
3348 3353 3352
3352 3346 3349
3352 3350 3346
3351 3350 3354
3354 3355 3351
3356 3357 3353
3357 3358 3352
3350 3358 3359
3350 3359 3354
3355 3354 3360
3355 3360 3361
3359 3358 3362
3362 3363 3359
3359 3363 3360
3359 3360 3354
3358 3364 3365
3365 3362 3358
3357 3356 3366
3357 3366 3364
3361 3360 3367
3361 3367 3368
3363 3362 3369
3363 3369 3370
3370 3367 3360
3370 3360 3363
3362 3365 3371
3362 3371 3369
3365 3372 3371
3372 3364 3366
3372 3366 3373
3368 3367 3374
3368 3374 3375
3367 3370 3376
3367 3376 3374
3369 3371 3377
3369 3377 3378
3369 3378 3376
3369 3376 3370
3371 3379 3377
3379 3372 3373
3379 3373 3380
3375 3374 3381
3381 3382 3375
3374 3376 3383
3374 3383 3381
3376 3378 3384
3376 3384 3383
3378 3377 3385
3378 3385 3384
3377 3379 3386
3386 3385 3377
3387 3379 3380
3387 3380 3388
3379 3387 3386
3381 3389 3382
3382 3389 3390
3382 3390 3391
3392 3393 3394
3389 3381 3383
3389 3383 3395
3389 3395 3396
3389 3396 3390
3397 3384 3385
3385 3386 3398
3399 3400 3401
3398 3402 3385
3384 3395 3383
3397 3395 3384
3395 3397 3396
3403 3387 3388
3403 3388 3404
3387 3403 3386
3405 3406 3404
3405 3404 3388
3407 3401 3400
3398 3408 3409
3398 3409 3402
3410 3411 3412
3400 3413 3414
3414 3415 3400
3400 3415 3407
3403 3404 3416
3403 3416 3417
3398 3386 3403
3403 3417 3408
3403 3408 3398
3406 3418 3416
3406 3416 3404
3408 3419 3420
3408 3420 3409
3411 3421 3422
3411 3422 3412
3420 3419 3423
3420 3423 3424
3421 3425 3426
3421 3427 3422
3426 3427 3421
3416 3428 3429
3416 3429 3417
3418 3430 3428
3418 3428 3416
3431 3429 3428
3428 3432 3431
3430 3432 3428
3417 3429 3419
3417 3419 3408
3429 3431 3423
3429 3423 3419
3433 3434 3435
3415 3436 3437
3415 3437 3407
3434 3438 3390
3434 3390 3396
3390 3438 3439
3390 3439 3391
3440 3441 3434
3440 3434 3433
3436 3442 3443
3436 3443 3437
3444 3438 3434
3434 3441 3444
3444 3445 3439
3444 3439 3438
3393 3446 3394
3447 3446 3448
3449 3450 3451
3452 3453 3454
3455 3456 3451
3455 3451 3450
3457 3458 3455
3457 3455 3450
3450 3459 3457
3424 3423 3460
3424 3460 3461
3425 3462 3463
3425 3463 3464
3425 3464 3426
3460 3423 3431
3460 3431 3465
3432 3466 3465
3432 3465 3431
3467 3468 3469
3467 3469 3470
3470 3471 3472
3470 3472 3467
3453 3473 3474
3453 3474 3454
3475 3476 3441
3475 3441 3440
3442 3477 3478
3442 3478 3443
3479 3444 3441
3441 3476 3479
3444 3479 3480
3444 3480 3445
3456 3455 3481
3456 3481 3482
3458 3483 3481
3458 3481 3455
3482 3481 3484
3482 3484 3485
3483 3486 3484
3483 3484 3481
3487 3488 3485
3487 3485 3484
3484 3486 3489
3484 3489 3487
3479 3476 3490
3479 3490 3491
3479 3491 3480
3476 3475 3492
3476 3492 3493
3476 3493 3490
3477 3494 3478
3461 3460 3495
3461 3495 3496
3462 3497 3498
3462 3498 3463
3495 3460 3465
3495 3465 3499
3499 3465 3466
3499 3466 3500
3468 3501 3502
3468 3502 3469
3496 3495 3503
3496 3503 3504
3497 3505 3506
3497 3506 3498
3503 3495 3499
3503 3499 3507
3507 3499 3500
3507 3500 3508
3501 3509 3510
3501 3510 3502
3511 3503 3507
3507 3508 3511
3512 3504 3503
3511 3512 3503
3505 3513 3514
3505 3514 3506
3509 3515 3516
3509 3516 3510
3517 3518 3512
3517 3512 3511
3511 3519 3517
3513 3520 3514
3519 3521 3517
3515 3522 3516
3518 3517 3521
3523 3520 3522
3515 3523 3522
3524 3490 3493
3524 3493 3525
3524 3526 3491
3524 3491 3490
3493 3492 3527
3493 3527 3525
3528 3529 3530
3528 3530 3494
3477 3528 3494
3447 3531 3477
3447 3477 3442
3477 3531 3532
3477 3532 3528
3528 3532 3533
3528 3533 3529
3534 3535 3526
3534 3526 3524
3534 3524 3525
3534 3525 3536
3533 3537 3538
3533 3538 3529
3525 3527 3539
3525 3539 3536
3529 3538 3540
3529 3540 3530
3539 3541 3542
3539 3542 3536
3534 3536 3542
3534 3542 3543
3541 3544 3545
3541 3545 3542
3542 3545 3543
3544 3546 3545
3545 3546 3547
3545 3547 3543
3548 3549 3550
3550 3551 3548
3543 3552 3535
3543 3535 3534
3537 3553 3554
3537 3554 3538
3538 3554 3555
3538 3555 3540
3554 3550 3549
3554 3549 3555
3543 3547 3552
3553 3551 3550
3553 3550 3554
3556 3557 3558
3558 3459 3556
3557 3559 3457
3457 3558 3557
3427 3560 3561
3426 3560 3427
3562 3563 3454
3454 3564 3562
3565 3560 3464
3565 3464 3566
3426 3464 3560
3561 3560 3565
3561 3565 3567
3566 3464 3463
3566 3463 3568
3463 3498 3568
3569 3498 3506
3569 3506 3570
3498 3569 3568
3506 3514 3570
3515 3514 3523
3514 3515 3570
3515 3509 3570
3509 3501 3570
3569 3501 3468
3569 3468 3568
3501 3569 3570
3568 3468 3467
3568 3467 3566
3467 3472 3565
3467 3565 3566
3471 3571 3572
3471 3572 3472
3446 3436 3414
3459 3558 3457
3472 3572 3567
3472 3567 3565
3573 3458 3457
3573 3457 3574
3474 3575 3564
3454 3474 3564
3458 3573 3576
3458 3576 3483
3473 3577 3578
3473 3578 3575
3483 3576 3579
3483 3579 3486
3577 3580 3581
3577 3581 3578
3486 3579 3582
3486 3582 3489
3580 3583 3584
3580 3584 3581
3488 3487 3585
3487 3489 3586
3487 3586 3585
3489 3587 3586
3583 3588 3589
3583 3589 3584
3590 3591 3587
3588 3592 3589
3586 3591 3593
3586 3593 3585
3594 3593 3591
3594 3591 3595
3591 3590 3595
3596 3597 3592
3595 3598 3599
3595 3599 3594
3600 3598 3595
3598 3601 3602
3598 3602 3599
3603 3601 3598
3601 3604 3602
3605 3604 3601
3606 3607 3608
3609 3610 3597
3611 3608 3610
3405 3388 3612
3613 3572 3571
3613 3571 3614
3613 3614 3615
3616 3567 3613
3617 3561 3616
3618 3619 3620
3620 3619 3452
3454 3563 3621
3620 3454 3622
3454 3621 3622
3620 3452 3454
3561 3567 3616
3397 3435 3396
3434 3396 3435
3623 3620 3622
3613 3615 3624
3615 3625 3626
3615 3626 3624
3388 3380 3612
3612 3380 3373
3623 3622 3627
3628 3616 3629
3629 3616 3624
3626 3629 3624
3616 3613 3624
3628 3617 3616
3623 3618 3620
3622 3621 3627
3567 3572 3613
3630 3618 3623
3631 3632 3633
3634 3631 3633
3631 3635 3632
3636 3637 3635
3631 3636 3635
3638 3639 3637
3636 3638 3637
3640 3641 3639
3639 3638 3640
3640 3642 3641
3640 3643 3642
3640 3644 3643
3643 3644 3645
3636 3631 3646
3636 3646 3647
3647 3638 3636
3631 3634 3646
3647 3648 3638
3638 3648 3649
3638 3649 3640
3634 3650 3646
3650 3651 3647
3650 3647 3646
3652 3648 3647
3652 3647 3651
3648 3652 3653
3648 3653 3649
3649 3653 3654
3649 3654 3655
3649 3655 3644
3649 3644 3640
3656 3644 3655
3656 3655 3657
3644 3656 3645
3655 3654 3658
3655 3658 3657
3645 3656 3659
3656 3657 3660
3656 3660 3661
3656 3661 3659
3657 3658 3662
3657 3662 3660
3659 3661 3663
3659 3663 3664
3661 3660 3665
3661 3665 3663
3660 3662 3666
3660 3666 3665
3664 3663 3667
3664 3667 3668
3663 3665 3669
3669 3667 3663
3665 3666 3670
3670 3669 3665
3666 3671 3670
3668 3667 3672
3672 3673 3668
3667 3669 3674
3667 3674 3672
3669 3670 3675
3675 3674 3669
3671 3676 3675
3671 3675 3670
3677 3678 3679
3679 3680 3677
3681 3682 3678
3678 3682 3679
3683 3684 3681
3685 3686 3674
3675 3685 3674
3687 3685 3675
3687 3675 3676
3680 3679 3688
3688 3689 3680
3690 3691 3692
3682 3684 3693
3682 3693 3688
3682 3688 3679
3694 3684 3683
3694 3683 3695
3686 3685 3696
3697 3698 3699
3686 3696 3700
3686 3700 3701
3685 3687 3702
3685 3702 3696
3703 3704 3702
3705 3703 3702
3696 3704 3706
3696 3706 3700
3707 3694 3695
3707 3695 3708
3707 3693 3694
3698 3697 3709
3710 3711 3688
3710 3688 3693
3711 3712 3689
3711 3689 3688
3691 3713 3697
3697 3692 3691
3712 3711 3714
3712 3714 3715
3713 3709 3697
3716 3717 3709
3716 3709 3713
3714 3711 3710
3714 3710 3718
3710 3719 3718
3707 3708 3720
3707 3720 3719
3701 3700 3706
3701 3706 3721
3701 3721 3722
3701 3722 3723
3706 3704 3724
3706 3724 3725
3706 3725 3726
3706 3726 3721
3704 3703 3727
3727 3724 3704
3705 3727 3703
3728 3701 3723
3722 3721 3726
3722 3726 3729
3730 3731 3732
3730 3732 3733
3724 3727 3734
3734 3735 3724
3705 3736 3727
3727 3736 3737
3727 3737 3734
3738 3736 3705
3739 3740 3737
3739 3737 3736
3738 3739 3736
3741 3725 3724
3735 3741 3724
3741 3742 3725
3725 3742 3743
3725 3743 3726
3742 3741 3744
3742 3745 3746
3742 3746 3743
3744 3747 3742
3742 3747 3745
3741 3735 3744
3734 3748 3735
3735 3748 3749
3737 3750 3748
3737 3748 3734
3748 3750 3751
3748 3751 3752
3740 3753 3750
3740 3750 3737
3753 3754 3751
3753 3751 3750
3729 3726 3743
3729 3743 3755
3731 3756 3757
3731 3757 3732
3755 3743 3746
3755 3746 3758
3756 3759 3760
3756 3760 3757
3761 3718 3719
3720 3761 3719
3718 3762 3763
3718 3763 3714
3763 3764 3715
3763 3715 3714
3765 3766 3717
3765 3717 3716
3762 3767 3768
3762 3768 3763
3762 3769 3767
3768 3770 3764
3768 3764 3763
3766 3765 3771
3766 3771 3772
3773 3768 3767
3767 3769 3774
3767 3774 3773
3775 3770 3768
3773 3775 3768
3771 3776 3777
3771 3777 3772
3769 3778 3774
3774 3779 3780
3774 3780 3773
3779 3774 3778
3779 3778 3781
3775 3773 3780
3775 3780 3782
3776 3783 3784
3776 3784 3777
3785 3780 3779
3779 3781 3786
3786 3785 3779
3785 3787 3782
3785 3782 3780
3783 3788 3789
3783 3789 3784
3781 3790 3786
3787 3791 3792
3788 3793 3794
3788 3794 3789
3785 3786 3791
3795 3796 3786
3795 3786 3790
3797 3796 3795
3793 3798 3794
3797 3791 3796
3797 3792 3791
3799 3800 3752
3799 3752 3751
3754 3801 3799
3754 3799 3751
3800 3749 3752
3802 3803 3749
3744 3803 3804
3744 3804 3747
3805 3745 3747
3806 3807 3808
3809 3807 3806
3806 3810 3811
3812 3809 3806
3811 3812 3806
3745 3813 3814
3745 3814 3746
3745 3805 3813
3814 3815 3758
3814 3758 3746
3759 3816 3817
3759 3817 3760
3815 3814 3818
3815 3818 3819
3816 3820 3821
3816 3821 3817
3814 3813 3818
3808 3807 3822
3822 3823 3808
3805 3824 3813
3817 3821 3822
3817 3822 3807
3807 3809 3760
3807 3760 3817
3799 3825 3826
3799 3826 3800
3801 3827 3825
3801 3825 3799
3800 3826 3828
3800 3828 3802
3802 3828 3829
3802 3829 3803
3829 3830 3804
3829 3804 3803
3810 3831 3832
3825 3833 3834
3825 3834 3826
3827 3835 3833
3827 3833 3825
3834 3828 3826
3828 3836 3829
3831 3837 3832
3838 3839 3833
3835 3840 3833
3839 3836 3834
3841 3829 3836
3842 3841 3836
3841 3843 3830
3841 3830 3829
3831 3844 3845
3831 3845 3837
3846 3847 3843
3846 3843 3841
3842 3846 3841
3844 3848 3845
3849 3847 3846
3846 3842 3850
3850 3849 3846
3848 3851 3852
3842 3853 3850
3853 3839 3838
3853 3838 3854
3840 3855 3854
3840 3854 3838
3856 3850 3853
3857 3853 3854
3857 3854 3858
3853 3857 3856
3850 3856 3859
3850 3859 3849
3851 3860 3861
3851 3861 3852
3855 3862 3858
3855 3858 3854
3863 3859 3856
3863 3856 3864
3860 3865 3866
3856 3857 3864
3857 3858 3867
3858 3868 3867
3862 3868 3858
3869 3867 3868
3870 3871 3872
3872 3866 3870
3869 3864 3867
3869 3863 3864
3865 3871 3870
3873 3874 3861
3873 3861 3866
3874 3875 3852
3852 3861 3874
3875 3876 3845
3875 3845 3852
3876 3877 3837
3876 3837 3845
3877 3878 3832
3877 3832 3837
3878 3879 3811
3878 3811 3832
3879 3880 3881
3879 3881 3811
3880 3882 3881
3883 3881 3882
3882 3884 3883
3824 3885 3886
3824 3886 3818
3824 3818 3813
3823 3822 3887
3823 3887 3888
3886 3889 3819
3886 3819 3818
3820 3890 3891
3820 3891 3821
3821 3891 3887
3821 3887 3822
3892 3893 3888
3892 3888 3887
3891 3894 3892
3891 3892 3887
3885 3895 3896
3885 3896 3886
3896 3897 3889
3896 3889 3886
3890 3898 3894
3890 3894 3891
3899 3896 3895
3899 3895 3900
3899 3901 3897
3899 3897 3896
3893 3892 3902
3893 3902 3903
3898 3904 3905
3898 3905 3894
3894 3905 3902
3894 3902 3892
3899 3900 3906
3907 3903 3902
3906 3901 3899
3905 3904 3907
3907 3902 3905
3757 3760 3812
3757 3812 3908
3757 3908 3732
3812 3760 3809
3811 3881 3812
3812 3881 3883
3812 3883 3908
3884 3909 3910
3910 3883 3884
3911 3908 3883
3911 3883 3910
3908 3911 3733
3908 3733 3732
3912 3730 3733
3684 3694 3693
3704 3696 3702
3735 3749 3744
3302 3300 3276
1957 3913 1956
1966 1969 1967
2565 2567 2583
2503 2588 2504
2536 2548 2540
2620 2660 2657
2620 2653 2659
3810 3832 3811
3839 3834 3833
3840 3838 3833
3834 3836 3828
3800 3802 3749
3803 3744 3749
3842 3839 3853
3839 3842 3836
3857 3867 3864
3865 3870 3866
3872 3873 3866
3860 3866 3861
3848 3852 3845
3489 3582 3587
3559 3574 3457
3474 3473 3575
3596 3609 3597
3609 3611 3610
3611 3606 3608
3588 3596 3592
3393 3448 3446
3436 3415 3414
3442 3436 3446
3447 3442 3446
3590 3600 3595
3600 3603 3598
3603 3605 3601
3591 3586 3587
2391 2402 2392
198 203 179
195 203 196
162 166 163
187 195 188
245 249 244
168 173 245
158 163 159
163 168 244
1095 1070 1068
1095 1096 1070
1096 1097 1071
1068 1070 1060
1062 1061 1076
1201 1237 1202
1240 1280 1243
1228 1213 1290
1229 1290 1202
1237 1260 1230
1247 1246 1261
1236 1247 1237
1247 1261 1260
1237 1247 1260
1246 1266 1261
1230 1260 1233
1217 1229 1230
1300 1299 1298
1313 1314 1311
1310 1313 1312
884 1010 885
725 727 726
726 731 724
737 725 722
722 725 724
771 766 769
879 881 721
935 907 906
3 9 1
1 6 2
1325 1456 1326
1357 1465 1468
1465 1467 1468
1387 1396 1554
1504 1576 1569
1587 1589 1583
1582 1583 1577
1575 1577 1576
1396 1395 1560
1395 1403 1563
1424 1563 1403
1534 1375 1382
1397 1388 1649
1398 1397 1646
321 320 324
339 342 324
337 339 320
2655 2670 2662
2749 2655 2651
2651 2650 2769
2650 2646 2788
2646 2639 2789
2639 2635 2790
1910 1908 1894
434 442 431
442 432 431
433 437 428
429 438 433
1464 1345 1355
1464 1355 1465
1352 1463 1464
42 59 31
46 39 38
1515 1470 1516
1596 1604 1605
1344 1355 1345
1354 1466 1355
1466 1354 1372
1373 1555 1374
1555 1373 1385
1386 1396 1387
1352 1357 1353
1357 1364 1358
1364 1382 1365
1377 1365 1382
1456 1325 1457
1459 1333 1460
1351 1459 1461
1458 1457 1346
1610 1611 1604
1604 1596 1600
1596 1570 1571
1576 1504 1557
1557 1508 1539
1539 1508 1540
1467 1466 1469
3914 1538 1540
1538 1556 1539
1556 1567 1557
1566 1576 1557
1557 1504 1508
1356 1361 1340
1350 1349 1445
1360 1446 1445
1427 1429 1356
999 885 1010
1000 999 1010
759 760 747
760 763 749
758 759 745
757 758 743
763 772 761
772 776 764
727 737 744
811 781 780
781 728 738
810 807 843
826 843 846
849 830 827
807 810 780
778 780 738
730 892 869
870 872 724
726 729 730
878 879 872
871 883 877
883 871 873
882 873 944
872 879 723
887 884 886
884 3915 898
3916 903 899
3915 3916 899
903 900 899
898 3915 899
1014 1013 1012
1005 1011 864
1005 1000 1009
1114 1098 1115
1098 1114 1073
3313 3315 3311
1946 1915 1922
2329 2330 2311
2328 2331 2329
2316 2328 2329
3350 3352 3358
3357 3352 3353
2065 2061 2060
2065 2066 2061
2015 2009 2008
2026 2014 2035
2024 2039 2044
2383 2396 2375
2385 2391 2388
2356 2370 2364
2370 2378 2371
2362 2368 2353
2367 2376 2368
1570 1595 1514
1467 1465 1355
3761 3762 3718
3762 3761 3769
3710 3707 3719
3707 3710 3693
2112 2139 2113
2105 2089 2108
3787 3785 3791
3786 3796 3791
1194 1193 1095
1102 1207 1194
1095 1189 1152
1189 1190 1155
1286 1281 1280
1281 1284 1243
1237 1230 1229
1290 1199 1202
1194 1215 1204
1231 1258 1232
1258 1263 1259
1119 1125 1116
1124 1130 1125
1129 1136 1130
1135 1141 1136
1140 1143 1141
1150 1149 1148
1145 1144 1151
1133 1139 1134
1128 1134 1123
1294 1107 1106
1293 1120 1107
1069 1102 1094
1060 1055 1061
1053 1061 1055
2576 2575 2583
2589 2576 2578
2531 2589 2582
2472 2531 2532
2530 2506 2473
3681 3684 3682
2089 2105 2101
3371 3372 3379
3365 3364 3372
3358 3357 3364
2486 2490 2487
2483 2487 2488
2478 2477 2481
2021 2481 2477
3748 3752 3749
3520 3523 3514
3508 3519 3511
3917 3918 3919
3920 3921 3922
3920 3922 3923
3924 3925 3926
3924 3926 3927
3928 3929 3930
3931 3917 3932
3918 3933 3934
3918 3934 3919
3934 3933 3924
3934 3924 3927
3917 3935 3918
3936 3937 3918
3938 3939 3921
3938 3921 3920
3937 3940 3924
3940 3941 3925
3939 3942 3943
3939 3943 3921
3921 3943 3944
3921 3944 3922
3941 3944 3943
3925 3943 3942
3925 3942 3926
3945 3946 3947
3948 3949 3950
3917 3919 3951
3935 3952 3918
3929 3953 3930
3954 3955 3953
3956 3931 3955
3931 3932 3955
3955 3932 3930
3957 3958 3931
3917 3958 3935
3931 3958 3917
3959 3952 3935
3960 3961 3962
3963 3964 3950
3965 3950 3949
3966 3948 3967
3941 3968 3969
3940 3970 3971
3952 3972 3936
3972 3973 3936
3936 3974 3975
3976 3975 3974
3975 3977 3978
3979 3978 3977
3978 3980 3981
3981 3982 3970
3983 3970 3982
3984 3985 3986
3985 3987 3967
3941 3986 3944
3969 3968 3988
3986 3969 3989
3986 3990 3944
3990 3967 3944
3941 3969 3986
3968 3971 3991
3971 3970 3992
3941 3971 3968
3940 3971 3941
3923 3922 3945
3922 3944 3948
3981 3970 3940
3981 3940 3937
3978 3981 3937
3975 3978 3937
3936 3975 3937
3918 3952 3936
3923 3945 3947
3964 3922 3950
3922 3964 3945
3922 3948 3950
3948 3944 3967
3941 3943 3925
3940 3925 3924
3937 3924 3933
3918 3937 3933
3928 3930 3932
3928 3932 3993
3932 3917 3951
3994 3995 3996
3997 3998 3995
3994 3999 4000
3997 3995 3994
4001 3998 3997
3995 4002 4003
3994 3996 3999
3995 4003 3996
4002 4004 4003
3953 3955 3930
3932 3951 3993
3958 3957 4005
4006 4007 4008
4009 4010 4011
4009 4011 4012
4013 4014 4015
4013 4015 4016
4017 4018 4019
4020 4021 4006
4008 4007 4022
4008 4022 4023
4022 4014 4013
4022 4013 4023
4006 4008 4024
4025 4008 4026
4027 4009 4012
4027 4012 4028
4026 4013 4029
4029 4016 4030
4028 4012 4031
4028 4031 4032
4012 4011 4033
4012 4033 4031
4030 4031 4033
4016 4015 4032
4016 4032 4031
4034 4035 4036
4037 4038 4039
4006 4040 4007
4024 4008 4041
4019 4018 4042
4043 4042 4044
4045 4044 4020
4020 4044 4021
4044 4018 4021
4046 4020 4047
4006 4024 4047
4020 4006 4047
4048 4024 4041
4049 4050 4051
4052 4038 4053
4054 4039 4038
4055 4056 4037
4030 4057 4058
4029 4059 4060
4041 4025 4061
4061 4025 4062
4025 4063 4064
4065 4064 4063
4063 4066 4067
4068 4067 4066
4066 4069 4070
4069 4060 4071
4072 4071 4060
4073 4074 4075
4075 4056 4076
4030 4033 4074
4057 4077 4058
4074 4078 4057
4074 4033 4079
4079 4033 4056
4030 4074 4057
4058 4080 4059
4059 4081 4060
4030 4058 4059
4029 4030 4059
4010 4034 4011
4011 4037 4033
4069 4026 4029
4069 4029 4060
4066 4026 4069
4063 4026 4066
4025 4026 4063
4008 4025 4041
4010 4035 4034
4053 4038 4011
4011 4034 4053
4011 4038 4037
4037 4056 4033
4030 4016 4031
4029 4013 4016
4026 4023 4013
4008 4023 4026
4021 4018 4017
4021 4017 4082
4021 4040 4006
4083 4084 4085
4086 4085 4087
4083 4088 4089
4086 4083 4085
4090 4086 4087
4085 4091 4092
4083 4089 4084
4085 4084 4091
4092 4091 4093
4042 4018 4044
4021 4082 4040
4047 4094 4046
4095 4096 4097
4093 4098 4092
4002 4099 4004
4100 4101 4102
4097 4096 4103
4102 4101 4104
4105 4106 4107
4108 4109 4110
3998 4111 4002
4100 4102 4112
4092 4113 4087
4095 4114 4096
74 4115 75
79 4116 4117
4118 4119 4120
4118 4120 1323
4121 4122 4123
1331 4124 4125
1331 4125 1332
1652 4126 1334
1443 4127 4128
1443 4128 1444
1323 4120 1443
1444 4128 4129
1444 4129 1455
1455 4129 4124
3998 4130 4131
4113 4132 4087
1443 4120 4127
1455 4124 1331
3998 4131 4111
4087 4132 4133
75 4115 4134
79 4117 76
4135 4131 4130
4132 4136 4133
717 4137 4138
717 4138 714
714 4138 4139
714 4139 732
732 4139 4140
732 4140 739
739 4140 4141
739 4141 754
990 4142 4143
990 4143 987
987 4143 4137
987 4137 717
1003 4144 4145
1003 4145 1004
1004 4145 4146
1004 4146 1007
992 4147 4148
992 4148 993
1007 4146 4147
1007 4147 992
1032 4149 4150
1032 4150 1029
1029 4150 4151
1029 4151 1033
1036 4152 4153
1036 4153 1037
1033 4151 4154
1033 4154 1057
1057 4154 4155
1057 4155 4156
1092 4157 4158
1092 4158 1093
1307 4159 4160
1307 4160 1304
1093 4158 4161
1093 4161 1319
1319 4161 4159
1319 4159 1307
155 4162 4163
155 4163 152
157 4164 4165
157 4165 158
160 4166 4162
160 4162 155
158 4165 4167
158 4167 162
80 4168 4169
80 4169 81
87 4170 4171
87 4171 84
81 4169 4172
81 4172 89
3995 3998 4002
4087 4085 4092
4173 4174 4175
4173 4175 4176
1874 4177 4178
1874 4178 1872
1872 4178 4179
1872 4179 1876
1883 4180 4181
1883 4181 1884
1884 4181 4182
1884 4182 1888
1888 4182 4183
1888 4183 1889
4184 4185 4186
4187 4188 4189
4190 4191 4192
4190 4192 4193
4194 4195 4196
4194 4196 4197
4198 4199 4200
4198 4200 4201
4178 4177 4202
4178 4202 4203
4178 4203 4179
4180 4204 4205
4180 4205 4181
4181 4205 4206
4181 4206 4182
4182 4206 4207
4182 4207 4183
4208 4209 4210
4208 4210 4211
4212 4213 4214
4212 4214 4215
4203 4202 4216
4203 4216 4217
4218 4219 4220
4218 4220 4221
4222 4203 4217
4179 4203 4222
2590 4223 4224
2590 4224 2505
2503 4225 4226
2503 4226 2591
2505 4224 2592
2594 4225 2503
2592 4227 2593
2067 4228 2594
4224 4229 4227
4224 4227 2592
4223 4230 4229
4223 4229 4224
4225 4231 4232
4225 4232 4226
2594 4228 4231
2594 4231 4225
4227 4233 4234
4227 4234 2593
2067 4235 4236
2067 4236 4228
4229 4237 4233
4229 4233 4227
4230 4238 4237
4230 4237 4229
4231 4239 4240
4231 4240 4232
4228 4236 4239
4228 4239 4231
4241 4242 4243
4241 4243 4244
