byte offset: 0
first index: 15618
index count: 114
topology: trianglelist
format: DXGI_FORMAT_R16_UINT

3876 3877 3878
3879 3880 3881
3882 3883 3884
3885 3886 3887
3885 3887 3888
3888 3887 3889
3888 3889 3890
3890 3889 3891
3890 3891 3892
3878 3893 3894
3878 3894 3895
3896 3897 3883
3898 3899 3897
3900 3899 3898
3885 3884 3886
3882 3884 3885
3898 3897 3896
3895 3894 3880
3895 3880 3901
3879 3881 3899
3879 3899 3900
3878 3877 3893
3876 3902 3877
3903 3902 3876
3901 3880 3879
3896 3883 3882
3904 3905 3906
3904 3906 3907
3905 3908 3909
3905 3909 3906
3910 3911 3909
3910 3909 3908
3912 3913 3914
3912 3914 3915
3916 3904 3907
3916 3907 3917
3911 3910 3913
3911 3913 3912
