byte offset: 0
first index: 0
index count: 15546
topology: trianglelist
format: DXGI_FORMAT_R16_UINT

0 1 2
0 2 3
4 5 6
4 6 7
8 9 10
11 12 13
11 13 14
15 16 17
15 17 18
19 20 21
11 22 23
11 23 24
24 23 25
12 24 26
27 10 9
27 9 28
29 30 19
31 32 33
34 35 36
28 37 27
38 39 26
36 35 15
36 15 40
26 39 12
41 42 14
41 14 4
35 41 7
16 35 7
14 13 5
14 5 4
14 42 22
14 22 11
17 16 7
17 7 6
40 18 32
39 43 44
33 32 45
7 41 4
46 47 48
46 48 49
50 51 52
53 54 55
56 57 58
56 58 59
60 56 61
62 51 47
49 39 44
63 17 64
65 66 67
65 67 68
50 69 51
70 6 5
70 5 71
72 45 73
74 75 76
74 76 77
78 79 80
78 80 81
39 48 69
39 69 12
18 63 73
69 50 13
69 13 12
32 18 73
45 32 73
52 71 50
82 71 52
83 84 51
83 51 62
17 6 70
17 70 64
85 80 86
87 41 34
88 89 90
88 90 91
92 34 93
94 36 40
94 40 31
93 34 36
93 36 94
95 96 97
33 45 28
25 26 24
98 42 87
99 100 101
2 102 103
2 103 3
104 105 106
107 108 104
107 104 106
106 105 100
109 110 111
108 112 104
113 114 115
113 115 116
109 117 118
109 118 119
120 0 121
109 122 123
109 123 117
124 125 126
103 102 127
128 129 114
128 114 130
131 132 133
2 1 119
2 119 118
130 110 119
130 119 134
128 1 135
117 100 105
117 105 118
103 136 3
117 123 101
117 101 100
128 130 134
104 102 105
108 107 137
138 107 139
138 139 140
115 114 129
134 1 128
141 128 142
80 53 55
143 144 145
146 147 148
146 148 149
144 150 151
144 151 152
153 149 154
149 153 145
155 156 157
158 159 156
160 161 144
155 162 163
164 162 157
165 166 167
159 165 168
164 157 169
158 156 155
168 156 159
170 162 164
166 165 159
144 161 150
154 149 171
172 173 174
175 173 172
148 176 171
177 178 179
179 178 180
22 42 98
87 34 92
99 139 107
99 107 106
138 181 137
59 182 61
59 61 56
183 184 185
183 185 186
187 188 72
187 72 60
61 182 189
61 189 190
191 192 193
191 193 194
195 196 197
195 197 198
199 200 201
199 201 202
203 204 205
206 207 208
209 185 210
209 210 211
212 213 214
215 216 217
215 217 218
219 220 221
219 221 222
223 224 225
223 225 226
221 220 226
221 226 225
213 219 222
213 222 214
216 215 224
216 224 223
227 228 229
227 229 230
231 232 233
231 233 234
235 236 228
235 228 237
238 239 240
238 240 241
241 240 242
241 242 243
244 245 241
244 241 243
245 246 238
245 238 241
245 244 247
245 247 248
249 250 251
249 251 252
240 252 253
240 253 242
247 254 255
247 255 248
256 248 255
256 255 257
258 259 260
258 260 261
262 237 228
262 228 227
236 238 246
236 246 263
264 265 266
264 266 267
268 269 270
268 270 271
272 273 274
272 274 275
276 277 278
276 278 279
280 281 282
280 282 283
284 285 286
284 286 287
288 289 290
288 290 291
292 214 293
294 215 218
294 218 295
222 221 296
222 296 297
224 298 299
224 299 225
277 300 301
277 301 278
302 303 304
302 304 305
306 307 308
306 308 309
288 291 310
288 310 311
281 280 312
281 312 313
314 315 316
314 316 317
318 319 320
318 320 321
322 323 287
322 287 286
307 306 324
307 324 325
318 326 327
318 327 319
315 328 329
315 329 316
330 304 303
330 303 331
332 333 272
332 272 275
280 283 284
280 284 287
225 299 296
225 296 221
315 314 320
315 320 319
312 280 287
312 287 323
328 315 319
328 319 327
334 330 331
334 331 335
336 335 331
336 331 329
326 337 338
326 338 327
324 339 340
324 340 325
341 328 327
341 327 338
276 279 292
276 292 293
282 297 296
282 296 283
285 284 299
285 299 298
295 290 289
295 289 294
284 283 296
284 296 299
260 259 264
260 264 267
342 229 263
342 263 343
273 344 345
273 345 346
342 343 347
342 347 348
336 341 275
336 275 274
333 332 349
333 349 350
351 352 266
351 266 265
331 303 316
331 316 329
317 316 303
317 303 302
281 313 300
281 300 277
281 277 276
281 276 282
276 297 282
222 293 214
239 238 236
239 236 235
263 229 228
263 228 236
232 231 250
232 250 249
263 246 256
263 256 343
257 353 343
257 343 256
227 230 344
227 344 354
354 262 227
274 273 346
274 346 270
350 349 234
350 234 233
354 344 273
354 273 272
333 355 354
333 354 272
333 356 355
271 270 346
271 346 347
353 271 347
353 347 343
356 357 262
356 262 355
358 357 233
358 233 232
358 232 235
358 235 237
249 239 235
249 235 232
252 240 239
252 239 249
246 245 248
246 248 256
359 253 252
359 252 251
234 265 264
234 264 231
258 251 250
258 250 259
258 261 360
258 360 361
288 286 285
288 285 289
298 224 215
298 215 294
307 318 321
307 321 308
286 288 311
286 311 322
326 318 307
326 307 325
349 337 340
349 340 351
294 289 285
294 285 298
259 250 231
259 231 264
265 234 349
265 349 351
353 257 362
353 362 363
362 257 255
362 255 364
358 237 262
358 262 357
230 229 342
230 342 348
348 345 344
348 344 230
356 350 233
356 233 357
347 346 345
347 345 348
334 335 270
334 270 269
274 270 335
274 335 336
337 349 332
337 332 338
352 351 340
352 340 339
338 332 275
338 275 341
328 341 336
328 336 329
337 326 325
337 325 340
365 366 254
365 254 247
244 367 365
244 365 247
366 365 368
366 368 369
361 360 370
361 370 371
372 373 374
372 374 375
364 255 254
364 254 376
377 378 253
377 253 359
371 377 359
371 359 361
63 56 60
379 380 381
379 381 382
383 384 385
383 385 386
387 388 382
387 382 381
383 389 212
388 387 390
388 390 391
384 380 379
384 379 385
392 393 394
392 394 395
268 363 396
268 396 397
392 395 398
392 398 399
400 401 402
400 402 403
404 405 406
404 406 407
408 364 376
408 376 409
408 410 362
408 362 364
411 412 413
411 413 414
411 415 416
411 416 417
415 411 414
415 414 418
419 420 421
419 421 422
423 424 425
423 425 426
269 268 397
269 397 427
397 401 428
397 428 427
405 404 429
405 429 430
393 431 429
393 429 404
432 433 392
432 392 399
434 435 279
434 279 278
436 437 435
436 435 434
438 439 440
438 440 441
442 443 441
442 441 440
443 442 444
443 444 445
446 381 380
446 380 447
384 383 448
384 448 449
450 387 381
450 381 446
292 448 383
292 383 212
451 390 387
451 387 450
452 453 454
452 454 455
439 456 457
439 457 440
434 458 459
434 459 436
460 461 462
460 462 463
455 464 465
455 465 452
466 442 440
466 440 457
458 434 278
458 278 301
460 463 305
460 305 304
467 465 464
467 464 468
466 469 444
466 444 442
470 471 468
470 468 464
464 455 472
464 472 470
473 472 455
473 455 454
474 475 461
474 461 460
474 460 304
474 304 330
330 334 476
330 476 474
475 474 476
475 476 477
478 479 472
478 472 473
480 481 429
480 429 431
471 470 482
471 482 483
448 292 279
448 279 435
448 435 437
448 437 449
441 446 447
441 447 438
446 441 443
446 443 450
450 443 445
450 445 451
395 394 418
395 418 414
405 400 403
405 403 406
400 405 430
400 430 484
485 486 487
485 487 420
425 419 488
425 488 426
473 475 477
473 477 478
439 436 459
439 459 456
436 439 438
436 438 437
437 438 447
437 447 449
447 380 384
447 384 449
461 454 453
461 453 462
454 461 475
454 475 473
419 425 485
419 485 420
486 489 410
486 410 408
396 410 489
396 489 402
396 402 401
396 401 397
412 411 417
412 417 490
363 362 410
363 410 396
398 395 414
398 414 413
489 491 403
489 403 402
407 406 424
407 424 423
491 424 406
491 406 403
415 426 488
415 488 416
426 415 418
426 418 423
423 418 394
423 394 407
404 407 394
404 394 393
401 400 484
401 484 428
427 476 334
427 334 269
492 493 428
492 428 484
430 429 481
430 481 494
470 472 479
470 479 482
433 432 483
433 483 482
484 430 494
484 494 492
495 496 409
495 409 376
371 497 498
371 498 377
420 487 499
420 499 421
500 501 205
500 205 502
373 372 417
373 417 416
490 417 372
490 372 503
372 375 504
372 504 503
428 493 476
428 476 427
492 494 478
492 478 477
494 481 479
494 479 478
481 480 482
481 482 479
480 431 433
480 433 482
431 393 392
431 392 433
476 493 492
476 492 477
301 300 302
301 302 305
309 308 311
309 311 310
313 312 314
313 314 317
321 320 323
321 323 322
320 314 312
320 312 323
317 302 300
317 300 313
308 321 322
308 322 311
453 452 457
453 457 456
459 458 463
459 463 462
452 465 466
452 466 457
458 301 305
458 305 463
465 467 469
465 469 466
456 459 462
456 462 453
422 505 506
422 506 507
487 409 496
487 496 499
508 509 510
508 510 199
511 512 513
511 513 514
515 516 517
515 517 518
519 520 521
519 521 522
522 521 523
522 523 524
525 526 527
525 527 528
209 211 512
209 512 511
509 529 530
509 530 510
184 531 210
184 210 185
532 533 534
532 534 535
191 536 537
191 537 192
535 534 538
535 538 539
530 540 541
530 541 510
542 243 242
542 242 543
367 542 544
367 544 545
546 195 198
546 198 547
548 549 524
548 524 523
550 551 552
550 552 553
554 555 556
554 556 557
367 545 368
367 368 365
558 559 560
558 560 561
562 525 528
562 528 563
564 565 566
564 566 567
71 5 13
71 13 50
366 495 376
366 376 254
491 489 486
491 486 485
507 373 416
507 416 488
568 569 570
568 570 571
366 369 572
366 572 495
194 561 560
194 560 191
242 253 378
242 378 543
205 501 573
43 39 38
48 39 49
160 144 143
574 145 575
143 145 574
30 20 19
45 37 28
576 577 578
576 578 579
580 581 555
486 408 409
486 409 487
530 582 583
530 583 540
361 359 251
361 251 258
519 539 538
519 538 520
421 584 505
421 505 422
550 553 577
550 577 576
585 586 587
578 207 588
578 588 579
206 588 207
589 588 206
590 586 585
591 586 590
548 590 585
548 585 549
592 593 594
592 594 595
596 597 598
596 598 599
598 597 593
598 593 592
600 601 150
600 150 602
603 600 602
603 602 604
171 149 148
181 125 124
113 605 111
113 111 110
119 110 109
132 131 606
131 116 606
607 120 121
127 104 112
106 100 99
150 161 602
151 150 601
151 601 608
179 180 609
55 54 21
55 21 96
21 97 96
293 297 276
297 293 222
212 214 292
389 213 212
386 389 383
610 611 612
610 612 613
27 37 614
27 614 615
616 617 97
616 97 20
533 532 618
619 620 621
619 621 622
623 624 625
623 625 626
95 627 628
95 628 90
629 630 76
629 76 75
10 27 615
10 615 631
8 10 631
8 631 632
633 616 20
633 20 30
90 628 634
90 634 91
60 72 73
60 73 63
634 635 636
634 636 91
188 614 37
188 37 72
617 627 95
617 95 97
612 630 629
612 629 613
637 638 29
639 640 641
639 641 642
29 638 633
29 633 30
632 643 8
644 645 611
644 611 610
646 197 196
640 639 645
640 645 644
647 648 511
647 511 514
649 650 651
649 651 652
183 626 625
183 625 184
571 570 525
571 525 562
371 370 653
371 653 497
377 498 654
377 654 378
57 56 63
57 63 64
655 563 528
655 528 656
496 495 572
496 572 657
192 537 658
192 658 659
507 506 374
507 374 373
421 499 660
421 660 584
363 268 271
363 271 353
661 662 619
661 619 622
663 570 569
663 569 664
650 665 666
650 666 651
661 202 201
661 201 662
573 203 205
667 203 668
669 670 554
669 554 671
552 551 546
552 546 547
672 656 528
672 528 527
542 543 673
542 673 544
367 244 243
367 243 542
488 419 422
488 422 507
424 491 485
424 485 425
564 674 675
564 675 565
676 677 678
46 679 564
46 564 567
60 61 190
60 190 187
86 80 79
680 81 681
680 681 682
85 53 80
683 684 74
683 74 77
64 70 82
64 82 57
70 71 82
510 541 200
510 200 199
685 508 199
685 199 202
686 573 501
668 573 687
668 203 573
687 573 686
687 686 688
543 378 654
543 654 673
689 690 621
689 621 620
554 580 555
570 663 526
570 526 525
691 692 676
691 676 678
355 262 354
350 356 333
15 35 16
38 26 25
515 518 583
515 583 582
635 693 694
635 694 636
682 681 89
682 89 88
695 696 692
695 692 691
683 666 665
683 665 684
697 698 699
697 699 700
701 691 678
701 678 702
703 704 705
703 705 706
51 84 707
51 707 52
52 707 708
52 708 82
82 708 58
82 58 57
636 694 698
636 698 697
47 51 69
700 699 704
700 704 703
566 83 62
566 62 567
709 706 66
709 66 702
499 496 657
499 657 660
621 710 711
621 711 622
513 517 516
513 516 514
712 559 558
712 558 688
204 713 502
204 502 205
209 714 186
209 186 185
715 716 717
715 717 690
557 718 671
557 671 554
661 719 685
661 685 202
511 648 714
511 714 209
690 717 710
690 710 621
622 711 719
622 719 661
515 582 720
515 720 721
569 568 718
569 718 557
689 722 715
689 715 690
516 515 721
516 721 723
559 724 725
559 725 560
559 712 726
559 726 724
560 725 536
560 536 191
686 712 688
516 723 647
516 647 514
501 500 726
501 726 712
625 727 531
625 531 184
501 712 686
664 569 557
664 557 556
728 729 730
728 730 659
728 656 672
728 672 729
192 659 730
192 730 193
624 731 727
624 727 625
670 580 554
728 659 658
728 658 732
618 532 197
618 197 646
530 529 720
530 720 582
656 728 732
656 732 655
679 733 695
679 695 734
681 55 96
681 96 89
680 703 706
680 706 709
78 677 79
88 697 700
88 700 682
695 735 696
66 706 705
66 705 67
88 91 636
88 636 697
679 46 49
679 49 733
709 78 81
709 81 680
682 700 703
682 703 680
81 80 55
81 55 681
66 65 701
66 701 702
49 44 735
49 735 733
89 96 95
89 95 90
678 677 78
78 709 702
78 702 678
47 69 48
567 62 47
567 47 46
695 691 701
695 701 734
674 65 68
674 68 675
674 564 679
674 679 734
701 65 674
701 674 734
733 735 695
40 32 31
37 45 72
15 18 40
42 41 87
41 35 34
11 24 12
18 17 63
157 162 155
736 145 144
736 144 152
575 145 153
146 149 145
146 145 736
737 3 136
140 125 138
138 125 181
109 111 122
605 113 116
605 116 131
119 1 134
105 102 2
105 2 118
127 102 104
135 1 738
137 107 138
128 135 142
738 1 0
110 130 114
110 114 113
129 128 141
121 0 3
121 3 737
738 0 120
21 20 97
739 148 147
740 213 389
740 389 741
742 217 216
742 216 743
219 744 745
219 745 220
220 745 746
220 746 226
226 746 747
226 747 223
213 740 744
213 744 219
743 216 223
743 223 747
382 748 749
382 749 379
741 386 750
751 388 391
751 391 752
748 382 388
748 388 751
753 385 379
753 379 749
385 753 750
385 750 386
744 754 745
745 755 746
746 755 756
746 756 747
757 753 758
740 759 744
760 748 761
750 762 741
763 741 762
764 742 743
756 743 747
765 751 752
765 752 766
761 748 751
761 751 765
758 749 760
740 741 763
757 762 750
763 759 740
759 754 744
767 742 764
764 743 756
754 755 745
753 749 758
749 748 760
763 762 768
763 768 769
762 757 770
762 770 768
771 759 772
770 757 758
770 758 773
760 761 774
760 774 775
774 761 765
774 765 776
776 765 766
776 766 777
778 767 764
778 764 779
771 780 755
771 755 754
780 781 756
780 756 755
782 783 784
782 784 785
786 787 788
786 788 789
790 791 792
790 792 793
794 795 796
769 768 797
769 797 798
799 800 801
802 779 803
804 805 806
807 808 809
807 809 810
794 811 795
810 812 813
810 813 794
814 815 816
816 817 818
819 777 820
793 819 820
793 820 821
768 770 784
768 784 797
801 818 822
801 822 823
824 781 780
824 780 825
826 779 781
826 781 824
825 780 771
825 771 827
826 803 779
789 774 776
789 776 792
789 788 775
789 775 774
785 784 770
785 770 773
772 769 798
772 798 828
790 829 791
797 830 831
797 831 798
808 832 833
808 833 834
802 803 834
802 834 833
829 835 836
834 809 808
759 763 769
759 769 772
760 773 758
785 773 788
782 785 787
837 838 839
837 839 840
818 841 822
841 842 843
807 810 844
807 844 845
779 764 756
779 756 781
814 782 846
787 847 782
787 804 847
786 791 848
786 848 804
801 800 816
801 816 818
799 823 849
828 850 851
798 852 828
799 831 830
799 830 853
830 783 853
800 814 816
852 850 828
789 792 791
789 791 786
819 792 776
791 829 848
848 829 836
848 836 854
848 855 805
794 844 810
832 807 845
856 814 846
857 858 859
847 804 806
817 842 841
860 855 854
854 855 848
786 804 787
783 782 814
817 841 818
815 817 816
856 815 814
848 805 804
796 844 794
826 809 834
800 783 814
853 783 800
830 784 783
797 784 830
821 835 790
821 790 793
852 831 799
852 799 849
851 850 822
849 822 850
834 803 826
801 823 799
808 807 832
793 792 819
861 837 851
837 840 825
837 825 827
851 822 862
851 862 861
863 864 858
837 827 828
837 828 851
859 864 809
811 794 813
812 810 809
812 809 864
840 839 857
840 857 859
825 859 824
827 771 772
827 772 828
824 859 809
824 809 826
812 864 863
838 837 861
823 822 849
849 850 852
831 852 798
853 800 799
859 858 864
840 859 825
754 759 771
750 753 757
389 386 741
775 773 760
788 773 775
787 785 788
782 847 846
776 777 819
778 779 802
790 835 829
156 865 157
866 865 156
157 865 169
866 156 168
867 739 868
176 148 869
870 739 867
869 148 870
870 148 739
871 872 873
871 873 874
875 876 877
875 877 878
879 880 881
882 883 884
882 884 885
886 887 888
886 888 889
890 891 892
882 893 894
882 894 895
893 896 894
885 897 893
898 899 881
898 881 880
900 890 901
902 903 904
905 906 907
899 898 908
909 897 910
906 911 886
906 886 907
897 885 910
912 875 883
912 883 913
907 876 912
889 876 907
883 875 878
883 878 884
883 882 895
883 895 913
888 877 876
888 876 889
911 904 887
910 914 915
903 916 904
876 875 912
917 918 919
917 919 920
921 922 923
924 925 926
927 928 929
927 929 930
931 932 927
933 920 923
918 914 910
934 935 888
936 937 938
936 938 939
921 923 940
941 942 878
941 878 877
943 944 916
945 946 947
945 947 948
949 950 951
949 951 952
910 885 940
910 940 919
887 944 934
940 885 884
940 884 921
904 944 887
916 944 904
922 921 942
953 922 942
954 933 923
954 923 955
888 935 941
888 941 877
956 957 951
958 905 912
959 960 961
959 961 962
963 964 905
965 902 911
965 911 906
964 965 906
964 906 905
966 967 968
903 899 916
896 893 897
969 958 913
970 971 972
873 872 973
873 973 974
975 976 977
978 976 975
978 975 979
976 972 977
980 981 982
979 975 983
984 985 986
984 986 987
980 988 989
980 989 990
991 992 871
980 990 993
980 993 994
995 996 997
973 998 974
999 1000 987
999 987 1001
1002 1003 1004
873 989 988
873 988 874
1000 1005 988
1000 988 982
999 1006 874
990 989 977
990 977 972
973 872 1007
990 972 971
990 971 993
999 1005 1000
975 977 974
979 1008 978
1009 1010 1011
1009 1011 978
986 1001 987
1005 999 874
1012 1013 999
951 925 924
1014 1015 1016
1017 1018 1019
1017 1019 1020
1016 1021 1022
1016 1022 1023
1024 1025 1018
1018 1015 1024
1026 1027 1028
1029 1028 1030
1031 1016 1032
1026 1033 1034
1035 1027 1034
1036 1037 1038
1030 1039 1036
1035 1040 1027
1029 1026 1028
1039 1030 1028
1041 1035 1034
1038 1030 1036
1016 1023 1032
1025 1042 1018
1043 1044 1045
1046 1043 1045
1019 1042 1047
1048 1049 1050
1049 1051 1050
895 969 913
958 963 905
970 976 978
970 978 1011
1009 1008 1052
928 927 932
928 932 1053
1054 1055 1056
1054 1056 1057
1058 931 943
1058 943 1059
932 1060 1061
932 1061 1053
1062 1063 1064
1062 1064 1065
1066 1067 1068
1066 1068 1069
1070 1071 1072
1070 1072 1073
1074 1075 1076
1077 1078 1079
1080 1081 1082
1080 1082 1056
1083 1084 1085
1086 1087 1088
1086 1088 1089
1090 1091 1092
1090 1092 1093
1094 1095 1096
1094 1096 1097
1092 1096 1095
1092 1095 1093
1085 1084 1091
1085 1091 1090
1089 1094 1097
1089 1097 1086
1098 1099 1100
1098 1100 1101
1102 1103 1104
1102 1104 1105
1106 1107 1101
1106 1101 1108
1109 1110 1111
1109 1111 1112
1110 1113 1114
1110 1114 1111
1115 1113 1110
1115 1110 1116
1116 1110 1109
1116 1109 1117
1116 1118 1119
1116 1119 1115
1120 1121 1122
1120 1122 1123
1111 1114 1124
1111 1124 1121
1119 1118 1125
1119 1125 1126
1127 1128 1125
1127 1125 1118
1129 1130 1131
1129 1131 1132
1133 1098 1101
1133 1101 1107
1108 1134 1117
1108 1117 1109
1135 1136 1137
1135 1137 1138
1139 1140 1141
1139 1141 1142
1143 1144 1145
1143 1145 1146
1147 1148 1149
1147 1149 1150
1151 1152 1153
1151 1153 1154
1155 1156 1157
1155 1157 1158
1159 1160 1161
1159 1161 1162
1163 1164 1084
1165 1166 1087
1165 1087 1086
1091 1167 1168
1091 1168 1092
1097 1096 1169
1097 1169 1170
1150 1149 1171
1150 1171 1172
1173 1174 1175
1173 1175 1176
1177 1178 1179
1177 1179 1180
1159 1181 1182
1159 1182 1160
1154 1183 1184
1154 1184 1151
1185 1186 1187
1185 1187 1188
1189 1190 1191
1189 1191 1192
1193 1157 1156
1193 1156 1194
1180 1195 1196
1180 1196 1177
1189 1192 1197
1189 1197 1198
1188 1187 1199
1188 1199 1200
1201 1202 1176
1201 1176 1175
1203 1144 1143
1203 1143 1204
1151 1156 1155
1151 1155 1152
1096 1092 1168
1096 1168 1169
1188 1192 1191
1188 1191 1185
1184 1194 1156
1184 1156 1151
1200 1197 1192
1200 1192 1188
1205 1206 1202
1205 1202 1201
1207 1199 1202
1207 1202 1206
1198 1197 1208
1198 1208 1209
1196 1195 1210
1196 1210 1211
1212 1208 1197
1212 1197 1200
1147 1164 1163
1147 1163 1148
1153 1152 1168
1153 1168 1167
1158 1170 1169
1158 1169 1155
1166 1165 1162
1166 1162 1161
1155 1169 1168
1155 1168 1152
1131 1136 1135
1131 1135 1132
1213 1214 1134
1213 1134 1100
1146 1215 1216
1146 1216 1217
1213 1218 1219
1213 1219 1214
1207 1145 1144
1207 1144 1212
1204 1220 1221
1204 1221 1203
1222 1138 1137
1222 1137 1223
1202 1199 1187
1202 1187 1176
1186 1173 1176
1186 1176 1187
1154 1150 1172
1154 1172 1183
1154 1153 1147
1154 1147 1150
1147 1153 1167
1091 1084 1164
1112 1106 1108
1112 1108 1109
1134 1108 1101
1134 1101 1100
1105 1120 1123
1105 1123 1102
1134 1214 1127
1134 1127 1117
1128 1127 1214
1128 1214 1224
1098 1225 1217
1098 1217 1099
1225 1098 1133
1145 1141 1215
1145 1215 1146
1220 1104 1103
1220 1103 1221
1225 1143 1146
1225 1146 1217
1204 1143 1225
1204 1225 1226
1204 1226 1227
1140 1219 1215
1140 1215 1141
1224 1214 1219
1224 1219 1140
1227 1226 1133
1227 1133 1228
1229 1105 1104
1229 1104 1228
1229 1107 1106
1229 1106 1105
1120 1105 1106
1120 1106 1112
1121 1120 1112
1121 1112 1111
1117 1127 1118
1117 1118 1116
1230 1122 1121
1230 1121 1124
1103 1102 1135
1103 1135 1138
1129 1132 1123
1129 1123 1122
1129 1231 1232
1129 1232 1130
1159 1162 1158
1159 1158 1157
1170 1165 1086
1170 1086 1097
1180 1179 1190
1180 1190 1189
1157 1193 1181
1157 1181 1159
1198 1195 1180
1198 1180 1189
1221 1222 1210
1221 1210 1209
1165 1170 1158
1165 1158 1162
1132 1135 1102
1132 1102 1123
1138 1222 1221
1138 1221 1103
1224 1233 1234
1224 1234 1128
1234 1235 1125
1234 1125 1128
1229 1228 1133
1229 1133 1107
1099 1218 1213
1099 1213 1100
1218 1099 1217
1218 1217 1216
1227 1228 1104
1227 1104 1220
1219 1218 1216
1219 1216 1215
1205 1142 1141
1205 1141 1206
1145 1207 1206
1145 1206 1141
1209 1208 1203
1209 1203 1221
1223 1211 1210
1223 1210 1222
1208 1212 1144
1208 1144 1203
1200 1199 1207
1200 1207 1212
1209 1210 1195
1209 1195 1198
1236 1119 1126
1236 1126 1237
1115 1119 1236
1115 1236 1238
1237 1239 1240
1237 1240 1236
1231 1241 1242
1231 1242 1232
1243 1244 1245
1243 1245 1246
1235 1247 1126
1235 1126 1125
1248 1230 1124
1248 1124 1249
1241 1231 1230
1241 1230 1248
934 931 927
1250 1251 1252
1250 1252 1253
1254 1255 1256
1254 1256 1257
1258 1252 1251
1258 1251 1259
1254 1083 1260
1259 1261 1262
1259 1262 1258
1257 1256 1250
1257 1250 1253
1263 1264 1265
1263 1265 1266
1139 1267 1268
1139 1268 1233
1263 1269 1270
1263 1270 1264
1271 1272 1273
1271 1273 1274
1275 1276 1277
1275 1277 1278
1279 1280 1247
1279 1247 1235
1279 1235 1234
1279 1234 1281
1282 1283 1284
1282 1284 1285
1282 1286 1287
1282 1287 1288
1288 1289 1283
1288 1283 1282
1290 1291 1292
1290 1292 1293
1294 1295 1296
1294 1296 1297
1142 1298 1267
1142 1267 1139
1267 1298 1299
1267 1299 1274
1278 1300 1301
1278 1301 1275
1266 1275 1301
1266 1301 1302
1303 1269 1263
1303 1263 1304
1305 1149 1148
1305 1148 1306
1307 1305 1306
1307 1306 1308
1309 1310 1311
1309 1311 1312
1313 1311 1310
1313 1310 1314
1314 1315 1316
1314 1316 1313
1317 1318 1253
1317 1253 1252
1257 1319 1320
1257 1320 1254
1321 1317 1252
1321 1252 1258
1163 1083 1254
1163 1254 1320
1322 1321 1258
1322 1258 1262
1323 1324 1325
1323 1325 1326
1312 1311 1327
1312 1327 1328
1305 1307 1329
1305 1329 1330
1331 1332 1333
1331 1333 1334
1324 1323 1335
1324 1335 1336
1337 1327 1311
1337 1311 1313
1330 1171 1149
1330 1149 1305
1331 1175 1174
1331 1174 1332
1338 1339 1336
1338 1336 1335
1337 1313 1316
1337 1316 1340
1341 1336 1339
1341 1339 1342
1336 1341 1343
1336 1343 1324
1344 1325 1324
1344 1324 1343
1345 1331 1334
1345 1334 1346
1345 1201 1175
1345 1175 1331
1201 1345 1347
1201 1347 1205
1346 1348 1347
1346 1347 1345
1349 1344 1343
1349 1343 1350
1351 1302 1301
1351 1301 1352
1342 1353 1354
1342 1354 1341
1320 1306 1148
1320 1148 1163
1320 1319 1308
1320 1308 1306
1310 1309 1318
1310 1318 1317
1317 1321 1314
1317 1314 1310
1321 1322 1315
1321 1315 1314
1264 1283 1289
1264 1289 1265
1278 1277 1272
1278 1272 1271
1271 1355 1300
1271 1300 1278
1356 1293 1357
1356 1357 1358
1296 1295 1359
1296 1359 1290
1344 1349 1348
1344 1348 1346
1312 1328 1329
1312 1329 1307
1307 1308 1309
1307 1309 1312
1308 1319 1318
1308 1318 1309
1318 1319 1257
1318 1257 1253
1334 1333 1326
1334 1326 1325
1325 1344 1346
1325 1346 1334
1290 1293 1356
1290 1356 1296
1358 1279 1281
1358 1281 1360
1268 1273 1360
1268 1360 1281
1268 1267 1274
1268 1274 1273
1285 1361 1286
1285 1286 1282
1233 1268 1281
1233 1281 1234
1270 1284 1283
1270 1283 1264
1360 1273 1272
1360 1272 1362
1276 1294 1297
1276 1297 1277
1362 1272 1277
1362 1277 1297
1288 1287 1359
1288 1359 1295
1295 1294 1289
1295 1289 1288
1294 1276 1265
1294 1265 1289
1275 1266 1265
1275 1265 1276
1274 1299 1355
1274 1355 1271
1298 1142 1205
1298 1205 1347
1363 1355 1299
1363 1299 1364
1300 1365 1352
1300 1352 1301
1341 1354 1350
1341 1350 1343
1304 1354 1353
1304 1353 1303
1355 1363 1365
1355 1365 1300
1366 1247 1280
1366 1280 1367
1241 1248 1368
1241 1368 1369
1293 1292 1370
1293 1370 1357
1371 1372 1075
1371 1075 1373
1246 1287 1286
1246 1286 1243
1361 1374 1243
1361 1243 1286
1243 1374 1375
1243 1375 1244
1299 1298 1347
1299 1347 1364
1363 1348 1349
1363 1349 1365
1365 1349 1350
1365 1350 1352
1352 1350 1354
1352 1354 1351
1351 1354 1304
1351 1304 1302
1302 1304 1263
1302 1263 1266
1347 1348 1363
1347 1363 1364
1171 1174 1173
1171 1173 1172
1178 1182 1181
1178 1181 1179
1183 1186 1185
1183 1185 1184
1190 1193 1194
1190 1194 1191
1191 1194 1184
1191 1184 1185
1186 1183 1172
1186 1172 1173
1179 1181 1193
1179 1193 1190
1326 1328 1327
1326 1327 1323
1329 1333 1332
1329 1332 1330
1323 1327 1337
1323 1337 1335
1330 1332 1174
1330 1174 1171
1335 1337 1340
1335 1340 1338
1328 1326 1333
1328 1333 1329
1291 1376 1377
1291 1377 1378
1357 1370 1367
1357 1367 1280
1379 1070 1380
1379 1380 1381
1382 1383 1384
1382 1384 1385
1386 1387 1388
1386 1388 1389
1390 1391 1392
1390 1392 1393
1391 1394 1395
1391 1395 1392
1396 1397 1398
1396 1398 1399
1080 1382 1385
1080 1385 1081
1381 1380 1400
1381 1400 1401
1057 1056 1082
1057 1082 1402
1403 1404 1405
1403 1405 1406
1062 1065 1407
1062 1407 1408
1404 1409 1410
1404 1410 1405
1400 1380 1411
1400 1411 1412
1413 1414 1114
1413 1114 1113
1238 1415 1416
1238 1416 1413
1417 1418 1067
1417 1067 1066
1419 1395 1394
1419 1394 1420
1421 1422 1423
1421 1423 1424
1425 1426 1427
1425 1427 1428
1238 1236 1240
1238 1240 1415
1429 1430 1431
1429 1431 1432
1433 1434 1397
1433 1397 1396
1435 1436 1437
1435 1437 1438
942 921 884
942 884 878
1237 1126 1247
1237 1247 1366
1362 1356 1358
1362 1358 1360
1376 1359 1287
1376 1287 1246
1439 1440 1441
1439 1441 1442
1237 1366 1443
1237 1443 1239
1063 1062 1431
1063 1431 1430
1114 1414 1249
1114 1249 1124
1075 1444 1373
915 909 910
919 918 910
1031 1014 1016
1445 1446 1015
1014 1445 1015
901 890 892
916 899 908
1447 1448 1449
1447 1449 1450
1451 1428 1452
1358 1357 1280
1358 1280 1279
1400 1412 1453
1400 1453 1454
1231 1129 1122
1231 1122 1230
1390 1393 1410
1390 1410 1409
1292 1291 1378
1292 1378 1455
1421 1447 1450
1421 1450 1422
1456 1457 1458
1449 1448 1459
1449 1459 1079
1077 1079 1459
1460 1077 1459
1461 1456 1458
1462 1461 1458
1419 1420 1456
1419 1456 1461
1463 1464 1465
1463 1465 1466
1467 1468 1469
1467 1469 1470
1469 1463 1466
1469 1466 1470
1471 1472 1023
1471 1023 1473
1474 1475 1472
1474 1472 1471
1042 1019 1018
1052 995 997
984 982 981
984 981 1476
988 980 982
1004 1477 1002
1002 1477 985
1478 992 991
998 983 975
976 970 972
1023 1472 1032
1022 1479 1473
1022 1473 1023
1049 1480 1051
925 968 891
925 891 926
891 968 967
1164 1147 1167
1167 1091 1164
1083 1163 1084
1260 1083 1085
1255 1254 1260
1481 1482 1483
1481 1483 1484
898 1485 1486
898 1486 908
1487 892 967
1487 967 1488
1406 1489 1403
1490 1491 1492
1490 1492 1493
1494 1495 1496
1494 1496 1497
966 961 1498
966 1498 1499
1500 948 947
1500 947 1501
880 1502 1485
880 1485 898
879 1503 1502
879 1502 880
1504 901 892
1504 892 1487
961 960 1505
961 1505 1498
931 934 944
931 944 943
1505 960 1506
1505 1506 1507
1059 943 908
1059 908 1486
1488 967 966
1488 966 1499
1483 1482 1500
1483 1500 1501
1508 900 1509
1510 1511 1512
1510 1512 1513
900 901 1504
900 1504 1509
1503 879 1514
1515 1481 1484
1515 1484 1516
1517 1069 1068
1513 1515 1516
1513 1516 1510
1518 1383 1382
1518 1382 1519
1520 1521 1522
1520 1522 1523
1054 1057 1496
1054 1496 1495
1440 1433 1396
1440 1396 1441
1241 1369 1524
1241 1524 1242
1248 1249 1525
1248 1525 1368
930 935 934
930 934 927
1526 1527 1397
1526 1397 1434
1367 1528 1443
1367 1443 1366
1065 1529 1530
1065 1530 1407
1376 1246 1245
1376 1245 1377
1292 1455 1531
1292 1531 1370
1233 1224 1140
1233 1140 1139
1532 1491 1490
1532 1490 1533
1534 1535 1442
1534 1442 1441
1523 1522 1536
1523 1536 1537
1532 1533 1072
1532 1072 1071
1444 1075 1074
1538 1539 1074
1540 1541 1425
1540 1425 1542
1423 1418 1417
1423 1417 1424
1543 1398 1397
1543 1397 1527
1413 1416 1544
1413 1544 1414
1238 1413 1113
1238 1113 1115
1359 1376 1291
1359 1291 1290
1297 1296 1356
1297 1356 1362
1435 1438 1545
1435 1545 1546
1547 1548 1549
917 1436 1435
917 1435 1550
931 1058 1060
931 1060 932
957 952 951
1551 1552 1553
1551 1553 950
956 951 924
1554 946 945
1554 945 1555
935 930 953
935 953 941
941 953 942
1380 1070 1073
1380 1073 1411
1556 1071 1070
1556 1070 1379
1557 1373 1444
1539 1558 1444
1539 1444 1074
1558 1557 1444
1558 1559 1557
1414 1544 1525
1414 1525 1249
1560 1493 1492
1560 1492 1561
1425 1428 1451
1441 1396 1399
1441 1399 1534
1562 1548 1547
1562 1547 1563
1226 1225 1133
1220 1204 1227
886 889 907
909 896 897
1386 1454 1453
1386 1453 1387
1507 1506 1564
1507 1564 1565
1552 959 962
1552 962 1553
1566 1562 1563
1566 1563 1567
1554 1555 1537
1554 1537 1536
1568 1569 1570
1568 1570 1571
1572 1573 1548
1572 1548 1562
1574 1575 1576
1574 1576 1577
923 922 1578
923 1578 955
922 953 1579
922 1579 1578
953 930 929
953 929 1579
1506 1568 1571
1506 1571 1564
920 940 923
1569 1574 1577
1569 1577 1570
1437 1436 933
1437 933 954
1580 1573 939
1580 939 1575
1370 1531 1528
1370 1528 1367
1492 1491 1581
1492 1581 1582
1384 1383 1389
1384 1389 1388
1583 1559 1429
1583 1429 1432
1076 1075 1372
1076 1372 1584
1080 1056 1055
1080 1055 1585
1586 1561 1587
1586 1587 1588
1426 1425 1541
1426 1541 1589
1532 1071 1556
1532 1556 1590
1382 1080 1585
1382 1585 1519
1561 1492 1582
1561 1582 1587
1491 1532 1590
1491 1590 1581
1386 1591 1592
1386 1592 1454
1442 1426 1589
1442 1589 1439
1560 1561 1586
1560 1586 1593
1389 1594 1591
1389 1591 1386
1432 1431 1595
1432 1595 1596
1432 1596 1597
1432 1597 1583
1431 1062 1408
1431 1408 1595
1557 1559 1583
1389 1383 1518
1389 1518 1594
1373 1583 1597
1373 1597 1371
1496 1057 1402
1496 1402 1598
1373 1557 1583
1535 1427 1426
1535 1426 1442
1599 1529 1600
1599 1600 1601
1599 1601 1543
1599 1543 1527
1065 1064 1600
1065 1600 1529
1497 1496 1598
1497 1598 1602
1542 1425 1451
1599 1603 1530
1599 1530 1529
1489 1517 1068
1489 1068 1403
1400 1454 1592
1400 1592 1401
1527 1526 1603
1527 1603 1599
1550 1604 1566
1550 1566 1605
1553 962 968
1553 968 925
1551 1580 1575
1551 1575 1574
949 952 1549
959 1552 1569
959 1569 1568
1566 1567 1606
939 938 1576
939 1576 1575
959 1568 1506
959 1506 960
1550 1605 918
1550 918 917
1580 1551 950
1580 950 949
1552 1551 1574
1552 1574 1569
950 1553 925
950 925 951
939 1573 1572
939 1572 936
918 1605 1606
918 1606 914
962 961 966
962 966 968
1548 949 1549
949 1548 1573
949 1573 1580
920 919 940
1436 917 920
1436 920 933
1566 1604 1572
1566 1572 1562
1546 1545 937
1546 937 936
1546 1604 1550
1546 1550 1435
1572 1604 1546
1572 1546 936
1605 1566 1606
911 902 904
908 943 916
886 911 887
913 958 912
912 905 907
882 885 893
887 934 888
1027 1026 1034
1607 1021 1016
1607 1016 1015
1446 1024 1015
1017 1607 1015
1017 1015 1018
1608 1007 872
1010 1009 997
1009 1052 997
980 994 981
1476 1002 985
1476 985 984
988 1005 874
977 989 873
977 873 974
998 975 974
1006 1609 874
1008 1009 978
999 1013 1006
1609 871 874
982 984 987
982 987 1000
1001 1012 999
992 1608 872
992 872 871
1609 991 871
891 967 892
1610 1020 1019
1611 1612 1260
1611 1260 1085
1613 1614 1089
1613 1089 1088
1090 1093 1615
1090 1615 1616
1093 1095 1617
1093 1617 1615
1095 1094 1618
1095 1618 1617
1085 1090 1616
1085 1616 1611
1614 1618 1094
1614 1094 1089
1251 1250 1619
1251 1619 1620
1612 1621 1255
1622 1623 1261
1622 1261 1259
1620 1622 1259
1620 1259 1251
1624 1619 1250
1624 1250 1256
1256 1255 1621
1256 1621 1624
1616 1615 1625
1615 1617 1626
1617 1618 1627
1617 1627 1626
1628 1629 1624
1611 1616 1630
1631 1632 1620
1621 1612 1633
1634 1633 1612
1635 1614 1613
1627 1618 1614
1636 1637 1623
1636 1623 1622
1632 1636 1622
1632 1622 1620
1629 1631 1619
1611 1634 1612
1628 1621 1633
1634 1611 1630
1630 1616 1625
1638 1635 1613
1635 1627 1614
1625 1615 1626
1624 1629 1619
1619 1631 1620
1634 1639 1640
1634 1640 1633
1633 1640 1641
1633 1641 1628
1642 1643 1630
1641 1644 1629
1641 1629 1628
1631 1645 1646
1631 1646 1632
1646 1647 1636
1646 1636 1632
1647 1648 1637
1647 1637 1636
1649 1650 1635
1649 1635 1638
1642 1625 1626
1642 1626 1651
1651 1626 1627
1651 1627 1652
1653 1654 1655
1653 1655 1656
1657 1658 1659
1657 1659 1660
1661 1662 1663
1661 1663 1664
1665 1666 1667
1639 1668 1669
1639 1669 1640
1670 1671 1672
1673 1674 1650
1675 1676 1677
1678 1679 1680
1678 1680 1681
1665 1667 1682
1679 1665 1683
1679 1683 1684
1685 1686 1687
1686 1688 1689
1690 1691 1648
1662 1692 1691
1662 1691 1690
1640 1669 1655
1640 1655 1641
1671 1693 1694
1671 1694 1688
1695 1696 1651
1695 1651 1652
1697 1695 1652
1697 1652 1650
1696 1698 1642
1696 1642 1651
1697 1650 1674
1658 1663 1647
1658 1647 1646
1658 1646 1645
1658 1645 1659
1654 1644 1641
1654 1641 1655
1643 1699 1668
1643 1668 1639
1661 1664 1700
1669 1668 1701
1669 1701 1702
1681 1703 1704
1681 1704 1705
1673 1704 1703
1673 1703 1674
1700 1706 1707
1703 1681 1680
1630 1643 1639
1630 1639 1634
1631 1629 1644
1654 1659 1644
1653 1660 1654
1708 1709 1710
1708 1710 1711
1688 1694 1712
1712 1713 1714
1678 1715 1716
1678 1716 1679
1650 1652 1627
1650 1627 1635
1685 1717 1653
1660 1653 1718
1660 1718 1675
1657 1675 1719
1657 1719 1664
1671 1688 1686
1671 1686 1672
1670 1720 1693
1699 1721 1722
1668 1699 1723
1670 1724 1702
1670 1702 1701
1702 1724 1656
1672 1686 1685
1723 1699 1722
1658 1657 1664
1658 1664 1663
1690 1647 1663
1664 1719 1700
1719 1725 1706
1719 1706 1700
1719 1677 1726
1665 1679 1716
1705 1715 1678
1727 1717 1685
1728 1729 1730
1718 1676 1675
1689 1712 1714
1731 1725 1726
1725 1719 1726
1657 1660 1675
1656 1685 1653
1689 1688 1712
1687 1686 1689
1727 1685 1687
1719 1675 1677
1666 1665 1716
1697 1703 1680
1672 1685 1656
1724 1672 1656
1702 1656 1655
1669 1702 1655
1692 1662 1661
1692 1661 1707
1723 1720 1670
1723 1670 1701
1721 1694 1722
1720 1722 1694
1703 1697 1674
1671 1670 1693
1681 1705 1678
1662 1690 1663
1732 1721 1708
1708 1698 1696
1708 1696 1709
1721 1732 1733
1721 1733 1694
1734 1730 1735
1708 1721 1699
1708 1699 1698
1729 1680 1735
1682 1683 1665
1684 1735 1680
1684 1680 1679
1709 1729 1728
1709 1728 1710
1696 1695 1729
1698 1699 1643
1698 1643 1642
1695 1697 1680
1695 1680 1729
1684 1734 1735
1711 1732 1708
1693 1720 1694
1720 1723 1722
1701 1668 1723
1724 1670 1672
1729 1735 1730
1709 1696 1729
1625 1642 1630
1621 1628 1624
1260 1612 1255
1645 1631 1644
1659 1645 1644
1660 1659 1654
1653 1717 1718
1647 1690 1648
1649 1673 1650
1661 1700 1707
1028 1027 1736
1737 1028 1736
1027 1040 1736
1737 1039 1028
1738 1739 1610
1047 1740 1019
1741 1738 1610
1740 1741 1019
1741 1610 1019
1742 1743 1744
1745 1746 1747
1745 1747 1748
1743 1749 1745
1743 1745 1748
1750 1751 1752
1753 1754 1755
1747 1746 1756
1747 1756 1757
1753 1757 1756
1753 1756 1754
1758 1742 1744
1759 1760 1761
1762 1763 1764
1762 1764 1765
1759 1763 1762
1759 1762 1766
1767 1768 1755
1753 1755 1768
1764 1769 1770
1764 1770 1765
1771 1772 1770
1771 1770 1769
1773 1761 1760
1774 1751 1750
1775 1768 1767
1749 1743 1742
1766 1760 1759
1776 1777 1778
1779 1780 1777
1779 1777 1776
1781 1782 1783
1784 1785 1786
1784 1786 1787
1788 1789 1790
1788 1790 1791
1787 1786 1792
1787 1792 1793
1794 1795 1796
1794 1796 1797
1798 1799 1800
1801 1792 1786
1801 1786 1802
1803 1804 1805
1803 1805 1806
1807 1808 1809
1807 1809 1810
1811 1812 1813
1814 1815 1804
1814 1804 1803
1816 1817 1818
1816 1818 1819
1820 1821 1822
1820 1822 1823
1824 1787 1793
1824 1793 1825
1826 1827 1828
1829 1777 1830
1829 1830 1825
1791 1831 1788
1832 1833 1834
1832 1834 1835
1777 1836 1830
1799 1837 1821
1799 1821 1820
1837 1838 1839
1837 1839 1821
1840 1794 1797
1840 1797 1841
1842 1814 1803
1842 1803 1843
1844 1845 1846
1847 1848 1849
1850 1851 1852
1850 1852 1853
1854 1855 1836
1854 1836 1780
1856 1857 1855
1856 1855 1854
1856 1858 1819
1856 1819 1857
1854 1859 1781
1854 1781 1856
1795 1860 1858
1795 1858 1796
1861 1862 1829
1861 1829 1825
1861 1825 1793
1784 1863 1789
1784 1789 1788
1855 1864 1830
1855 1830 1836
1824 1864 1865
1824 1865 1863
1859 1780 1866
1849 1867 1847
1798 1868 1838
1798 1838 1837
1854 1780 1859
1869 1870 1871
1828 1870 1872
1873 1874 1826
1873 1826 1875
1876 1870 1869
1813 1877 1871
1827 1878 1828
1806 1879 1843
1806 1843 1803
1880 1877 1813
1881 1882 1883
1881 1883 1884
1885 1886 1887
1885 1887 1888
1889 1890 1891
1889 1891 1892
1833 1802 1893
1833 1893 1834
1801 1894 1895
1801 1895 1884
1828 1896 1870
1871 1870 1813
1897 1898 1869
1845 1899 1900
1845 1900 1901
1879 1845 1843
1843 1844 1842
1902 1791 1903
1791 1790 1904
1791 1904 1903
1905 1906 1795
1905 1795 1794
1817 1907 1908
1794 1840 1909
1794 1909 1905
1910 1816 1860
1910 1860 1911
1795 1906 1911
1795 1911 1860
1912 1913 1839
1912 1839 1909
1914 1912 1909
1914 1909 1840
1842 1915 1810
1807 1916 1848
1807 1848 1917
1917 1848 1847
1917 1847 1918
1847 1867 1852
1847 1852 1918
1902 1919 1920
1902 1920 1831
1917 1918 1921
1917 1921 1922
1808 1923 1924
1808 1924 1809
1839 1838 1905
1839 1905 1909
1911 1925 1910
1868 1926 1911
1868 1911 1906
1838 1868 1906
1838 1906 1905
1839 1913 1822
1839 1822 1821
1831 1791 1902
1797 1796 1781
1797 1781 1783
1810 1809 1814
1810 1814 1842
1812 1880 1813
1819 1818 1865
1819 1865 1857
1819 1858 1860
1819 1860 1816
1796 1858 1856
1796 1856 1781
1927 1928 1929
1930 1880 1931
1810 1915 1916
1810 1916 1807
1831 1920 1893
1831 1893 1785
1809 1924 1815
1809 1815 1814
1865 1864 1855
1865 1855 1857
1818 1790 1789
1884 1883 1792
1884 1792 1801
1830 1864 1824
1830 1824 1825
1817 1816 1907
1863 1784 1787
1863 1787 1824
1861 1883 1882
1861 1882 1862
1865 1818 1789
1865 1789 1863
1852 1851 1921
1852 1921 1918
1867 1932 1933
1852 1867 1933
1852 1933 1853
1850 1853 1820
1850 1820 1823
1853 1933 1799
1853 1799 1820
1933 1800 1799
1917 1808 1807
1872 1876 1885
1846 1934 1844
1935 1848 1916
1915 1935 1916
1846 1845 1901
1901 1930 1846
1893 1802 1786
1893 1786 1785
1829 1862 1778
1920 1919 1936
1893 1936 1834
1846 1930 1928
1885 1937 1886
1873 1938 1939
1873 1939 1940
1937 1885 1941
1876 1942 1943
1899 1845 1879
1944 1927 1945
1806 1805 1946
1806 1946 1947
1948 1942 1949
1948 1943 1942
1897 1806 1947
1899 1897 1869
1898 1950 1951
1898 1947 1952
1946 1953 1947
1869 1898 1942
1952 1950 1898
1938 1954 1939
1955 1943 1948
1941 1943 1955
1954 1888 1956
1782 1859 1866
1780 1836 1777
1840 1841 1914
1783 1841 1797
1848 1935 1957
1835 1834 1936
1958 1926 1868
1958 1868 1798
1959 1960 1832
1961 1962 1878
1925 1926 1958
1944 1945 1934
1963 1910 1925
1932 1867 1849
1846 1928 1944
1811 1962 1961
1811 1961 1964
1896 1962 1811
1888 1887 1956
1888 1872 1885
1907 1910 1963
1790 1908 1904
1828 1872 1826
1891 1965 1892
1957 1935 1945
1932 1800 1933
1929 1930 1931
1920 1936 1893
1788 1831 1785
1788 1785 1784
1817 1908 1790
1944 1928 1927
1954 1938 1888
1962 1896 1828
1870 1876 1872
1888 1938 1873
1888 1873 1875
1826 1872 1875
1826 1874 1827
1876 1943 1885
1808 1922 1923
1922 1808 1917
1869 1871 1900
1869 1900 1899
1879 1897 1899
1934 1945 1935
1915 1934 1935
1944 1934 1846
1901 1900 1930
1964 1812 1811
1845 1844 1843
1844 1915 1842
1930 1900 1877
1930 1877 1880
1811 1813 1896
1844 1934 1915
1928 1930 1929
1871 1877 1900
1813 1870 1896
1869 1942 1876
1892 1960 1959
1940 1966 1873
1959 1889 1892
1873 1966 1874
1817 1790 1818
1926 1925 1911
1907 1816 1910
1778 1777 1829
1859 1782 1781
1866 1780 1779
1942 1898 1951
1942 1951 1949
1941 1885 1943
1875 1872 1888
1897 1947 1898
1879 1806 1897
1947 1953 1952
1837 1799 1798
1828 1878 1962
1802 1833 1894
1802 1894 1801
1793 1792 1883
1793 1883 1861
1965 1881 1884
1965 1884 1895
1895 1892 1965
1894 1960 1892
1894 1892 1895
1894 1833 1832
1894 1832 1960
1967 1968 1969
1970 1971 1972
1971 1970 1973
1971 1973 1974
1972 1971 1969
1972 1969 1968
1975 1976 1977
1978 1979 1980
1981 1982 1983
1983 1979 1981
1984 1985 1986
1979 1987 1988
1979 1988 1989
1980 1979 1989
1980 1989 1990
1985 1978 1980
1986 1985 1980
1986 1980 1990
1991 1992 1993
1976 1994 1977
1995 1996 1997
1998 1995 1997
1999 2000 2001
1999 2001 2002
1982 2003 1983
2004 2005 2006
1987 1979 1983
2005 2001 2000
2007 2008 1998
2009 2008 2010
2010 2007 2011
2012 1987 1983
2012 1983 2003
2013 2014 2015
2016 1992 2017
2018 2019 1994
2018 1994 2020
2020 1994 1976
1993 1992 2016
1996 2001 2004
2001 2005 2004
2010 2008 2007
1987 2012 2021
1996 1995 2001
1998 2008 1995
2008 2009 1999
2008 1999 2002
2002 2001 1995
1995 2008 2002
2014 2013 2003
2014 2003 1982
2022 1988 2021
2021 2012 2023
2021 1988 1987
1981 1979 1978
2024 2025 2026
2027 2024 2026
2027 2026 2028
2029 2030 2031
2032 2033 2034
2032 2034 2035
2036 2037 2038
2036 2038 2039
2033 2040 2041
2033 2041 2034
2042 2043 2044
2042 2044 2045
2046 2047 2048
2049 2050 2034
2049 2034 2041
2051 2052 2053
2051 2053 2054
2055 2056 2057
2055 2057 2058
2059 2060 2061
2062 2051 2054
2062 2054 2063
2064 2065 2066
2064 2066 2067
2068 2069 2070
2068 2070 2071
2072 2073 2040
2072 2040 2033
2074 2075 2076
2077 2073 2078
2077 2078 2026
2037 2036 2079
2080 2081 2082
2080 2082 2083
2026 2078 2084
2048 2068 2071
2048 2071 2085
2085 2071 2086
2085 2086 2087
2088 2089 2043
2088 2043 2042
2090 2091 2051
2090 2051 2062
2092 2093 2094
2095 2096 2097
2098 2099 2100
2098 2100 2101
2102 2028 2084
2102 2084 2103
2104 2102 2103
2104 2103 2105
2104 2105 2065
2104 2065 2106
2102 2104 2029
2102 2029 2107
2045 2044 2106
2045 2106 2108
2109 2077 2110
2109 2040 2073
2109 2073 2077
2032 2036 2039
2032 2039 2111
2103 2084 2078
2103 2078 2112
2072 2111 2113
2072 2113 2112
2107 2114 2028
2096 2095 2115
2046 2085 2087
2046 2087 2116
2102 2107 2028
2117 2118 2119
2075 2120 2119
2121 2122 2074
2121 2074 2123
2124 2117 2119
2060 2118 2125
2076 2075 2126
2052 2051 2091
2052 2091 2127
2128 2060 2125
2129 2130 2131
2129 2131 2132
2133 2134 2135
2133 2135 2136
2137 2138 2139
2137 2139 2140
2083 2082 2141
2083 2141 2050
2049 2130 2142
2049 2142 2143
2075 2119 2144
2118 2060 2119
2145 2117 2146
2094 2147 2148
2094 2148 2149
2127 2091 2094
2091 2090 2092
2150 2151 2037
2037 2151 2152
2037 2152 2038
2153 2042 2045
2153 2045 2154
2067 2155 2156
2042 2153 2157
2042 2157 2088
2158 2159 2108
2158 2108 2064
2045 2108 2159
2045 2159 2154
2160 2157 2086
2160 2086 2161
2162 2088 2157
2162 2157 2160
2090 2056 2163
2055 2164 2097
2055 2097 2165
2164 2166 2095
2164 2095 2097
2095 2166 2100
2095 2100 2115
2150 2079 2167
2150 2167 2168
2164 2169 2170
2164 2170 2166
2058 2057 2171
2058 2171 2172
2086 2157 2153
2086 2153 2087
2159 2158 2173
2116 2154 2159
2116 2159 2174
2087 2153 2154
2087 2154 2116
2086 2071 2070
2086 2070 2161
2079 2150 2037
2043 2030 2029
2043 2029 2044
2056 2090 2062
2056 2062 2057
2061 2060 2128
2065 2105 2113
2065 2113 2066
2065 2064 2108
2065 2108 2106
2044 2029 2104
2044 2104 2106
2175 2176 2177
2178 2179 2128
2056 2055 2165
2056 2165 2163
2079 2035 2141
2079 2141 2167
2057 2062 2063
2057 2063 2171
2113 2105 2103
2113 2103 2112
2066 2039 2038
2130 2049 2041
2130 2041 2131
2078 2073 2072
2078 2072 2112
2067 2156 2064
2111 2072 2033
2111 2033 2032
2109 2110 2132
2109 2132 2131
2113 2111 2039
2113 2039 2066
2100 2166 2170
2100 2170 2101
2115 2180 2181
2100 2099 2180
2100 2180 2115
2098 2069 2068
2098 2068 2099
2099 2068 2048
2099 2048 2180
2180 2048 2047
2164 2055 2058
2120 2133 2124
2093 2092 2182
2183 2165 2097
2163 2165 2183
2093 2147 2094
2147 2093 2178
2141 2035 2034
2141 2034 2050
2077 2025 2110
2167 2184 2168
2141 2082 2184
2093 2177 2178
2133 2136 2185
2121 2186 2187
2121 2187 2188
2185 2189 2133
2124 2190 2191
2149 2127 2094
2192 2193 2175
2052 2194 2195
2052 2195 2053
2196 2197 2191
2196 2191 2190
2145 2194 2052
2149 2117 2145
2146 2198 2199
2146 2200 2194
2195 2194 2201
2117 2191 2146
2200 2146 2199
2188 2187 2202
2203 2196 2190
2189 2203 2190
2202 2204 2134
2031 2114 2107
2028 2026 2084
2088 2162 2089
2030 2043 2089
2097 2205 2183
2081 2184 2082
2206 2046 2116
2206 2116 2174
2207 2080 2208
2209 2126 2210
2173 2206 2174
2192 2182 2193
2211 2173 2158
2181 2096 2115
2093 2192 2177
2059 2212 2209
2059 2209 2210
2144 2059 2210
2134 2204 2135
2134 2133 2120
2156 2211 2158
2038 2152 2155
2075 2074 2120
2139 2138 2213
2205 2193 2183
2181 2180 2047
2176 2179 2178
2167 2141 2184
2036 2032 2035
2036 2035 2079
2067 2038 2155
2192 2175 2177
2202 2134 2188
2210 2075 2144
2119 2120 2124
2134 2122 2121
2134 2121 2188
2074 2122 2120
2074 2076 2123
2124 2133 2190
2058 2172 2169
2169 2164 2058
2117 2149 2148
2117 2148 2118
2127 2149 2145
2182 2183 2193
2163 2183 2182
2192 2093 2182
2147 2178 2148
2212 2059 2061
2094 2091 2092
2092 2090 2163
2178 2125 2148
2178 2128 2125
2059 2144 2060
2092 2163 2182
2177 2176 2178
2118 2148 2125
2060 2144 2119
2117 2124 2191
2138 2207 2208
2186 2121 2214
2207 2138 2137
2121 2123 2214
2067 2066 2038
2174 2159 2173
2156 2158 2064
2025 2077 2026
2107 2029 2031
2114 2027 2028
2191 2197 2198
2191 2198 2146
2189 2190 2133
2122 2134 2120
2145 2146 2194
2127 2145 2052
2194 2200 2201
2085 2046 2048
2075 2210 2126
2050 2049 2143
2050 2143 2083
2040 2109 2131
2040 2131 2041
2213 2142 2130
2213 2130 2129
2142 2213 2138
2143 2142 2138
2143 2138 2208
2143 2208 2080
2143 2080 2083
2215 2216 2217
2218 2219 2220
2220 2221 2222
2220 2222 2218
2219 2217 2216
2219 2216 2220
2223 2224 2225
2226 2227 2228
2229 2230 2231
2230 2229 2228
2232 2233 2234
2228 2235 2236
2228 2236 2237
2227 2238 2235
2227 2235 2228
2234 2227 2226
2233 2238 2227
2233 2227 2234
2239 2240 2241
2225 2224 2242
2243 2244 2245
2246 2244 2243
2247 2248 2249
2247 2249 2250
2231 2230 2251
2252 2253 2254
2237 2230 2228
2254 2250 2249
2255 2246 2256
2257 2258 2256
2258 2259 2255
2260 2251 2230
2260 2230 2237
2261 2262 2263
2264 2265 2241
2266 2267 2242
2266 2242 2268
2267 2225 2242
2240 2264 2241
2245 2252 2249
2249 2252 2254
2258 2255 2256
2237 2269 2260
2245 2249 2243
2246 2243 2256
2256 2248 2247
2256 2247 2257
2248 2243 2249
2243 2248 2256
2263 2231 2251
2263 2251 2261
2270 2269 2236
2269 2271 2260
2269 2237 2236
2229 2226 2228
2272 2273 2274
2272 2274 2275
2276 2277 2278
2276 2278 2279
2275 2274 2277
2275 2277 2276
2280 2281 2273
2280 2273 2272
2282 2283 2281
2282 2281 2280
2284 2285 2286
2284 2286 2287
2285 2288 2289
2285 2289 2286
2288 2290 2291
2288 2291 2289
2292 2293 2294
2292 2294 2295
2293 2284 2287
2293 2287 2294
2296 2297 2282
2296 2282 2280
2298 2299 2284
2298 2284 2293
2300 2301 2272
2300 2272 2275
2302 2303 2304
2302 2304 2305
2306 2307 2308
2306 2308 2309
2310 2311 2312
2310 2312 2313
2314 2315 2316
2314 2316 2317
2317 2316 2318
2317 2318 2319
2320 2321 2315
2320 2315 2314
2319 2318 2322
2319 2322 2323
2323 2322 2311
2323 2311 2310
2324 2325 2303
2324 2303 2302
2326 2327 2328
2326 2328 2329
2329 2328 2307
2329 2307 2306
2309 2308 2325
2309 2325 2324
2284 2299 2330
2284 2330 2285
2292 2331 2298
2292 2298 2293
2332 2333 2298
2332 2298 2331
2334 2297 2296
2334 2296 2335
2272 2301 2296
2272 2296 2280
2336 2337 2338
2336 2338 2339
2340 2341 2342
2340 2342 2343
2337 2340 2343
2337 2343 2338
2344 2336 2339
2344 2339 2345
2346 2344 2345
2346 2345 2347
2348 2349 2350
2348 2350 2351
2351 2350 2352
2351 2352 2353
2353 2352 2354
2353 2354 2355
2356 2357 2358
2356 2358 2359
2359 2358 2349
2359 2349 2348
2360 2344 2346
2360 2346 2361
2362 2359 2348
2362 2348 2363
2364 2337 2336
2364 2336 2365
2366 2367 2368
2366 2368 2369
2370 2371 2372
2370 2372 2373
2374 2375 2376
2374 2376 2377
2378 2379 2380
2378 2380 2381
2379 2382 2383
2379 2383 2380
2384 2378 2381
2384 2381 2385
2382 2386 2387
2382 2387 2383
2386 2374 2377
2386 2377 2387
2388 2366 2369
2388 2369 2389
2390 2391 2392
2390 2392 2393
2391 2370 2373
2391 2373 2392
2371 2388 2389
2371 2389 2372
2348 2351 2394
2348 2394 2363
2356 2359 2362
2356 2362 2395
2396 2395 2362
2396 2362 2397
2398 2399 2360
2398 2360 2361
2336 2344 2360
2336 2360 2365
2400 2401 2402
2403 2404 2405
2406 2407 2408
2409 2410 2411
2412 2413 2414
2415 2416 2417
2418 2419 2420
2421 2422 2423
2424 2425 2426
2427 2428 2429
2430 2431 2432
2433 2434 2435
2436 2437 2438
2439 2440 2441
2442 2443 2444
2445 2446 2447
2448 2449 2450
2451 2452 2453
2454 2455 2456
2457 2458 2459
2460 2461 2462
2463 2464 2465
2466 2467 2468
2469 2470 2471
2472 2473 2474
2475 2476 2477
2478 2479 2480
2481 2482 2483
2484 2485 2486
2487 2488 2489
2490 2491 2492
2493 2494 2495
2496 2497 2498
2499 2500 2501
2502 2503 2504
2505 2506 2507
2508 2509 2510
2511 2427 2429
2512 2513 2514
2515 2516 2517
2518 2519 2520
2513 2521 2514
2522 822 841
2515 2523 2524
2525 2526 2527
2524 2528 2521
2524 2521 2513
2529 2528 2524
2530 838 2531
2532 813 812
2532 812 863
2526 862 2522
2522 841 843
2522 843 2533
861 2534 838
2518 2520 2535
2536 2537 2538
2539 811 813
2539 813 2532
2525 2527 2540
2514 858 2541
2539 2528 2542
2514 2521 863
2535 2520 2543
2535 2543 2544
2545 2536 2546
2547 2512 2548
2549 839 2530
2524 2523 2529
2550 2551 2536
2552 2553 2554
861 2555 2534
863 2521 2532
858 2514 863
2532 2528 2539
857 2541 858
2541 857 2549
2548 2556 2550
2551 2537 2536
2557 2526 2525
839 838 2530
857 839 2549
2558 2559 2560
2558 2560 2538
2552 2561 2562
2556 2551 2550
2521 2528 2532
862 2555 861
862 822 2522
2527 2526 2522
2527 2522 2533
2512 2556 2548
2513 2512 2547
2563 2519 2564
2563 2565 2519
2566 2561 2567
2566 2516 2561
2517 2523 2515
2559 2568 2569
2519 2565 2570
838 2534 2531
2542 2528 2529
2564 2519 2518
2562 2548 2553
2554 2553 2545
2545 2553 2550
2561 2516 2515
2567 2561 2552
2546 2571 2545
2560 2572 2546
2571 2573 2554
2574 2575 2576
2577 2578 2579
2577 2579 2580
2581 2573 2582
2581 2582 2583
2577 2580 2583
2577 2583 2582
2576 2575 2584
2576 2584 2585
2575 2586 2587
2575 2587 2584
2588 2589 2590
2591 2579 2576
2591 2576 2585
2581 2592 2573
2580 2579 2591
2580 2591 2593
2578 2576 2579
2594 2569 2595
2594 2595 2574
2546 2572 2571
2583 2596 2581
2580 2593 2597
2580 2597 2583
2575 2598 2586
2597 2596 2583
2567 2552 2599
2589 2570 2590
2573 2592 2554
2560 2559 2569
2560 2569 2594
2571 2577 2582
2594 2572 2560
2571 2572 2577
2552 2554 2600
2552 2600 2599
2570 2565 2590
2595 2575 2574
2574 2576 2578
2601 2565 2563
2590 2565 2601
2582 2573 2571
2595 2598 2575
2578 2572 2574
2577 2572 2578
2519 2602 2603
2586 2589 2588
2589 2568 2570
2569 2598 2595
2598 2589 2586
2574 2572 2594
2568 2598 2569
2589 2598 2568
2604 2605 2603
2604 2558 2605
2559 2558 2604
2554 2592 2600
2554 2545 2571
2568 2604 2602
2568 2602 2570
2570 2602 2519
2604 2568 2559
2520 2606 2543
2538 2560 2546
2538 2546 2536
2520 2519 2603
2605 2607 2608
2538 2537 2609
2603 2608 2606
2603 2606 2520
2605 2608 2603
2538 2609 2558
2558 2607 2605
2603 2602 2604
2558 2609 2607
2548 2562 2547
2515 2524 2513
2515 2513 2547
2550 2553 2548
2536 2545 2550
2561 2547 2562
2553 2552 2562
2515 2547 2561
2555 862 2526
2610 2586 2588
2587 2586 2610
2611 2612 2613
2611 2613 2614
2615 2616 2612
2615 2612 2611
2617 2618 2619
2620 2617 2619
2620 2619 2621
2622 2623 2624
2625 2622 2624
2625 2624 2626
2627 2628 2629
2627 2629 2630
2631 2632 2618
2631 2618 2633
2626 2634 2635
2626 2635 2625
2634 2636 2637
2634 2637 2635
2629 2638 2630
2639 2621 2619
2640 2641 2642
2290 2643 2644
2290 2644 2291
2643 2623 2645
2643 2645 2644
2646 2647 2648
2646 2648 2649
2645 2623 2622
2616 2615 2650
2616 2650 2638
2630 2638 2650
2279 2278 2628
2279 2628 2627
2642 2637 2636
2642 2636 2640
2651 2649 2648
2652 2653 2654
2655 2656 2657
2658 2631 2633
2658 2633 2659
2660 2661 2647
2660 2647 2646
2661 2660 2662
2661 2662 2652
2659 2663 2664
2659 2664 2658
2662 2653 2652
2657 2656 2665
2666 2667 2668
2669 2670 2671
2669 2671 2672
2673 2674 2675
2673 2675 2676
2675 2677 2678
2675 2678 2676
2679 2680 2681
2679 2681 2682
2681 2683 2684
2681 2684 2682
2685 2686 2687
2685 2687 2688
2689 2690 2691
2689 2691 2692
2687 2693 2694
2687 2694 2688
2695 2696 2697
2695 2697 2698
2699 2700 2701
2699 2701 2702
2702 2701 2703
2702 2703 2704
2704 2703 2705
2704 2705 2706
2707 2686 2685
2707 2685 2708
2678 2677 2709
2678 2709 2710
2711 2712 2713
2711 2713 2714
2715 2716 2717
2715 2717 2718
2719 2720 2721
2719 2721 2722
2712 2720 2719
2712 2719 2713
2723 2724 2725
2723 2725 2726
2721 2724 2723
2721 2723 2722
2727 2728 2729
2727 2729 2730
2725 2731 2732
2725 2732 2726
2733 2734 2735
2733 2735 2736
2737 2738 2739
2737 2739 2740
2734 2741 2742
2734 2742 2735
2743 2738 2737
2743 2737 2744
2739 2745 2746
2739 2746 2740
2745 2747 2748
2745 2748 2746
2709 2749 2750
2709 2750 2710
2694 2693 2751
2694 2751 2752
2753 2754 2755
2753 2755 2756
2753 2756 2757
2755 2658 2664
2758 2632 2631
2758 2631 2759
2760 2761 2762
2760 2762 2763
2747 2733 2736
2747 2736 2748
2751 2674 2673
2751 2673 2752
2764 2765 2639
2766 2704 2706
2766 2706 2767
2768 2702 2704
2768 2704 2766
2749 2769 2770
2749 2770 2750
2671 2670 2771
2671 2771 2772
2773 2774 2650
2757 2756 2775
2757 2775 2776
2777 2775 2778
2778 2779 2780
2775 2781 2779
2729 2728 2782
2729 2782 2666
2777 2778 2783
2778 2784 2783
2662 2785 2653
2786 2787 2788
2786 2788 2789
2653 2790 2791
2653 2791 2657
2668 2667 2792
2668 2792 2791
2784 2780 2782
2666 2793 2794
2795 2796 2655
2630 2774 2797
2630 2797 2627
2798 2799 2276
2798 2276 2279
2797 2798 2279
2797 2279 2627
2800 2801 2802
2800 2802 2330
2799 2300 2275
2799 2275 2276
2639 2758 2803
2632 2758 2619
2804 2301 2300
2804 2300 2805
2768 2806 2699
2768 2699 2702
2807 2808 2809
2807 2809 2810
2808 2811 2812
2808 2812 2809
2811 2813 2814
2811 2814 2812
2762 2815 2816
2762 2816 2763
2817 2818 2819
2817 2819 2820
2819 2786 2789
2819 2789 2820
2821 2822 2823
2821 2823 2824
2823 2818 2817
2823 2817 2824
2825 2826 2827
2825 2827 2828
2827 2822 2821
2827 2821 2828
2815 2829 2830
2815 2830 2816
2829 2831 2832
2829 2832 2830
2833 2834 2835
2833 2835 2836
2834 2837 2838
2834 2838 2835
2839 2840 2641
2837 2841 2842
2837 2842 2838
2831 2843 2844
2831 2844 2832
2845 2846 2847
2845 2847 2848
2649 2840 2849
2649 2849 2646
2846 2850 2785
2846 2785 2847
2843 2833 2836
2843 2836 2844
2851 2761 2760
2851 2760 2852
2853 2854 2813
2853 2813 2811
2855 2853 2811
2855 2811 2808
2650 2774 2630
2856 2857 2858
2850 2859 2860
2850 2860 2785
2785 2860 2790
2785 2790 2653
2780 2779 2861
2780 2861 2862
2859 2863 2864
2859 2864 2860
2782 2667 2666
2863 2865 2864
2864 2794 2793
2780 2784 2778
2667 2862 2861
2667 2861 2792
2666 2668 2793
2728 2784 2782
2794 2729 2666
2667 2782 2862
2866 2867 2643
2866 2643 2290
2867 2857 2623
2867 2623 2643
2330 2802 2288
2330 2288 2285
2802 2866 2290
2802 2290 2288
2868 2774 2773
2619 2758 2639
2641 2840 2649
2869 2840 2839
2855 2808 2807
2855 2807 2870
2871 2872 2772
2871 2772 2771
2770 2769 2873
2770 2873 2874
2697 2707 2708
2697 2708 2698
2875 2876 2853
2875 2853 2855
2876 2877 2853
2877 2878 2854
2877 2854 2853
2879 2880 2768
2879 2768 2766
2881 2882 2766
2881 2766 2767
2768 2880 2883
2882 2879 2766
2884 2883 2717
2884 2717 2716
2855 2852 2875
2841 2885 2886
2841 2886 2842
2781 2663 2887
2840 2888 2849
2849 2848 2660
2849 2660 2646
2888 2845 2848
2888 2848 2849
2885 2826 2825
2885 2825 2886
2731 2889 2890
2731 2890 2732
2803 2758 2759
2803 2759 2891
2891 2759 2754
2891 2754 2892
2759 2631 2658
2759 2658 2754
2889 2743 2744
2889 2744 2890
2873 2680 2679
2873 2679 2874
2893 2894 2696
2893 2696 2695
2895 2803 2891
2895 2891 2896
2896 2891 2892
2896 2892 2897
2869 2898 2888
2898 2899 2845
2898 2845 2888
2900 2901 2634
2900 2634 2626
2901 2902 2636
2901 2636 2634
2903 2904 2869
2903 2869 2839
2856 2900 2626
2856 2626 2624
2905 2906 2865
2905 2865 2863
2906 2730 2729
2906 2729 2865
2865 2794 2864
2907 2908 2859
2907 2859 2850
2908 2905 2863
2908 2863 2859
2899 2909 2846
2899 2846 2845
2909 2907 2850
2909 2850 2846
2806 2768 2883
2806 2883 2884
2910 2615 2611
2910 2611 2911
2911 2611 2614
2911 2614 2912
2764 2639 2803
2764 2803 2895
2902 2913 2640
2902 2640 2636
2624 2857 2856
2773 2650 2615
2773 2615 2910
2914 2777 2783
2914 2783 2915
2915 2783 2728
2915 2728 2727
2916 2757 2776
2916 2776 2917
2917 2776 2777
2917 2777 2914
2897 2892 2753
2897 2753 2918
2918 2753 2757
2918 2757 2916
2791 2790 2793
2791 2793 2668
2623 2857 2624
2775 2779 2778
2860 2864 2790
2657 2791 2792
2657 2792 2655
2684 2683 2669
2684 2669 2672
2741 2715 2718
2741 2718 2742
2870 2851 2852
2870 2852 2855
2779 2795 2861
2795 2655 2792
2795 2792 2861
2655 2796 2919
2654 2657 2665
2887 2795 2781
2641 2640 2839
2614 2621 2765
2614 2765 2912
2641 2649 2651
2651 2642 2641
2793 2790 2864
2904 2898 2869
2619 2618 2632
2639 2765 2621
2920 2796 2795
2865 2729 2794
2783 2784 2728
2869 2888 2840
2921 2922 2690
2921 2690 2689
2923 2924 2925
2923 2925 2926
2927 2928 2929
2927 2929 2930
2930 2929 2931
2930 2931 2932
2932 2931 2933
2932 2933 2934
2935 2936 2924
2935 2924 2923
2937 2938 2939
2937 2939 2940
2941 2942 2943
2941 2943 2944
2944 2943 2945
2944 2945 2946
2313 2312 2947
2313 2947 2948
2949 2950 2938
2949 2938 2937
2951 2952 2950
2951 2950 2949
2948 2947 2952
2948 2952 2951
2940 2939 2936
2940 2936 2935
2926 2925 2953
2926 2953 2954
2955 2956 2327
2955 2327 2326
2934 2933 2956
2934 2956 2955
2946 2945 2928
2946 2928 2927
2957 2958 2942
2957 2942 2941
2959 2960 2961
2959 2961 2962
2963 2964 2965
2963 2965 2966
2967 2968 2969
2967 2969 2970
2970 2969 2971
2970 2971 2972
2973 2974 2964
2973 2964 2963
2972 2971 2975
2972 2975 2976
2977 2978 2979
2977 2979 2980
2962 2961 2981
2962 2981 2982
2982 2981 2974
2982 2974 2973
2980 2979 2968
2980 2968 2967
2954 2953 2960
2954 2960 2959
2976 2975 2958
2976 2958 2957
2691 2983 2692
2984 2858 2857
2984 2857 2867
2801 2985 2866
2801 2866 2802
2986 2797 2774
2986 2774 2868
2333 2987 2299
2333 2299 2298
2987 2800 2330
2987 2330 2299
2985 2984 2867
2985 2867 2866
2988 2799 2798
2988 2798 2989
2335 2296 2301
2335 2301 2804
2805 2300 2799
2805 2799 2988
2989 2798 2797
2989 2797 2986
2640 2913 2839
2839 2913 2903
2614 2613 2620
2614 2620 2621
2780 2862 2782
2919 2656 2655
2664 2663 2781
2660 2848 2847
2660 2847 2662
2756 2664 2781
2754 2658 2755
2920 2795 2887
2653 2657 2654
2756 2781 2775
2755 2664 2756
2892 2754 2753
2847 2785 2662
2781 2795 2779
2776 2775 2777
2990 2991 2992
2993 2994 2995
2996 2993 2995
2991 2997 2992
2991 2990 2998
2995 2999 2996
2994 2997 2991
2991 3000 3001
2998 3000 2991
2995 2994 2991
3002 3003 3004
3002 3004 3005
3006 3007 3008
3006 3008 3009
3010 3011 3012
3010 3012 3013
3003 3014 3015
3003 3015 3004
3016 3006 3009
3016 3009 3017
3018 3019 3011
3018 3011 3010
3014 3020 3021
3014 3021 3015
3022 3016 3017
3022 3017 3023
3024 3025 3019
3024 3019 3018
3021 3026 3027
3028 3022 3023
3029 3030 3025
3029 3025 3024
3026 3031 3032
3026 3032 3027
3033 3034 3028
3033 3028 3035
3036 3037 3030
3036 3030 3029
3031 3038 3039
3031 3039 3032
3040 3033 3035
3040 3035 3041
3036 3042 3037
3038 3043 3044
3038 3044 3039
3045 3040 3041
3045 3041 3046
3047 3048 3042
3047 3042 3049
3043 3050 3051
3043 3051 3044
3052 3045 3046
3052 3046 3053
3054 3055 3048
3054 3048 3047
3056 3057 3058
3056 3058 3059
3057 3060 3061
3057 3061 3058
3062 3063 3064
3062 3064 3065
3066 3067 3068
3066 3068 3069
3060 3070 3071
3060 3071 3061
3072 3062 3065
3072 3065 3073
3074 3075 3067
3074 3067 3066
3070 3076 3077
3070 3077 3071
3078 3072 3073
3078 3073 3079
3074 3080 3075
3077 3081 3082
3083 3078 3079
3084 3085 3080
3084 3080 3086
3082 3087 3088
3089 3090 3083
3091 3092 3085
3091 3085 3084
3087 3093 3094
3087 3094 3088
3095 3096 3089
3095 3089 3097
3098 3099 3092
3098 3092 3091
3093 3100 3101
3093 3101 3094
3102 3095 3097
3102 3097 3103
3104 3105 3099
3104 3099 3098
3100 3106 3107
3100 3107 3101
3108 3102 3103
3108 3103 3109
3110 3111 3105
3110 3105 3104
3106 3112 3113
3106 3113 3107
3114 3108 3109
3114 3109 3115
3116 3117 3111
3116 3111 3110
3013 3012 3118
3013 3118 3119
3007 3120 3121
3007 3121 3008
3122 3002 3005
3122 3005 3123
3069 3068 3124
3069 3124 3125
3063 3126 3127
3063 3127 3064
3086 3080 3074
3076 3081 3077
3081 3087 3082
3020 3026 3021
3049 3042 3036
3034 3022 3028
3090 3078 3083
3096 3090 3089
3128 3129 3130
3128 3130 3131
3132 3133 3134
3132 3134 3135
3129 3136 3137
3129 3137 3130
3138 3132 3135
3138 3135 3139
3136 3140 3141
3136 3141 3137
3142 3138 3139
3142 3139 3143
3140 3144 3145
3140 3145 3141
3146 3142 3147
3146 3147 3148
3144 3149 3150
3144 3150 3145
3151 3146 3148
3151 3148 3152
3153 3154 3155
3153 3155 3156
3157 3158 3154
3157 3154 3153
3159 3160 3158
3159 3158 3161
3162 3163 3160
3162 3160 3159
3164 3163 3162
3164 3162 3165
3166 3167 3168
3166 3168 3169
3149 3170 3171
3149 3171 3150
3172 3173 3174
3172 3174 3175
3172 3156 3155
3172 3155 3173
3176 3151 3152
3176 3152 3177
3170 3167 3166
3170 3166 3171
3176 3177 3169
3176 3169 3168
3178 3179 3180
3178 3180 3181
3182 3183 3184
3182 3184 3185
3186 3184 3183
3186 3183 3187
3188 3189 3190
3191 3192 3193
3194 3195 3196
3190 3189 3197
3198 1712 1694
3191 3199 3200
3201 3202 3203
3199 3190 3197
3199 3197 3204
3205 3199 3204
3206 3207 1711
3208 1734 1684
3208 1684 1683
3203 3198 1733
3198 3209 1713
3198 1713 1712
1732 1711 3210
3194 3211 3195
3212 3213 3214
3215 3208 1683
3215 1683 1682
3201 3216 3202
3189 3217 1730
3215 3218 3204
3189 1734 3197
3211 3219 3220
3211 3220 3195
3221 3222 3212
3223 3224 3188
3225 3206 1710
3199 3205 3200
3226 3212 3227
3228 3229 3230
1732 3210 3231
1734 3208 3197
1730 1734 3189
3208 3215 3204
1728 1730 3217
3217 3225 1728
3224 3226 3232
3227 3212 3214
3233 3201 3203
1710 3206 1711
1728 3225 1710
3234 3213 3235
3234 3235 3236
3228 3237 3238
3232 3226 3227
3197 3208 3204
1733 1732 3231
1733 3198 1694
3202 3209 3198
3202 3198 3203
3188 3224 3232
3190 3223 3188
3239 3240 3196
3239 3196 3241
3242 3243 3238
3242 3238 3193
3192 3191 3200
3236 3244 3245
3196 3246 3241
1711 3207 3210
3218 3205 3204
3240 3194 3196
3237 3230 3224
3229 3221 3230
3221 3226 3230
3238 3191 3193
3243 3228 3238
3222 3221 3247
3235 3222 3248
3247 3229 3249
3250 3251 3252
3253 3254 3255
3253 3255 3256
3257 3258 3259
3257 3259 3249
3253 3259 3258
3253 3258 3254
3251 3260 3261
3251 3261 3252
3252 3261 3262
3252 3262 3263
3264 3265 3266
3267 3260 3251
3267 3251 3255
3257 3249 3268
3254 3269 3267
3254 3267 3255
3256 3255 3251
3270 3250 3271
3270 3271 3244
3222 3247 3248
3258 3257 3272
3254 3258 3273
3254 3273 3269
3252 3263 3274
3273 3258 3272
3243 3275 3228
3266 3265 3246
3249 3229 3268
3235 3270 3244
3235 3244 3236
3247 3259 3253
3270 3235 3248
3247 3253 3248
3228 3276 3229
3228 3275 3276
3246 3265 3241
3271 3250 3252
3250 3256 3251
3277 3239 3241
3265 3277 3241
3259 3247 3249
3271 3252 3274
3256 3250 3248
3253 3256 3248
3196 3278 3279
3263 3264 3266
3266 3246 3245
3244 3271 3274
3274 3263 3266
3250 3270 3248
3245 3244 3274
3266 3245 3274
3280 3278 3281
3280 3281 3234
3236 3280 3234
3229 3276 3268
3229 3247 3221
3245 3246 3279
3245 3279 3280
3246 3196 3279
3280 3236 3245
3195 3220 3282
3213 3212 3222
3213 3222 3235
3195 3278 3196
3281 3283 3284
3213 3285 3214
3278 3282 3283
3278 3195 3282
3281 3278 3283
3213 3234 3285
3234 3281 3284
3278 3280 3279
3234 3284 3285
3224 3223 3237
3191 3223 3190
3191 3190 3199
3226 3224 3230
3212 3226 3221
3238 3237 3223
3230 3237 3228
3191 3238 3223
3231 3203 1733
3286 3264 3263
3262 3286 3263
3287 3288 3289
3287 3289 3290
3291 3287 3290
3291 3290 3292
3293 3294 3295
3296 3297 3294
3296 3294 3293
3298 3299 3300
3301 3302 3299
3301 3299 3298
3303 3304 3305
3303 3305 3306
3307 3308 3295
3307 3295 3309
3302 3301 3310
3302 3310 3311
3311 3310 3312
3311 3312 3313
3305 3304 3314
3315 3294 3297
3316 3317 3318
2355 2354 3319
2355 3319 3320
3320 3319 3321
3320 3321 3300
3322 3323 3324
3322 3324 3325
3321 3298 3300
3292 3314 3326
3292 3326 3291
3304 3326 3314
2341 3303 3306
2341 3306 2342
3317 3316 3313
3317 3313 3312
3327 3324 3323
3328 3329 3330
3331 3332 3333
3334 3335 3308
3334 3308 3307
3336 3322 3325
3336 3325 3337
3337 3328 3338
3337 3338 3336
3335 3334 3339
3335 3339 3340
3338 3328 3330
3332 3341 3333
3342 3343 3344
3345 3346 3347
3345 3347 3348
3349 3350 3351
3349 3351 3352
3351 3350 3353
3351 3353 3354
3355 3356 3357
3355 3357 3358
3357 3356 3359
3357 3359 3360
3361 3362 3363
3361 3363 3364
3365 3366 3367
3365 3367 3368
3363 3362 3369
3363 3369 3370
3371 3372 3373
3371 3373 3374
3375 3376 3377
3375 3377 3378
3376 3379 3380
3376 3380 3377
3379 3381 3382
3379 3382 3380
3383 3384 3361
3383 3361 3364
3353 3385 3386
3353 3386 3354
3387 3388 3389
3387 3389 3390
3391 3392 3393
3391 3393 3394
3395 3396 3397
3395 3397 3398
3390 3389 3395
3390 3395 3398
3399 3400 3401
3399 3401 3402
3397 3396 3399
3397 3399 3402
3403 3404 3405
3403 3405 3406
3401 3400 3407
3401 3407 3408
3409 3410 3411
3409 3411 3412
3413 3414 3415
3413 3415 3416
3412 3411 3417
3412 3417 3418
3419 3420 3413
3419 3413 3416
3415 3414 3421
3415 3421 3422
3422 3421 3423
3422 3423 3424
3386 3385 3425
3386 3425 3426
3369 3427 3428
3369 3428 3370
3429 3430 3431
3429 3432 3433
3429 3433 3430
3430 3339 3334
3434 3435 3307
3434 3307 3309
3436 3437 3438
3436 3438 3439
3424 3423 3410
3424 3410 3409
3428 3427 3349
3428 3349 3352
3440 3315 3441
3442 3443 3381
3442 3381 3379
3444 3442 3379
3444 3379 3376
3426 3425 3445
3426 3445 3446
3347 3447 3448
3347 3448 3348
3449 3326 3450
3432 3451 3452
3432 3452 3433
3453 3454 3452
3454 3455 3456
3452 3456 3457
3405 3342 3458
3405 3458 3406
3453 3459 3454
3454 3459 3460
3338 3330 3461
3462 3463 3464
3462 3464 3465
3330 3332 3466
3330 3466 3467
3343 3466 3468
3343 3468 3344
3460 3458 3455
3342 3469 3470
3471 3331 3472
3304 3303 3473
3304 3473 3450
3474 2341 2340
3474 2340 3475
3473 3303 2341
3473 2341 3474
3476 2394 3477
3476 3477 3478
3475 2340 2337
3475 2337 2364
3315 3479 3434
3309 3294 3434
3480 3481 2364
3480 2364 2365
3444 3376 3375
3444 3375 3482
3483 3484 3485
3483 3485 3486
3486 3485 3487
3486 3487 3488
3488 3487 3489
3488 3489 3490
3438 3437 3491
3438 3491 3492
3493 3494 3495
3493 3495 3496
3495 3494 3463
3495 3463 3462
3497 3498 3499
3497 3499 3500
3499 3498 3493
3499 3493 3496
3501 3502 3503
3501 3503 3504
3503 3502 3497
3503 3497 3500
3492 3491 3505
3492 3505 3506
3506 3505 3507
3506 3507 3508
3509 3510 3511
3509 3511 3512
3512 3511 3513
3512 3513 3514
3515 3318 3516
3514 3513 3517
3514 3517 3518
3508 3507 3519
3508 3519 3520
3521 3522 3523
3521 3523 3524
3323 3322 3525
3323 3525 3516
3524 3523 3461
3524 3461 3526
3520 3519 3510
3520 3510 3509
3527 3528 3436
3527 3436 3439
3529 3488 3490
3529 3490 3530
3531 3486 3488
3531 3488 3529
3326 3304 3450
3532 3533 3534
3526 3461 3535
3526 3535 3536
3461 3330 3467
3461 3467 3535
3455 3537 3538
3455 3538 3456
3536 3535 3539
3536 3539 3540
3458 3342 3344
3540 3539 3541
3539 3470 3469
3455 3454 3460
3344 3468 3538
3344 3538 3537
3342 3470 3343
3406 3458 3460
3469 3342 3405
3344 3537 3458
3542 2355 3320
3542 3320 3543
3543 3320 3300
3543 3300 3534
2394 2351 2353
2394 2353 3477
3477 2353 2355
3477 2355 3542
3544 3449 3450
3294 3315 3434
3318 3323 3516
3545 3515 3516
3531 3546 3483
3531 3483 3486
3547 3448 3447
3547 3447 3548
3445 3549 3550
3445 3550 3446
3373 3372 3384
3373 3384 3383
3551 3531 3529
3551 3529 3552
3552 3529 3553
3553 3529 3530
3553 3530 3554
3555 3442 3444
3555 3444 3556
3557 3443 3442
3557 3442 3558
3444 3559 3556
3558 3442 3555
3560 3394 3393
3560 3393 3559
3531 3551 3528
3518 3517 3561
3518 3561 3562
3457 3563 3340
3516 3525 3564
3525 3322 3336
3525 3336 3522
3564 3525 3522
3564 3522 3521
3562 3561 3501
3562 3501 3504
3408 3407 3565
3408 3565 3566
3479 3567 3435
3479 3435 3434
3567 3568 3431
3567 3431 3435
3435 3431 3334
3435 3334 3307
3566 3565 3420
3566 3420 3419
3550 3549 3355
3550 3355 3358
3569 3371 3374
3569 3374 3570
3571 3572 3567
3571 3567 3479
3572 3573 3568
3572 3568 3567
3545 3564 3574
3574 3564 3521
3574 3521 3575
3576 3302 3311
3576 3311 3577
3577 3311 3313
3577 3313 3578
3579 3515 3545
3579 3545 3580
3532 3299 3302
3532 3302 3576
3581 3540 3541
3581 3541 3582
3582 3541 3405
3582 3405 3404
3541 3539 3469
3583 3526 3536
3583 3536 3584
3584 3536 3540
3584 3540 3581
3575 3521 3524
3575 3524 3585
3585 3524 3526
3585 3526 3583
3482 3560 3559
3482 3559 3444
3586 3587 3287
3586 3287 3291
3587 3588 3288
3587 3288 3287
3440 3571 3479
3440 3479 3315
3578 3313 3316
3578 3316 3589
3299 3532 3534
3449 3586 3291
3449 3291 3326
3590 3591 3459
3590 3459 3453
3591 3403 3406
3591 3406 3459
3592 3593 3451
3592 3451 3432
3593 3590 3453
3593 3453 3451
3573 3594 3429
3573 3429 3568
3594 3592 3432
3594 3432 3429
3466 3343 3470
3466 3470 3467
3300 3299 3534
3452 3454 3456
3535 3467 3539
3332 3331 3468
3332 3468 3466
3359 3346 3345
3359 3345 3360
3418 3417 3392
3418 3392 3391
3546 3531 3528
3546 3528 3527
3456 3538 3471
3471 3538 3468
3471 3468 3331
3331 3595 3472
3329 3341 3332
3563 3457 3471
3318 3515 3316
3288 3588 3441
3288 3441 3297
3318 3327 3323
3327 3318 3317
3470 3539 3467
3580 3545 3574
3294 3309 3295
3315 3297 3441
3596 3471 3472
3541 3469 3405
3459 3406 3460
3545 3516 3564
3597 3365 3368
3597 3368 3598
3599 3600 3601
3599 3601 3602
3603 3604 3605
3603 3605 3606
3604 3607 3608
3604 3608 3605
3607 3609 3610
3607 3610 3608
3611 3599 3602
3611 3602 3612
3613 3614 3615
3613 3615 3616
3617 3618 3619
3617 3619 3620
3618 3621 3622
3618 3622 3619
2375 3623 3624
2375 3624 2376
3625 3613 3616
3625 3616 3626
3627 3625 3626
3627 3626 3628
3623 3627 3628
3623 3628 3624
3614 3611 3612
3614 3612 3615
3600 3629 3630
3600 3630 3601
3631 2390 2393
3631 2393 3632
3609 3631 3632
3609 3632 3610
3621 3603 3606
3621 3606 3622
3633 3617 3620
3633 3620 3634
3635 3636 3637
3635 3637 3638
3639 3640 3641
3639 3641 3642
3643 3644 3645
3643 3645 3646
3644 3647 3648
3644 3648 3645
3649 3639 3642
3649 3642 3650
3647 3651 3652
3647 3652 3648
3653 3654 3655
3653 3655 3656
3636 3657 3658
3636 3658 3637
3657 3649 3650
3657 3650 3658
3654 3643 3646
3654 3646 3655
3629 3635 3638
3629 3638 3630
3651 3633 3634
3651 3634 3652
3367 3366 3659
3660 3543 3534
3660 3534 3533
3478 3477 3542
3478 3542 3661
3662 3544 3450
3662 3450 3473
2397 2362 2363
2397 2363 3663
3663 2363 2394
3663 2394 3476
3661 3542 3543
3661 3543 3660
3664 3665 3474
3664 3474 3475
2399 3480 2365
2399 2365 2360
3481 3664 3475
3481 3475 2364
3665 3662 3473
3665 3473 3474
3316 3515 3589
3515 3579 3589
3288 3297 3296
3288 3296 3289
3455 3458 3537
3595 3331 3333
3339 3457 3340
3336 3338 3523
3336 3523 3522
3433 3457 3339
3431 3430 3334
3596 3563 3471
3330 3329 3332
3433 3452 3457
3430 3433 3339
3568 3429 3431
3523 3338 3461
3457 3456 3471
3451 3453 3452
3666 3667 3668
3669 3670 3671
3672 3670 3669
3668 3667 3673
3668 3674 3666
3670 3672 3675
3671 3668 3673
3668 3676 3677
3674 3668 3677
3670 3668 3671
3678 3679 3680
3678 3680 3681
3682 3683 3684
3682 3684 3685
3686 3687 3688
3686 3688 3689
3681 3680 3690
3681 3690 3691
3692 3693 3683
3692 3683 3682
3694 3686 3689
3694 3689 3695
3691 3690 3696
3691 3696 3697
3698 3699 3693
3698 3693 3692
3700 3694 3695
3700 3695 3701
3696 3702 3703
3704 3699 3698
3705 3700 3701
3705 3701 3706
3703 3702 3707
3703 3707 3708
3709 3710 3704
3709 3704 3711
3712 3705 3706
3712 3706 3713
3708 3707 3714
3708 3714 3715
3716 3717 3710
3716 3710 3709
3712 3713 3718
3715 3714 3719
3715 3719 3720
3721 3722 3717
3721 3717 3716
3723 3724 3718
3723 3718 3725
3720 3719 3726
3720 3726 3727
3728 3729 3722
3728 3722 3721
3730 3723 3725
3730 3725 3731
3732 3733 3734
3732 3734 3735
3735 3734 3736
3735 3736 3737
3738 3739 3740
3738 3740 3741
3742 3743 3744
3742 3744 3745
3737 3736 3746
3737 3746 3747
3748 3749 3739
3748 3739 3738
3750 3742 3745
3750 3745 3751
3747 3746 3752
3747 3752 3753
3754 3755 3749
3754 3749 3748
3750 3751 3756
3752 3757 3758
3759 3755 3754
3760 3761 3756
3760 3756 3762
3757 3763 3764
3765 3759 3766
3767 3760 3762
3767 3762 3768
3764 3763 3769
3764 3769 3770
3771 3772 3765
3771 3765 3773
3774 3767 3768
3774 3768 3775
3770 3769 3776
3770 3776 3777
3778 3779 3772
3778 3772 3771
3780 3774 3775
3780 3775 3781
3777 3776 3782
3777 3782 3783
3784 3785 3779
3784 3779 3778
3786 3780 3781
3786 3781 3787
3783 3782 3788
3783 3788 3789
3790 3791 3785
3790 3785 3784
3792 3786 3787
3792 3787 3793
3687 3794 3795
3687 3795 3688
3685 3684 3796
3685 3796 3797
3798 3799 3679
3798 3679 3678
3743 3800 3801
3743 3801 3744
3741 3740 3802
3741 3802 3803
3761 3750 3756
3753 3752 3758
3758 3757 3764
3697 3696 3703
3724 3712 3718
3711 3704 3698
3766 3759 3754
3773 3765 3766
3804 3805 3806
3804 3806 3807
3808 3809 3810
3808 3810 3811
3807 3806 3812
3807 3812 3813
3814 3815 3809
3814 3809 3808
3813 3812 3816
3813 3816 3817
3818 3819 3815
3818 3815 3814
3817 3816 3820
3817 3820 3821
3822 3823 3824
3822 3824 3818
3821 3820 3825
3821 3825 3826
3827 3828 3823
3827 3823 3822
3829 3830 3831
3829 3831 3832
3833 3829 3832
3833 3832 3834
3835 3836 3834
3835 3834 3837
3838 3835 3837
3838 3837 3839
3840 3841 3838
3840 3838 3839
3842 3843 3844
3842 3844 3845
3826 3825 3846
3826 3846 3847
3848 3849 3850
3848 3850 3851
3848 3851 3831
3848 3831 3830
3852 3853 3828
3852 3828 3827
3847 3846 3842
3847 3842 3845
3852 3844 3843
3852 3843 3853
3854 3855 3856
3854 3856 3857
3858 3854 3859
3858 3859 3860
3861 3862 3860
3861 3860 3859
