byte offset: 0
first index: 0
index count: 15618
topology: trianglelist
format: DXGI_FORMAT_R16_UINT

0 1 2
0 2 3
4 5 6
4 6 7
8 9 10
11 12 13
11 13 14
15 16 17
15 17 18
19 20 21
11 22 23
11 23 24
24 23 25
12 24 26
27 10 9
27 9 28
29 30 19
31 32 33
34 35 36
28 37 27
38 39 26
36 35 15
36 15 40
26 39 12
41 42 14
41 14 4
35 41 7
16 35 7
14 13 5
14 5 4
14 42 22
14 22 11
17 16 7
17 7 6
40 18 32
39 43 44
33 32 45
7 41 4
46 47 48
46 48 49
50 51 52
53 54 55
56 57 58
56 58 59
60 56 61
62 51 47
49 39 44
63 17 64
65 66 67
65 67 68
50 69 51
70 6 5
70 5 71
72 45 73
74 75 76
74 76 77
78 79 80
78 80 81
39 48 69
39 69 12
18 63 73
69 50 13
69 13 12
32 18 73
45 32 73
52 71 50
82 71 52
83 84 51
83 51 62
17 6 70
17 70 64
85 80 86
87 41 34
88 89 90
88 90 91
92 34 93
94 36 40
94 40 31
93 34 36
93 36 94
95 96 97
33 45 28
25 26 24
98 42 87
99 100 101
2 102 103
2 103 3
104 105 106
107 108 104
107 104 106
106 105 100
109 110 111
108 112 104
113 114 115
113 115 116
109 117 118
109 118 119
120 0 121
109 122 123
109 123 117
124 125 126
103 102 127
128 129 114
128 114 130
131 132 133
2 1 119
2 119 118
130 110 119
130 119 134
128 1 135
117 100 105
117 105 118
103 136 3
117 123 101
117 101 100
128 130 134
104 102 105
108 107 137
138 107 139
138 139 140
115 114 129
134 1 128
141 128 142
80 53 55
143 144 145
146 147 148
146 148 149
144 150 151
144 151 152
153 149 154
149 153 145
155 156 157
158 159 156
160 161 144
155 162 163
164 162 157
165 166 167
159 165 168
164 157 169
158 156 155
168 156 159
170 162 164
166 165 159
144 161 150
154 149 171
172 173 174
175 173 172
148 176 171
177 178 179
179 178 180
22 42 98
87 34 92
99 139 107
99 107 106
138 181 137
59 182 61
59 61 56
183 184 185
183 185 186
187 188 72
187 72 60
61 182 189
61 189 190
191 192 193
191 193 194
195 196 197
195 197 198
199 200 201
199 201 202
203 204 205
206 207 208
209 185 210
209 210 211
212 213 214
215 216 217
215 217 218
219 220 221
219 221 222
223 224 225
223 225 226
221 220 226
221 226 225
213 219 222
213 222 214
216 215 224
216 224 223
227 228 229
227 229 230
231 232 233
231 233 234
235 236 228
235 228 237
238 239 240
238 240 241
241 240 242
241 242 243
244 245 241
244 241 243
245 246 238
245 238 241
245 244 247
245 247 248
249 250 251
249 251 252
240 252 253
240 253 242
247 254 255
247 255 248
256 248 255
256 255 257
258 259 260
258 260 261
262 237 228
262 228 227
236 238 246
236 246 263
264 265 266
264 266 267
268 269 270
268 270 271
272 273 274
272 274 275
276 277 278
276 278 279
280 281 282
280 282 283
284 285 286
284 286 287
288 289 290
288 290 291
292 214 293
294 215 218
294 218 295
222 221 296
222 296 297
224 298 299
224 299 225
277 300 301
277 301 278
302 303 304
302 304 305
306 307 308
306 308 309
288 291 310
288 310 311
281 280 312
281 312 313
314 315 316
314 316 317
318 319 320
318 320 321
322 323 287
322 287 286
307 306 324
307 324 325
318 326 327
318 327 319
315 328 329
315 329 316
330 304 303
330 303 331
332 333 272
332 272 275
280 283 284
280 284 287
225 299 296
225 296 221
315 314 320
315 320 319
312 280 287
312 287 323
328 315 319
328 319 327
334 330 331
334 331 335
336 335 331
336 331 329
326 337 338
326 338 327
324 339 340
324 340 325
341 328 327
341 327 338
276 279 292
276 292 293
282 297 296
282 296 283
285 284 299
285 299 298
295 290 289
295 289 294
284 283 296
284 296 299
260 259 264
260 264 267
342 229 263
342 263 343
273 344 345
273 345 346
342 343 347
342 347 348
336 341 275
336 275 274
333 332 349
333 349 350
351 352 266
351 266 265
331 303 316
331 316 329
317 316 303
317 303 302
281 313 300
281 300 277
281 277 276
281 276 282
276 297 282
222 293 214
239 238 236
239 236 235
263 229 228
263 228 236
232 231 250
232 250 249
263 246 256
263 256 343
257 353 343
257 343 256
227 230 344
227 344 354
354 262 227
274 273 346
274 346 270
350 349 234
350 234 233
354 344 273
354 273 272
333 355 354
333 354 272
333 356 355
271 270 346
271 346 347
353 271 347
353 347 343
356 357 262
356 262 355
358 357 233
358 233 232
358 232 235
358 235 237
249 239 235
249 235 232
252 240 239
252 239 249
246 245 248
246 248 256
359 253 252
359 252 251
234 265 264
234 264 231
258 251 250
258 250 259
258 261 360
258 360 361
288 286 285
288 285 289
298 224 215
298 215 294
307 318 321
307 321 308
286 288 311
286 311 322
326 318 307
326 307 325
349 337 340
349 340 351
294 289 285
294 285 298
259 250 231
259 231 264
265 234 349
265 349 351
353 257 362
353 362 363
362 257 255
362 255 364
358 237 262
358 262 357
230 229 342
230 342 348
348 345 344
348 344 230
356 350 233
356 233 357
347 346 345
347 345 348
334 335 270
334 270 269
274 270 335
274 335 336
337 349 332
337 332 338
352 351 340
352 340 339
338 332 275
338 275 341
328 341 336
328 336 329
337 326 325
337 325 340
365 366 254
365 254 247
244 367 365
244 365 247
366 365 368
366 368 369
361 360 370
361 370 371
372 373 374
372 374 375
364 255 254
364 254 376
377 378 253
377 253 359
371 377 359
371 359 361
63 56 60
379 380 381
379 381 382
383 384 385
383 385 386
387 388 382
387 382 381
383 389 212
388 387 390
388 390 391
384 380 379
384 379 385
392 393 394
392 394 395
268 363 396
268 396 397
392 395 398
392 398 399
400 401 402
400 402 403
404 405 406
404 406 407
408 364 376
408 376 409
408 410 362
408 362 364
411 412 413
411 413 414
411 415 416
411 416 417
415 411 414
415 414 418
419 420 421
419 421 422
423 424 425
423 425 426
269 268 397
269 397 427
397 401 428
397 428 427
405 404 429
405 429 430
393 431 429
393 429 404
432 433 392
432 392 399
434 435 279
434 279 278
436 437 435
436 435 434
438 439 440
438 440 441
442 443 441
442 441 440
443 442 444
443 444 445
446 381 380
446 380 447
384 383 448
384 448 449
450 387 381
450 381 446
292 448 383
292 383 212
451 390 387
451 387 450
452 453 454
452 454 455
439 456 457
439 457 440
434 458 459
434 459 436
460 461 462
460 462 463
455 464 465
455 465 452
466 442 440
466 440 457
458 434 278
458 278 301
460 463 305
460 305 304
467 465 464
467 464 468
466 469 444
466 444 442
470 471 468
470 468 464
464 455 472
464 472 470
473 472 455
473 455 454
474 475 461
474 461 460
474 460 304
474 304 330
330 334 476
330 476 474
475 474 476
475 476 477
478 479 472
478 472 473
480 481 429
480 429 431
471 470 482
471 482 483
448 292 279
448 279 435
448 435 437
448 437 449
441 446 447
441 447 438
446 441 443
446 443 450
450 443 445
450 445 451
395 394 418
395 418 414
405 400 403
405 403 406
400 405 430
400 430 484
485 486 487
485 487 420
425 419 488
425 488 426
473 475 477
473 477 478
439 436 459
439 459 456
436 439 438
436 438 437
437 438 447
437 447 449
447 380 384
447 384 449
461 454 453
461 453 462
454 461 475
454 475 473
419 425 485
419 485 420
486 489 410
486 410 408
396 410 489
396 489 402
396 402 401
396 401 397
412 411 417
412 417 490
363 362 410
363 410 396
398 395 414
398 414 413
489 491 403
489 403 402
407 406 424
407 424 423
491 424 406
491 406 403
415 426 488
415 488 416
426 415 418
426 418 423
423 418 394
423 394 407
404 407 394
404 394 393
401 400 484
401 484 428
427 476 334
427 334 269
492 493 428
492 428 484
430 429 481
430 481 494
470 472 479
470 479 482
433 432 483
433 483 482
484 430 494
484 494 492
495 496 409
495 409 376
371 497 498
371 498 377
420 487 499
420 499 421
500 501 205
500 205 502
373 372 417
373 417 416
490 417 372
490 372 503
372 375 504
372 504 503
428 493 476
428 476 427
492 494 478
492 478 477
494 481 479
494 479 478
481 480 482
481 482 479
480 431 433
480 433 482
431 393 392
431 392 433
476 493 492
476 492 477
301 300 302
301 302 305
309 308 311
309 311 310
313 312 314
313 314 317
321 320 323
321 323 322
320 314 312
320 312 323
317 302 300
317 300 313
308 321 322
308 322 311
453 452 457
453 457 456
459 458 463
459 463 462
452 465 466
452 466 457
458 301 305
458 305 463
465 467 469
465 469 466
456 459 462
456 462 453
422 505 506
422 506 507
487 409 496
487 496 499
508 509 510
508 510 199
511 512 513
511 513 514
515 516 517
515 517 518
519 520 521
519 521 522
522 521 523
522 523 524
525 526 527
525 527 528
209 211 512
209 512 511
509 529 530
509 530 510
184 531 210
184 210 185
532 533 534
532 534 535
191 536 537
191 537 192
535 534 538
535 538 539
530 540 541
530 541 510
542 243 242
542 242 543
367 542 544
367 544 545
546 195 198
546 198 547
548 549 524
548 524 523
550 551 552
550 552 553
554 555 556
554 556 557
367 545 368
367 368 365
558 559 560
558 560 561
562 525 528
562 528 563
564 565 566
564 566 567
71 5 13
71 13 50
366 495 376
366 376 254
491 489 486
491 486 485
507 373 416
507 416 488
568 569 570
568 570 571
366 369 572
366 572 495
194 561 560
194 560 191
242 253 378
242 378 543
205 501 573
43 39 38
48 39 49
160 144 143
574 145 575
143 145 574
30 20 19
45 37 28
576 577 578
576 578 579
580 581 555
486 408 409
486 409 487
530 582 583
530 583 540
361 359 251
361 251 258
519 539 538
519 538 520
421 584 505
421 505 422
550 553 577
550 577 576
585 586 587
578 207 588
578 588 579
206 588 207
589 588 206
590 586 585
591 586 590
548 590 585
548 585 549
592 593 594
592 594 595
596 597 598
596 598 599
598 597 593
598 593 592
600 601 150
600 150 602
603 600 602
603 602 604
171 149 148
181 125 124
113 605 111
113 111 110
119 110 109
132 131 606
131 116 606
607 120 121
127 104 112
106 100 99
150 161 602
151 150 601
151 601 608
179 180 609
55 54 21
55 21 96
21 97 96
293 297 276
297 293 222
212 214 292
389 213 212
386 389 383
610 611 612
610 612 613
27 37 614
27 614 615
616 617 97
616 97 20
533 532 618
619 620 621
619 621 622
623 624 625
623 625 626
95 627 628
95 628 90
629 630 76
629 76 75
10 27 615
10 615 631
8 10 631
8 631 632
633 616 20
633 20 30
90 628 634
90 634 91
60 72 73
60 73 63
634 635 636
634 636 91
188 614 37
188 37 72
617 627 95
617 95 97
612 630 629
612 629 613
637 638 29
639 640 641
639 641 642
29 638 633
29 633 30
632 643 8
644 645 611
644 611 610
646 197 196
640 639 645
640 645 644
647 648 511
647 511 514
649 650 651
649 651 652
183 626 625
183 625 184
571 570 525
571 525 562
371 370 653
371 653 497
377 498 654
377 654 378
57 56 63
57 63 64
655 563 528
655 528 656
496 495 572
496 572 657
192 537 658
192 658 659
507 506 374
507 374 373
421 499 660
421 660 584
363 268 271
363 271 353
661 662 619
661 619 622
663 570 569
663 569 664
650 665 666
650 666 651
661 202 201
661 201 662
573 203 205
667 203 668
669 670 554
669 554 671
552 551 546
552 546 547
672 656 528
672 528 527
542 543 673
542 673 544
367 244 243
367 243 542
488 419 422
488 422 507
424 491 485
424 485 425
564 674 675
564 675 565
676 677 678
46 679 564
46 564 567
60 61 190
60 190 187
86 80 79
680 81 681
680 681 682
85 53 80
683 684 74
683 74 77
64 70 82
64 82 57
70 71 82
510 541 200
510 200 199
685 508 199
685 199 202
686 573 501
668 573 687
668 203 573
687 573 686
687 686 688
543 378 654
543 654 673
689 690 621
689 621 620
554 580 555
570 663 526
570 526 525
691 692 676
691 676 678
355 262 354
350 356 333
15 35 16
38 26 25
515 518 583
515 583 582
635 693 694
635 694 636
682 681 89
682 89 88
695 696 692
695 692 691
683 666 665
683 665 684
697 698 699
697 699 700
701 691 678
701 678 702
703 704 705
703 705 706
51 84 707
51 707 52
52 707 708
52 708 82
82 708 58
82 58 57
636 694 698
636 698 697
47 51 69
700 699 704
700 704 703
566 83 62
566 62 567
709 706 66
709 66 702
499 496 657
499 657 660
621 710 711
621 711 622
513 517 516
513 516 514
712 559 558
712 558 688
204 713 502
204 502 205
209 714 186
209 186 185
715 716 717
715 717 690
557 718 671
557 671 554
661 719 685
661 685 202
511 648 714
511 714 209
690 717 710
690 710 621
622 711 719
622 719 661
515 582 720
515 720 721
569 568 718
569 718 557
689 722 715
689 715 690
516 515 721
516 721 723
559 724 725
559 725 560
559 712 726
559 726 724
560 725 536
560 536 191
686 712 688
516 723 647
516 647 514
501 500 726
501 726 712
625 727 531
625 531 184
501 712 686
664 569 557
664 557 556
728 729 730
728 730 659
728 656 672
728 672 729
192 659 730
192 730 193
624 731 727
624 727 625
670 580 554
728 659 658
728 658 732
618 532 197
618 197 646
530 529 720
530 720 582
656 728 732
656 732 655
679 733 695
679 695 734
681 55 96
681 96 89
680 703 706
680 706 709
78 677 79
88 697 700
88 700 682
695 735 696
66 706 705
66 705 67
88 91 636
88 636 697
679 46 49
679 49 733
709 78 81
709 81 680
682 700 703
682 703 680
81 80 55
81 55 681
66 65 701
66 701 702
49 44 735
49 735 733
89 96 95
89 95 90
678 677 78
78 709 702
78 702 678
47 69 48
567 62 47
567 47 46
695 691 701
695 701 734
674 65 68
674 68 675
674 564 679
674 679 734
701 65 674
701 674 734
733 735 695
40 32 31
37 45 72
15 18 40
42 41 87
41 35 34
11 24 12
18 17 63
157 162 155
736 145 144
736 144 152
575 145 153
146 149 145
146 145 736
737 3 136
140 125 138
138 125 181
109 111 122
605 113 116
605 116 131
119 1 134
105 102 2
105 2 118
127 102 104
135 1 738
137 107 138
128 135 142
738 1 0
110 130 114
110 114 113
129 128 141
121 0 3
121 3 737
738 0 120
21 20 97
739 148 147
740 213 389
740 389 741
742 217 216
742 216 743
219 744 745
219 745 220
220 745 746
220 746 226
226 746 747
226 747 223
213 740 744
213 744 219
743 216 223
743 223 747
382 748 749
382 749 379
741 386 750
751 388 391
751 391 752
748 382 388
748 388 751
753 385 379
753 379 749
385 753 750
385 750 386
744 754 745
745 755 746
746 755 756
746 756 747
757 753 758
740 759 744
760 748 761
750 762 741
763 741 762
764 742 743
756 743 747
765 751 752
765 752 766
761 748 751
761 751 765
758 749 760
740 741 763
757 762 750
763 759 740
759 754 744
767 742 764
764 743 756
754 755 745
753 749 758
749 748 760
763 762 768
763 768 769
762 757 770
762 770 768
771 759 772
770 757 758
770 758 773
760 761 774
760 774 775
774 761 765
774 765 776
776 765 766
776 766 777
778 767 764
778 764 779
771 780 755
771 755 754
780 781 756
780 756 755
782 783 784
782 784 785
786 787 788
786 788 789
790 791 792
790 792 793
794 795 796
797 798 799
800 801 802
803 804 805
769 768 806
769 806 807
808 809 810
811 779 812
813 814 815
816 817 818
816 818 819
797 820 798
795 821 796
819 822 823
819 823 797
824 825 826
827 828 829
829 830 831
832 777 833
793 832 833
793 833 834
768 770 784
768 784 806
810 831 825
810 825 835
836 781 780
836 780 837
838 779 781
838 781 836
837 780 771
837 771 839
838 812 779
789 774 776
789 776 792
789 788 775
789 775 774
785 784 770
785 770 773
772 769 807
772 807 840
790 841 791
806 842 843
806 843 807
817 844 845
817 845 846
811 812 846
811 846 845
841 847 848
846 818 817
800 849 850
759 763 769
759 769 772
760 773 758
785 773 788
782 785 787
851 852 853
851 853 854
855 856 857
831 826 825
826 858 859
816 819 860
816 860 861
779 764 756
779 756 781
850 862 821
850 821 795
863 862 850
864 852 865
827 782 866
787 867 782
787 813 867
786 791 868
786 868 813
810 809 829
810 829 831
808 835 869
840 870 871
807 872 840
808 843 842
808 842 873
842 783 873
809 827 829
872 870 840
789 792 791
789 791 786
832 792 776
791 841 868
868 841 848
868 848 874
868 875 814
797 860 819
844 816 861
876 823 822
876 822 877
856 878 824
879 827 866
880 881 882
867 813 815
824 826 859
824 859 883
884 885 852
803 805 886
830 858 826
887 875 874
874 875 868
786 813 787
783 782 827
830 826 831
828 830 829
879 828 827
868 814 813
799 860 797
888 889 890
891 820 823
891 823 876
855 857 892
796 881 893
838 818 846
809 783 827
873 783 809
842 784 783
806 784 842
834 847 790
834 790 793
872 843 808
872 808 869
871 870 825
869 825 870
846 812 838
810 835 808
817 816 844
793 792 832
891 862 894
884 851 871
796 821 877
851 854 837
851 837 839
871 825 878
871 878 884
877 895 881
851 839 840
851 840 871
882 895 818
820 797 823
822 819 818
822 818 895
886 805 896
886 896 897
898 888 899
900 794 901
902 853 864
850 849 863
903 904 888
905 906 907
884 908 885
877 821 876
881 796 877
876 862 891
880 893 881
893 880 902
901 909 903
904 889 888
910 856 855
853 852 864
880 853 902
911 912 913
911 913 890
905 914 915
909 904 903
821 862 876
878 908 884
854 853 880
854 880 882
837 882 836
839 771 772
839 772 840
836 882 818
836 818 838
878 825 824
857 856 824
857 824 883
822 895 877
794 909 901
795 794 900
916 804 917
916 918 804
919 914 920
919 801 914
852 851 884
835 825 869
869 870 872
843 872 807
873 809 808
802 849 800
882 881 895
912 921 922
854 882 837
804 918 923
852 885 865
894 862 863
917 804 803
754 759 771
915 901 906
907 906 898
898 906 903
914 801 800
920 914 905
899 924 898
913 925 899
924 926 907
927 928 929
930 931 932
930 932 933
934 926 935
934 935 936
930 933 936
930 936 935
929 928 937
929 937 938
928 939 940
928 940 937
941 942 943
944 932 929
944 929 938
934 945 926
933 932 944
933 944 946
931 929 932
947 922 948
947 948 927
899 925 924
936 949 934
933 946 950
933 950 936
928 951 939
950 949 936
920 905 952
942 923 943
926 945 907
913 912 922
913 922 947
924 930 935
947 925 913
924 925 930
905 907 953
905 953 952
923 918 943
948 928 927
927 929 931
954 918 916
943 918 954
935 926 924
948 951 928
931 925 927
930 925 931
804 955 956
939 942 941
942 921 923
922 951 948
951 942 939
927 925 947
921 951 922
942 951 921
957 958 956
957 911 958
912 911 957
907 945 953
907 898 924
921 957 955
921 955 923
923 955 804
957 921 912
805 959 896
890 913 899
890 899 888
805 804 956
958 960 961
890 889 962
956 961 959
956 959 805
958 961 956
890 962 911
911 960 958
956 955 957
911 962 960
901 915 900
800 850 795
800 795 900
903 906 901
888 898 903
914 900 915
906 905 915
800 900 914
908 878 856
963 939 941
750 753 757
389 386 741
775 773 760
788 773 775
787 785 788
782 867 866
776 777 832
778 779 811
790 847 841
940 939 963
156 964 157
965 964 156
157 964 169
965 156 168
966 739 967
176 148 968
969 739 966
968 148 969
969 148 739
970 971 972
970 972 973
974 975 976
974 976 977
978 979 980
981 982 983
981 983 984
985 986 987
985 987 988
989 990 991
981 992 993
981 993 994
992 995 993
984 996 992
997 998 980
997 980 979
999 989 1000
1001 1002 1003
1004 1005 1006
998 997 1007
1008 996 1009
1005 1010 985
1005 985 1006
996 984 1009
1011 974 982
1011 982 1012
1006 975 1011
988 975 1006
982 974 977
982 977 983
982 981 994
982 994 1012
987 976 975
987 975 988
1010 1003 986
1009 1013 1014
1002 1015 1003
975 974 1011
1016 1017 1018
1016 1018 1019
1020 1021 1022
1023 1024 1025
1026 1027 1028
1026 1028 1029
1030 1031 1026
1032 1019 1022
1017 1013 1009
1033 1034 987
1035 1036 1037
1035 1037 1038
1020 1022 1039
1040 1041 977
1040 977 976
1042 1043 1015
1044 1045 1046
1044 1046 1047
1048 1049 1050
1048 1050 1051
1009 984 1039
1009 1039 1018
986 1043 1033
1039 984 983
1039 983 1020
1003 1043 986
1015 1043 1003
1021 1020 1041
1052 1021 1041
1053 1032 1022
1053 1022 1054
987 1034 1040
987 1040 976
1055 1056 1050
1057 1004 1011
1058 1059 1060
1058 1060 1061
1062 1063 1004
1064 1001 1010
1064 1010 1005
1063 1064 1005
1063 1005 1004
1065 1066 1067
1002 998 1015
995 992 996
1068 1057 1012
1069 1070 1071
972 971 1072
972 1072 1073
1074 1075 1076
1077 1075 1074
1077 1074 1078
1075 1071 1076
1079 1080 1081
1078 1074 1082
1083 1084 1085
1083 1085 1086
1079 1087 1088
1079 1088 1089
1090 1091 970
1079 1089 1092
1079 1092 1093
1094 1095 1096
1072 1097 1073
1098 1099 1086
1098 1086 1100
1101 1102 1103
972 1088 1087
972 1087 973
1099 1104 1087
1099 1087 1081
1098 1105 973
1089 1088 1076
1089 1076 1071
1072 971 1106
1089 1071 1070
1089 1070 1092
1098 1104 1099
1074 1076 1073
1078 1107 1077
1108 1109 1110
1108 1110 1077
1085 1100 1086
1104 1098 973
1111 1112 1098
1050 1024 1023
1113 1114 1115
1116 1117 1118
1116 1118 1119
1115 1120 1121
1115 1121 1122
1123 1124 1117
1117 1114 1123
1125 1126 1127
1128 1127 1129
1130 1115 1131
1125 1132 1133
1134 1126 1133
1135 1136 1137
1129 1138 1135
1134 1139 1126
1128 1125 1127
1138 1129 1127
1140 1134 1133
1137 1129 1135
1115 1122 1131
1124 1141 1117
1142 1143 1144
1145 1142 1144
1118 1141 1146
1147 1148 1149
1148 1150 1149
994 1068 1012
1057 1062 1004
1069 1075 1077
1069 1077 1110
1108 1107 1151
1027 1026 1031
1027 1031 1152
1153 1154 1155
1153 1155 1156
1157 1030 1042
1157 1042 1158
1031 1159 1160
1031 1160 1152
1161 1162 1163
1161 1163 1164
1165 1166 1167
1165 1167 1168
1169 1170 1171
1169 1171 1172
1173 1174 1175
1176 1177 1178
1179 1180 1181
1179 1181 1155
1182 1183 1184
1185 1186 1187
1185 1187 1188
1189 1190 1191
1189 1191 1192
1193 1194 1195
1193 1195 1196
1191 1195 1194
1191 1194 1192
1184 1183 1190
1184 1190 1189
1188 1193 1196
1188 1196 1185
1197 1198 1199
1197 1199 1200
1201 1202 1203
1201 1203 1204
1205 1206 1200
1205 1200 1207
1208 1209 1210
1208 1210 1211
1209 1212 1213
1209 1213 1210
1214 1212 1209
1214 1209 1215
1215 1209 1208
1215 1208 1216
1215 1217 1218
1215 1218 1214
1219 1220 1221
1219 1221 1222
1210 1213 1223
1210 1223 1220
1218 1217 1224
1218 1224 1225
1226 1227 1224
1226 1224 1217
1228 1229 1230
1228 1230 1231
1232 1197 1200
1232 1200 1206
1207 1233 1216
1207 1216 1208
1234 1235 1236
1234 1236 1237
1238 1239 1240
1238 1240 1241
1242 1243 1244
1242 1244 1245
1246 1247 1248
1246 1248 1249
1250 1251 1252
1250 1252 1253
1254 1255 1256
1254 1256 1257
1258 1259 1260
1258 1260 1261
1262 1263 1183
1264 1265 1186
1264 1186 1185
1190 1266 1267
1190 1267 1191
1196 1195 1268
1196 1268 1269
1249 1248 1270
1249 1270 1271
1272 1273 1274
1272 1274 1275
1276 1277 1278
1276 1278 1279
1258 1280 1281
1258 1281 1259
1253 1282 1283
1253 1283 1250
1284 1285 1286
1284 1286 1287
1288 1289 1290
1288 1290 1291
1292 1256 1255
1292 1255 1293
1279 1294 1295
1279 1295 1276
1288 1291 1296
1288 1296 1297
1287 1286 1298
1287 1298 1299
1300 1301 1275
1300 1275 1274
1302 1243 1242
1302 1242 1303
1250 1255 1254
1250 1254 1251
1195 1191 1267
1195 1267 1268
1287 1291 1290
1287 1290 1284
1283 1293 1255
1283 1255 1250
1299 1296 1291
1299 1291 1287
1304 1305 1301
1304 1301 1300
1306 1298 1301
1306 1301 1305
1297 1296 1307
1297 1307 1308
1295 1294 1309
1295 1309 1310
1311 1307 1296
1311 1296 1299
1246 1263 1262
1246 1262 1247
1252 1251 1267
1252 1267 1266
1257 1269 1268
1257 1268 1254
1265 1264 1261
1265 1261 1260
1254 1268 1267
1254 1267 1251
1230 1235 1234
1230 1234 1231
1312 1313 1233
1312 1233 1199
1245 1314 1315
1245 1315 1316
1312 1317 1318
1312 1318 1313
1306 1244 1243
1306 1243 1311
1303 1319 1320
1303 1320 1302
1321 1237 1236
1321 1236 1322
1301 1298 1286
1301 1286 1275
1285 1272 1275
1285 1275 1286
1253 1249 1271
1253 1271 1282
1253 1252 1246
1253 1246 1249
1246 1252 1266
1190 1183 1263
1211 1205 1207
1211 1207 1208
1233 1207 1200
1233 1200 1199
1204 1219 1222
1204 1222 1201
1233 1313 1226
1233 1226 1216
1227 1226 1313
1227 1313 1323
1197 1324 1316
1197 1316 1198
1324 1197 1232
1244 1240 1314
1244 1314 1245
1319 1203 1202
1319 1202 1320
1324 1242 1245
1324 1245 1316
1303 1242 1324
1303 1324 1325
1303 1325 1326
1239 1318 1314
1239 1314 1240
1323 1313 1318
1323 1318 1239
1326 1325 1232
1326 1232 1327
1328 1204 1203
1328 1203 1327
1328 1206 1205
1328 1205 1204
1219 1204 1205
1219 1205 1211
1220 1219 1211
1220 1211 1210
1216 1226 1217
1216 1217 1215
1329 1221 1220
1329 1220 1223
1202 1201 1234
1202 1234 1237
1228 1231 1222
1228 1222 1221
1228 1330 1331
1228 1331 1229
1258 1261 1257
1258 1257 1256
1269 1264 1185
1269 1185 1196
1279 1278 1289
1279 1289 1288
1256 1292 1280
1256 1280 1258
1297 1294 1279
1297 1279 1288
1320 1321 1309
1320 1309 1308
1264 1269 1257
1264 1257 1261
1231 1234 1201
1231 1201 1222
1237 1321 1320
1237 1320 1202
1323 1332 1333
1323 1333 1227
1333 1334 1224
1333 1224 1227
1328 1327 1232
1328 1232 1206
1198 1317 1312
1198 1312 1199
1317 1198 1316
1317 1316 1315
1326 1327 1203
1326 1203 1319
1318 1317 1315
1318 1315 1314
1304 1241 1240
1304 1240 1305
1244 1306 1305
1244 1305 1240
1308 1307 1302
1308 1302 1320
1322 1310 1309
1322 1309 1321
1307 1311 1243
1307 1243 1302
1299 1298 1306
1299 1306 1311
1308 1309 1294
1308 1294 1297
1335 1218 1225
1335 1225 1336
1214 1218 1335
1214 1335 1337
1336 1338 1339
1336 1339 1335
1330 1340 1341
1330 1341 1331
1342 1343 1344
1342 1344 1345
1334 1346 1225
1334 1225 1224
1347 1329 1223
1347 1223 1348
1340 1330 1329
1340 1329 1347
1033 1030 1026
1349 1350 1351
1349 1351 1352
1353 1354 1355
1353 1355 1356
1357 1351 1350
1357 1350 1358
1353 1182 1359
1358 1360 1361
1358 1361 1357
1356 1355 1349
1356 1349 1352
1362 1363 1364
1362 1364 1365
1238 1366 1367
1238 1367 1332
1362 1368 1369
1362 1369 1363
1370 1371 1372
1370 1372 1373
1374 1375 1376
1374 1376 1377
1378 1379 1346
1378 1346 1334
1378 1334 1333
1378 1333 1380
1381 1382 1383
1381 1383 1384
1381 1385 1386
1381 1386 1387
1387 1388 1382
1387 1382 1381
1389 1390 1391
1389 1391 1392
1393 1394 1395
1393 1395 1396
1241 1397 1366
1241 1366 1238
1366 1397 1398
1366 1398 1373
1377 1399 1400
1377 1400 1374
1365 1374 1400
1365 1400 1401
1402 1368 1362
1402 1362 1403
1404 1248 1247
1404 1247 1405
1406 1404 1405
1406 1405 1407
1408 1409 1410
1408 1410 1411
1412 1410 1409
1412 1409 1413
1413 1414 1415
1413 1415 1412
1416 1417 1352
1416 1352 1351
1356 1418 1419
1356 1419 1353
1420 1416 1351
1420 1351 1357
1262 1182 1353
1262 1353 1419
1421 1420 1357
1421 1357 1361
1422 1423 1424
1422 1424 1425
1411 1410 1426
1411 1426 1427
1404 1406 1428
1404 1428 1429
1430 1431 1432
1430 1432 1433
1423 1422 1434
1423 1434 1435
1436 1426 1410
1436 1410 1412
1429 1270 1248
1429 1248 1404
1430 1274 1273
1430 1273 1431
1437 1438 1435
1437 1435 1434
1436 1412 1415
1436 1415 1439
1440 1435 1438
1440 1438 1441
1435 1440 1442
1435 1442 1423
1443 1424 1423
1443 1423 1442
1444 1430 1433
1444 1433 1445
1444 1300 1274
1444 1274 1430
1300 1444 1446
1300 1446 1304
1445 1447 1446
1445 1446 1444
1448 1443 1442
1448 1442 1449
1450 1401 1400
1450 1400 1451
1441 1452 1453
1441 1453 1440
1419 1405 1247
1419 1247 1262
1419 1418 1407
1419 1407 1405
1409 1408 1417
1409 1417 1416
1416 1420 1413
1416 1413 1409
1420 1421 1414
1420 1414 1413
1363 1382 1388
1363 1388 1364
1377 1376 1371
1377 1371 1370
1370 1454 1399
1370 1399 1377
1455 1392 1456
1455 1456 1457
1395 1394 1458
1395 1458 1389
1443 1448 1447
1443 1447 1445
1411 1427 1428
1411 1428 1406
1406 1407 1408
1406 1408 1411
1407 1418 1417
1407 1417 1408
1417 1418 1356
1417 1356 1352
1433 1432 1425
1433 1425 1424
1424 1443 1445
1424 1445 1433
1389 1392 1455
1389 1455 1395
1457 1378 1380
1457 1380 1459
1367 1372 1459
1367 1459 1380
1367 1366 1373
1367 1373 1372
1384 1460 1385
1384 1385 1381
1332 1367 1380
1332 1380 1333
1369 1383 1382
1369 1382 1363
1459 1372 1371
1459 1371 1461
1375 1393 1396
1375 1396 1376
1461 1371 1376
1461 1376 1396
1387 1386 1458
1387 1458 1394
1394 1393 1388
1394 1388 1387
1393 1375 1364
1393 1364 1388
1374 1365 1364
1374 1364 1375
1373 1398 1454
1373 1454 1370
1397 1241 1304
1397 1304 1446
1462 1454 1398
1462 1398 1463
1399 1464 1451
1399 1451 1400
1440 1453 1449
1440 1449 1442
1403 1453 1452
1403 1452 1402
1454 1462 1464
1454 1464 1399
1465 1346 1379
1465 1379 1466
1340 1347 1467
1340 1467 1468
1392 1391 1469
1392 1469 1456
1470 1471 1174
1470 1174 1472
1345 1386 1385
1345 1385 1342
1460 1473 1342
1460 1342 1385
1342 1473 1474
1342 1474 1343
1398 1397 1446
1398 1446 1463
1462 1447 1448
1462 1448 1464
1464 1448 1449
1464 1449 1451
1451 1449 1453
1451 1453 1450
1450 1453 1403
1450 1403 1401
1401 1403 1362
1401 1362 1365
1446 1447 1462
1446 1462 1463
1270 1273 1272
1270 1272 1271
1277 1281 1280
1277 1280 1278
1282 1285 1284
1282 1284 1283
1289 1292 1293
1289 1293 1290
1290 1293 1283
1290 1283 1284
1285 1282 1271
1285 1271 1272
1278 1280 1292
1278 1292 1289
1425 1427 1426
1425 1426 1422
1428 1432 1431
1428 1431 1429
1422 1426 1436
1422 1436 1434
1429 1431 1273
1429 1273 1270
1434 1436 1439
1434 1439 1437
1427 1425 1432
1427 1432 1428
1390 1475 1476
1390 1476 1477
1456 1469 1466
1456 1466 1379
1478 1169 1479
1478 1479 1480
1481 1482 1483
1481 1483 1484
1485 1486 1487
1485 1487 1488
1489 1490 1491
1489 1491 1492
1490 1493 1494
1490 1494 1491
1495 1496 1497
1495 1497 1498
1179 1481 1484
1179 1484 1180
1480 1479 1499
1480 1499 1500
1156 1155 1181
1156 1181 1501
1502 1503 1504
1502 1504 1505
1161 1164 1506
1161 1506 1507
1503 1508 1509
1503 1509 1504
1499 1479 1510
1499 1510 1511
1512 1513 1213
1512 1213 1212
1337 1514 1515
1337 1515 1512
1516 1517 1166
1516 1166 1165
1518 1494 1493
1518 1493 1519
1520 1521 1522
1520 1522 1523
1524 1525 1526
1524 1526 1527
1337 1335 1339
1337 1339 1514
1528 1529 1530
1528 1530 1531
1532 1533 1496
1532 1496 1495
1534 1535 1536
1534 1536 1537
1041 1020 983
1041 983 977
1336 1225 1346
1336 1346 1465
1461 1455 1457
1461 1457 1459
1475 1458 1386
1475 1386 1345
1538 1539 1540
1538 1540 1541
1336 1465 1542
1336 1542 1338
1162 1161 1530
1162 1530 1529
1213 1513 1348
1213 1348 1223
1174 1543 1472
1014 1008 1009
1018 1017 1009
1130 1113 1115
1544 1545 1114
1113 1544 1114
1000 989 991
1015 998 1007
1546 1547 1548
1546 1548 1549
1550 1527 1551
1457 1456 1379
1457 1379 1378
1499 1511 1552
1499 1552 1553
1330 1228 1221
1330 1221 1329
1489 1492 1509
1489 1509 1508
1391 1390 1477
1391 1477 1554
1520 1546 1549
1520 1549 1521
1555 1556 1557
1548 1547 1558
1548 1558 1178
1176 1178 1558
1559 1176 1558
1560 1555 1557
1561 1560 1557
1518 1519 1555
1518 1555 1560
1562 1563 1564
1562 1564 1565
1566 1567 1568
1566 1568 1569
1568 1562 1565
1568 1565 1569
1570 1571 1122
1570 1122 1572
1573 1574 1571
1573 1571 1570
1141 1118 1117
1151 1094 1096
1083 1081 1080
1083 1080 1575
1087 1079 1081
1103 1576 1101
1101 1576 1084
1577 1091 1090
1097 1082 1074
1075 1069 1071
1122 1571 1131
1121 1578 1572
1121 1572 1122
1148 1579 1150
1024 1067 990
1024 990 1025
990 1067 1066
1263 1246 1266
1266 1190 1263
1182 1262 1183
1359 1182 1184
1354 1353 1359
1580 1581 1582
1580 1582 1583
997 1584 1585
997 1585 1007
1586 991 1066
1586 1066 1587
1505 1588 1502
1589 1590 1591
1589 1591 1592
1593 1594 1595
1593 1595 1596
1065 1060 1597
1065 1597 1598
1599 1047 1046
1599 1046 1600
979 1601 1584
979 1584 997
978 1602 1601
978 1601 979
1603 1000 991
1603 991 1586
1060 1059 1604
1060 1604 1597
1030 1033 1043
1030 1043 1042
1604 1059 1605
1604 1605 1606
1158 1042 1007
1158 1007 1585
1587 1066 1065
1587 1065 1598
1582 1581 1599
1582 1599 1600
1607 999 1608
1609 1610 1611
1609 1611 1612
999 1000 1603
999 1603 1608
1602 978 1613
1614 1580 1583
1614 1583 1615
1616 1168 1167
1612 1614 1615
1612 1615 1609
1617 1482 1481
1617 1481 1618
1619 1620 1621
1619 1621 1622
1153 1156 1595
1153 1595 1594
1539 1532 1495
1539 1495 1540
1340 1468 1623
1340 1623 1341
1347 1348 1624
1347 1624 1467
1029 1034 1033
1029 1033 1026
1625 1626 1496
1625 1496 1533
1466 1627 1542
1466 1542 1465
1164 1628 1629
1164 1629 1506
1475 1345 1344
1475 1344 1476
1391 1554 1630
1391 1630 1469
1332 1323 1239
1332 1239 1238
1631 1590 1589
1631 1589 1632
1633 1634 1541
1633 1541 1540
1622 1621 1635
1622 1635 1636
1631 1632 1171
1631 1171 1170
1543 1174 1173
1637 1638 1173
1639 1640 1524
1639 1524 1641
1522 1517 1516
1522 1516 1523
1642 1497 1496
1642 1496 1626
1512 1515 1643
1512 1643 1513
1337 1512 1212
1337 1212 1214
1458 1475 1390
1458 1390 1389
1396 1395 1455
1396 1455 1461
1534 1537 1644
1534 1644 1645
1646 1647 1648
1016 1535 1534
1016 1534 1649
1030 1157 1159
1030 1159 1031
1056 1051 1050
1650 1651 1652
1650 1652 1049
1055 1050 1023
1653 1045 1044
1653 1044 1654
1034 1029 1052
1034 1052 1040
1040 1052 1041
1479 1169 1172
1479 1172 1510
1655 1170 1169
1655 1169 1478
1656 1472 1543
1638 1657 1543
1638 1543 1173
1657 1656 1543
1657 1658 1656
1513 1643 1624
1513 1624 1348
1659 1592 1591
1659 1591 1660
1524 1527 1550
1540 1495 1498
1540 1498 1633
1661 1647 1646
1661 1646 1662
1325 1324 1232
1319 1303 1326
985 988 1006
1008 995 996
1485 1553 1552
1485 1552 1486
1606 1605 1663
1606 1663 1664
1651 1058 1061
1651 1061 1652
1665 1661 1662
1665 1662 1666
1653 1654 1636
1653 1636 1635
1667 1668 1669
1667 1669 1670
1671 1672 1647
1671 1647 1661
1673 1674 1675
1673 1675 1676
1022 1021 1677
1022 1677 1054
1021 1052 1678
1021 1678 1677
1052 1029 1028
1052 1028 1678
1605 1667 1670
1605 1670 1663
1019 1039 1022
1668 1673 1676
1668 1676 1669
1536 1535 1032
1536 1032 1053
1679 1672 1038
1679 1038 1674
1469 1630 1627
1469 1627 1466
1591 1590 1680
1591 1680 1681
1483 1482 1488
1483 1488 1487
1682 1658 1528
1682 1528 1531
1175 1174 1471
1175 1471 1683
1179 1155 1154
1179 1154 1684
1685 1660 1686
1685 1686 1687
1525 1524 1640
1525 1640 1688
1631 1170 1655
1631 1655 1689
1481 1179 1684
1481 1684 1618
1660 1591 1681
1660 1681 1686
1590 1631 1689
1590 1689 1680
1485 1690 1691
1485 1691 1553
1541 1525 1688
1541 1688 1538
1659 1660 1685
1659 1685 1692
1488 1693 1690
1488 1690 1485
1531 1530 1694
1531 1694 1695
1531 1695 1696
1531 1696 1682
1530 1161 1507
1530 1507 1694
1656 1658 1682
1488 1482 1617
1488 1617 1693
1472 1682 1696
1472 1696 1470
1595 1156 1501
1595 1501 1697
1472 1656 1682
1634 1526 1525
1634 1525 1541
1698 1628 1699
1698 1699 1700
1698 1700 1642
1698 1642 1626
1164 1163 1699
1164 1699 1628
1596 1595 1697
1596 1697 1701
1641 1524 1550
1698 1702 1629
1698 1629 1628
1588 1616 1167
1588 1167 1502
1499 1553 1691
1499 1691 1500
1626 1625 1702
1626 1702 1698
1649 1703 1665
1649 1665 1704
1652 1061 1067
1652 1067 1024
1650 1679 1674
1650 1674 1673
1048 1051 1648
1058 1651 1668
1058 1668 1667
1665 1666 1705
1038 1037 1675
1038 1675 1674
1058 1667 1605
1058 1605 1059
1649 1704 1017
1649 1017 1016
1679 1650 1049
1679 1049 1048
1651 1650 1673
1651 1673 1668
1049 1652 1024
1049 1024 1050
1038 1672 1671
1038 1671 1035
1017 1704 1705
1017 1705 1013
1061 1060 1065
1061 1065 1067
1647 1048 1648
1048 1647 1672
1048 1672 1679
1019 1018 1039
1535 1016 1019
1535 1019 1032
1665 1703 1671
1665 1671 1661
1645 1644 1036
1645 1036 1035
1645 1703 1649
1645 1649 1534
1671 1703 1645
1671 1645 1035
1704 1665 1705
1010 1001 1003
1007 1042 1015
985 1010 986
1012 1057 1011
1011 1004 1006
981 984 992
986 1033 987
1126 1125 1133
1706 1120 1115
1706 1115 1114
1545 1123 1114
1116 1706 1114
1116 1114 1117
1707 1106 971
1109 1108 1096
1108 1151 1096
1079 1093 1080
1575 1101 1084
1575 1084 1083
1087 1104 973
1076 1088 972
1076 972 1073
1097 1074 1073
1105 1708 973
1107 1108 1077
1098 1112 1105
1708 970 973
1081 1083 1086
1081 1086 1099
1100 1111 1098
1091 1707 971
1091 971 970
1708 1090 970
990 1066 991
1709 1119 1118
1710 1711 1359
1710 1359 1184
1712 1713 1188
1712 1188 1187
1189 1192 1714
1189 1714 1715
1192 1194 1716
1192 1716 1714
1194 1193 1717
1194 1717 1716
1184 1189 1715
1184 1715 1710
1713 1717 1193
1713 1193 1188
1350 1349 1718
1350 1718 1719
1711 1720 1354
1721 1722 1360
1721 1360 1358
1719 1721 1358
1719 1358 1350
1723 1718 1349
1723 1349 1355
1355 1354 1720
1355 1720 1723
1715 1714 1724
1714 1716 1725
1716 1717 1726
1716 1726 1725
1727 1728 1723
1710 1715 1729
1730 1731 1719
1720 1711 1732
1733 1732 1711
1734 1713 1712
1726 1717 1713
1735 1736 1722
1735 1722 1721
1731 1735 1721
1731 1721 1719
1728 1730 1718
1710 1733 1711
1727 1720 1732
1733 1710 1729
1729 1715 1724
1737 1734 1712
1734 1726 1713
1724 1714 1725
1723 1728 1718
1718 1730 1719
1733 1738 1739
1733 1739 1732
1732 1739 1740
1732 1740 1727
1741 1742 1729
1740 1743 1728
1740 1728 1727
1730 1744 1745
1730 1745 1731
1745 1746 1735
1745 1735 1731
1746 1747 1736
1746 1736 1735
1748 1749 1734
1748 1734 1737
1741 1724 1725
1741 1725 1750
1750 1725 1726
1750 1726 1751
1752 1753 1754
1752 1754 1755
1756 1757 1758
1756 1758 1759
1760 1761 1762
1760 1762 1763
1764 1765 1766
1767 1768 1769
1770 1771 1772
1773 1774 1775
1738 1776 1777
1738 1777 1739
1778 1779 1780
1781 1782 1749
1783 1784 1785
1786 1787 1788
1786 1788 1789
1767 1769 1790
1766 1765 1791
1787 1767 1792
1787 1792 1793
1794 1795 1796
1797 1798 1799
1798 1800 1801
1802 1803 1747
1761 1804 1803
1761 1803 1802
1739 1777 1754
1739 1754 1740
1779 1805 1796
1779 1796 1800
1806 1807 1750
1806 1750 1751
1808 1806 1751
1808 1751 1749
1807 1809 1741
1807 1741 1750
1808 1749 1782
1757 1762 1746
1757 1746 1745
1757 1745 1744
1757 1744 1758
1753 1743 1740
1753 1740 1754
1742 1810 1776
1742 1776 1738
1760 1763 1811
1777 1776 1812
1777 1812 1813
1789 1814 1815
1789 1815 1816
1781 1815 1814
1781 1814 1782
1811 1817 1818
1814 1789 1788
1770 1819 1820
1729 1742 1738
1729 1738 1733
1730 1728 1743
1753 1758 1743
1752 1759 1753
1821 1822 1823
1821 1823 1824
1825 1826 1827
1800 1796 1795
1795 1828 1829
1786 1830 1831
1786 1831 1787
1749 1751 1726
1749 1726 1734
1819 1766 1791
1819 1791 1832
1833 1819 1832
1834 1835 1824
1797 1836 1752
1759 1752 1837
1759 1837 1783
1756 1783 1838
1756 1838 1763
1779 1800 1798
1779 1798 1780
1778 1839 1805
1810 1840 1841
1776 1810 1842
1778 1843 1813
1778 1813 1812
1813 1843 1755
1780 1798 1797
1842 1810 1841
1757 1756 1763
1757 1763 1762
1802 1746 1762
1763 1838 1811
1838 1844 1817
1838 1817 1811
1838 1785 1845
1767 1787 1831
1816 1830 1786
1846 1847 1793
1846 1793 1792
1827 1794 1848
1849 1836 1797
1850 1851 1852
1837 1784 1783
1794 1853 1828
1794 1828 1795
1854 1824 1855
1773 1856 1774
1801 1795 1829
1857 1844 1845
1844 1838 1845
1756 1759 1783
1755 1797 1752
1801 1800 1795
1799 1798 1801
1849 1797 1799
1838 1783 1785
1768 1767 1831
1858 1859 1860
1861 1846 1792
1861 1792 1790
1825 1862 1826
1765 1863 1852
1808 1814 1788
1780 1797 1755
1843 1780 1755
1813 1755 1754
1777 1813 1754
1804 1761 1760
1804 1760 1818
1842 1839 1778
1842 1778 1812
1840 1796 1841
1839 1841 1796
1814 1808 1782
1779 1778 1805
1789 1816 1786
1761 1802 1762
1861 1864 1832
1854 1840 1821
1765 1847 1791
1821 1809 1807
1821 1807 1822
1840 1854 1848
1840 1848 1796
1847 1852 1865
1821 1840 1810
1821 1810 1809
1851 1788 1865
1790 1792 1767
1793 1865 1788
1793 1788 1787
1856 1866 1867
1856 1867 1774
1868 1869 1858
1870 1871 1764
1872 1834 1823
1819 1833 1820
1873 1858 1874
1875 1876 1877
1854 1855 1878
1847 1846 1791
1852 1847 1765
1846 1861 1832
1850 1852 1863
1863 1872 1850
1871 1873 1879
1874 1858 1860
1880 1825 1827
1823 1834 1824
1850 1872 1823
1881 1859 1882
1881 1882 1883
1875 1884 1885
1879 1873 1874
1791 1846 1832
1848 1854 1878
1822 1851 1850
1822 1850 1823
1807 1806 1851
1809 1810 1742
1809 1742 1741
1806 1808 1788
1806 1788 1851
1848 1794 1796
1826 1853 1794
1826 1794 1827
1793 1847 1865
1764 1871 1879
1766 1870 1764
1886 1887 1775
1886 1775 1888
1889 1890 1885
1889 1885 1772
1824 1854 1821
1805 1839 1796
1839 1842 1841
1812 1776 1842
1843 1778 1780
1771 1770 1820
1851 1865 1852
1883 1891 1892
1822 1807 1851
1775 1893 1888
1824 1835 1855
1864 1833 1832
1887 1773 1775
1724 1741 1729
1884 1877 1871
1876 1868 1877
1868 1873 1877
1885 1770 1772
1890 1875 1885
1869 1868 1894
1882 1869 1895
1894 1876 1896
1897 1898 1899
1900 1901 1902
1900 1902 1903
1904 1905 1906
1904 1906 1896
1900 1906 1905
1900 1905 1901
1898 1907 1908
1898 1908 1899
1899 1908 1909
1899 1909 1910
1911 1912 1913
1914 1907 1898
1914 1898 1902
1904 1896 1915
1901 1916 1914
1901 1914 1902
1903 1902 1898
1917 1897 1918
1917 1918 1891
1869 1894 1895
1905 1904 1919
1901 1905 1920
1901 1920 1916
1899 1910 1921
1920 1905 1919
1890 1922 1875
1913 1912 1893
1896 1876 1915
1882 1917 1891
1882 1891 1883
1894 1906 1900
1917 1882 1895
1894 1900 1895
1875 1923 1876
1875 1922 1923
1893 1912 1888
1918 1897 1899
1897 1903 1898
1924 1886 1888
1912 1924 1888
1906 1894 1896
1918 1899 1921
1903 1897 1895
1900 1903 1895
1775 1925 1926
1910 1911 1913
1913 1893 1892
1891 1918 1921
1921 1910 1913
1897 1917 1895
1892 1891 1921
1913 1892 1921
1927 1925 1928
1927 1928 1881
1883 1927 1881
1876 1923 1915
1876 1894 1868
1892 1893 1926
1892 1926 1927
1893 1775 1926
1927 1883 1892
1774 1867 1929
1859 1858 1869
1859 1869 1882
1774 1925 1775
1928 1930 1931
1859 1932 1860
1925 1929 1930
1925 1774 1929
1928 1925 1930
1859 1881 1932
1881 1928 1931
1925 1927 1926
1881 1931 1932
1871 1870 1884
1770 1870 1766
1770 1766 1819
1873 1871 1877
1858 1873 1868
1885 1884 1870
1877 1884 1875
1770 1885 1870
1878 1827 1848
1933 1911 1910
1720 1727 1723
1359 1711 1354
1744 1730 1743
1758 1744 1743
1759 1758 1753
1752 1836 1837
1746 1802 1747
1748 1781 1749
1760 1811 1818
1909 1933 1910
1127 1126 1934
1935 1127 1934
1126 1139 1934
1935 1138 1127
1936 1937 1709
1146 1938 1118
1939 1936 1709
1938 1939 1118
1939 1709 1118
1940 1941 1942
1943 1944 1945
1943 1945 1946
1941 1947 1943
1941 1943 1946
1948 1949 1950
1951 1952 1953
1945 1944 1954
1945 1954 1955
1951 1955 1954
1951 1954 1952
1956 1940 1942
1957 1958 1959
1960 1961 1962
1960 1962 1963
1957 1961 1960
1957 1960 1964
1965 1966 1953
1951 1953 1966
1962 1967 1968
1962 1968 1963
1969 1970 1968
1969 1968 1967
1971 1959 1958
1972 1949 1948
1973 1966 1965
1947 1941 1940
1964 1958 1957
1974 1975 1976
1977 1978 1975
1977 1975 1974
1979 1980 1981
1982 1983 1984
1982 1984 1985
1986 1987 1988
1986 1988 1989
1985 1984 1990
1985 1990 1991
1992 1993 1994
1992 1994 1995
1996 1997 1998
1999 1990 1984
1999 1984 2000
2001 2002 2003
2001 2003 2004
2005 2006 2007
2005 2007 2008
2009 2010 2011
2012 2013 2002
2012 2002 2001
2014 2015 2016
2014 2016 2017
2018 2019 2020
2018 2020 2021
2022 1985 1991
2022 1991 2023
2024 2025 2026
2027 1975 2028
2027 2028 2023
1989 2029 1986
2030 2031 2032
2030 2032 2033
1975 2034 2028
1997 2035 2019
1997 2019 2018
2035 2036 2037
2035 2037 2019
2038 1992 1995
2038 1995 2039
2040 2012 2001
2040 2001 2041
2042 2043 2044
2045 2046 2047
2048 2049 2050
2048 2050 2051
2052 2053 2034
2052 2034 1978
2054 2055 2053
2054 2053 2052
2054 2056 2017
2054 2017 2055
2052 2057 1979
2052 1979 2054
1993 2058 2056
1993 2056 1994
2059 2060 2027
2059 2027 2023
2059 2023 1991
1982 2061 1987
1982 1987 1986
2053 2062 2028
2053 2028 2034
2022 2062 2063
2022 2063 2061
2057 1978 2064
2047 2065 2045
1996 2066 2036
1996 2036 2035
2052 1978 2057
2067 2068 2069
2026 2068 2070
2071 2072 2024
2071 2024 2073
2074 2068 2067
2011 2075 2069
2025 2076 2026
2004 2077 2041
2004 2041 2001
2078 2075 2011
2079 2080 2081
2079 2081 2082
2083 2084 2085
2083 2085 2086
2087 2088 2089
2087 2089 2090
2031 2000 2091
2031 2091 2032
1999 2092 2093
1999 2093 2082
2026 2094 2068
2069 2068 2011
2095 2096 2067
2043 2097 2098
2043 2098 2099
2077 2043 2041
2041 2042 2040
2100 1989 2101
1989 1988 2102
1989 2102 2101
2103 2104 1993
2103 1993 1992
2015 2105 2106
1992 2038 2107
1992 2107 2103
2108 2014 2058
2108 2058 2109
1993 2104 2109
1993 2109 2058
2110 2111 2037
2110 2037 2107
2112 2110 2107
2112 2107 2038
2040 2113 2008
2005 2114 2046
2005 2046 2115
2115 2046 2045
2115 2045 2116
2045 2065 2050
2045 2050 2116
2100 2117 2118
2100 2118 2029
2115 2116 2119
2115 2119 2120
2006 2121 2122
2006 2122 2007
2037 2036 2103
2037 2103 2107
2109 2123 2108
2066 2124 2109
2066 2109 2104
2036 2066 2104
2036 2104 2103
2037 2111 2020
2037 2020 2019
2029 1989 2100
1995 1994 1979
1995 1979 1981
2008 2007 2012
2008 2012 2040
2010 2078 2011
2017 2016 2063
2017 2063 2055
2017 2056 2058
2017 2058 2014
1994 2056 2054
1994 2054 1979
2125 2126 2127
2128 2078 2129
2008 2113 2114
2008 2114 2005
2029 2118 2091
2029 2091 1983
2007 2122 2013
2007 2013 2012
2063 2062 2053
2063 2053 2055
2016 1988 1987
2082 2081 1990
2082 1990 1999
2028 2062 2022
2028 2022 2023
2015 2014 2105
2061 1982 1985
2061 1985 2022
2059 2081 2080
2059 2080 2060
2063 2016 1987
2063 1987 2061
2050 2049 2119
2050 2119 2116
2065 2130 2131
2050 2065 2131
2050 2131 2051
2048 2051 2018
2048 2018 2021
2051 2131 1997
2051 1997 2018
2131 1998 1997
2115 2006 2005
2070 2074 2083
2044 2132 2042
2133 2046 2114
2113 2133 2114
2044 2043 2099
2099 2128 2044
2091 2000 1984
2091 1984 1983
2027 2060 1976
2118 2117 2134
2091 2134 2032
2044 2128 2126
2083 2135 2084
2071 2136 2137
2071 2137 2138
2135 2083 2139
2074 2140 2141
2097 2043 2077
2142 2125 2143
2004 2003 2144
2004 2144 2145
2146 2140 2147
2146 2141 2140
2095 2004 2145
2097 2095 2067
2096 2148 2149
2096 2145 2150
2144 2151 2145
2067 2096 2140
2150 2148 2096
2136 2152 2137
2153 2141 2146
2139 2141 2153
2152 2086 2154
1980 2057 2064
1978 2034 1975
2038 2039 2112
1981 2039 1995
2046 2133 2155
2033 2032 2134
2156 2124 2066
2156 2066 1996
2157 2158 2030
2159 2160 2076
2123 2124 2156
2142 2143 2132
2161 2108 2123
2130 2065 2047
2044 2126 2142
2009 2160 2159
2009 2159 2162
2094 2160 2009
2086 2085 2154
2086 2070 2083
2105 2108 2161
1988 2106 2102
2026 2070 2024
2089 2163 2090
2155 2133 2143
2130 1998 2131
2127 2128 2129
2118 2134 2091
1986 2029 1983
1986 1983 1982
2015 2106 1988
2142 2126 2125
2152 2136 2086
2160 2094 2026
2068 2074 2070
2086 2136 2071
2086 2071 2073
2024 2070 2073
2024 2072 2025
2074 2141 2083
2006 2120 2121
2120 2006 2115
2067 2069 2098
2067 2098 2097
2077 2095 2097
2132 2143 2133
2113 2132 2133
2142 2132 2044
2099 2098 2128
2162 2010 2009
2043 2042 2041
2042 2113 2040
2128 2098 2075
2128 2075 2078
2009 2011 2094
2042 2132 2113
2126 2128 2127
2069 2075 2098
2011 2068 2094
2067 2140 2074
2090 2158 2157
2138 2164 2071
2157 2087 2090
2071 2164 2072
2015 1988 2016
2124 2123 2109
2105 2014 2108
1976 1975 2027
2057 1980 1979
2064 1978 1977
2140 2096 2149
2140 2149 2147
2139 2083 2141
2073 2070 2086
2095 2145 2096
2077 2004 2095
2145 2151 2150
2035 1997 1996
2026 2076 2160
2000 2031 2092
2000 2092 1999
1991 1990 2081
1991 2081 2059
2163 2079 2082
2163 2082 2093
2093 2090 2163
2092 2158 2090
2092 2090 2093
2092 2031 2030
2092 2030 2158
2165 2166 2167
2168 2169 2170
2169 2168 2171
2169 2171 2172
2170 2169 2167
2170 2167 2166
2173 2174 2175
2176 2177 2178
2179 2180 2181
2181 2177 2179
2182 2183 2184
2177 2185 2186
2177 2186 2187
2178 2177 2187
2178 2187 2188
2183 2176 2178
2184 2183 2178
2184 2178 2188
2189 2190 2191
2174 2192 2175
2193 2194 2195
2196 2193 2195
2197 2198 2199
2197 2199 2200
2180 2201 2181
2202 2203 2204
2185 2177 2181
2203 2199 2198
2205 2206 2196
2207 2206 2208
2208 2205 2209
2210 2185 2181
2210 2181 2201
2211 2212 2213
2214 2190 2215
2216 2217 2192
2216 2192 2218
2218 2192 2174
2191 2190 2214
2194 2199 2202
2199 2203 2202
2208 2206 2205
2185 2210 2219
2194 2193 2199
2196 2206 2193
2206 2207 2197
2206 2197 2200
2200 2199 2193
2193 2206 2200
2212 2211 2201
2212 2201 2180
2220 2186 2219
2219 2210 2221
2219 2186 2185
2179 2177 2176
2222 2223 2224
2225 2222 2224
2225 2224 2226
2227 2228 2229
2230 2231 2232
2230 2232 2233
2234 2235 2236
2234 2236 2237
2231 2238 2239
2231 2239 2232
2240 2241 2242
2240 2242 2243
2244 2245 2246
2247 2248 2232
2247 2232 2239
2249 2250 2251
2249 2251 2252
2253 2254 2255
2253 2255 2256
2257 2258 2259
2260 2249 2252
2260 2252 2261
2262 2263 2264
2262 2264 2265
2266 2267 2268
2266 2268 2269
2270 2271 2238
2270 2238 2231
2272 2273 2274
2275 2271 2276
2275 2276 2224
2235 2234 2277
2278 2279 2280
2278 2280 2281
2224 2276 2282
2246 2266 2269
2246 2269 2283
2283 2269 2284
2283 2284 2285
2286 2287 2241
2286 2241 2240
2288 2289 2249
2288 2249 2260
2290 2291 2292
2293 2294 2295
2296 2297 2298
2296 2298 2299
2300 2226 2282
2300 2282 2301
2302 2300 2301
2302 2301 2303
2302 2303 2263
2302 2263 2304
2300 2302 2227
2300 2227 2305
2243 2242 2304
2243 2304 2306
2307 2275 2308
2307 2238 2271
2307 2271 2275
2230 2234 2237
2230 2237 2309
2301 2282 2276
2301 2276 2310
2270 2309 2311
2270 2311 2310
2305 2312 2226
2294 2293 2313
2244 2283 2285
2244 2285 2314
2300 2305 2226
2315 2316 2317
2273 2318 2317
2319 2320 2272
2319 2272 2321
2322 2315 2317
2258 2316 2323
2274 2273 2324
2250 2249 2289
2250 2289 2325
2326 2258 2323
2327 2328 2329
2327 2329 2330
2331 2332 2333
2331 2333 2334
2335 2336 2337
2335 2337 2338
2281 2280 2339
2281 2339 2248
2247 2328 2340
2247 2340 2341
2273 2317 2342
2316 2258 2317
2343 2315 2344
2292 2345 2346
2292 2346 2347
2325 2289 2292
2289 2288 2290
2348 2349 2235
2235 2349 2350
2235 2350 2236
2351 2240 2243
2351 2243 2352
2265 2353 2354
2240 2351 2355
2240 2355 2286
2356 2357 2306
2356 2306 2262
2243 2306 2357
2243 2357 2352
2358 2355 2284
2358 2284 2359
2360 2286 2355
2360 2355 2358
2288 2254 2361
2253 2362 2295
2253 2295 2363
2362 2364 2293
2362 2293 2295
2293 2364 2298
2293 2298 2313
2348 2277 2365
2348 2365 2366
2362 2367 2368
2362 2368 2364
2256 2255 2369
2256 2369 2370
2284 2355 2351
2284 2351 2285
2357 2356 2371
2314 2352 2357
2314 2357 2372
2285 2351 2352
2285 2352 2314
2284 2269 2268
2284 2268 2359
2277 2348 2235
2241 2228 2227
2241 2227 2242
2254 2288 2260
2254 2260 2255
2259 2258 2326
2263 2303 2311
2263 2311 2264
2263 2262 2306
2263 2306 2304
2242 2227 2302
2242 2302 2304
2373 2374 2375
2376 2377 2326
2254 2253 2363
2254 2363 2361
2277 2233 2339
2277 2339 2365
2255 2260 2261
2255 2261 2369
2311 2303 2301
2311 2301 2310
2264 2237 2236
2328 2247 2239
2328 2239 2329
2276 2271 2270
2276 2270 2310
2265 2354 2262
2309 2270 2231
2309 2231 2230
2307 2308 2330
2307 2330 2329
2311 2309 2237
2311 2237 2264
2298 2364 2368
2298 2368 2299
2313 2378 2379
2298 2297 2378
2298 2378 2313
2296 2267 2266
2296 2266 2297
2297 2266 2246
2297 2246 2378
2378 2246 2245
2362 2253 2256
2318 2331 2322
2291 2290 2380
2381 2363 2295
2361 2363 2381
2291 2345 2292
2345 2291 2376
2339 2233 2232
2339 2232 2248
2275 2223 2308
2365 2382 2366
2339 2280 2382
2291 2375 2376
2331 2334 2383
2319 2384 2385
2319 2385 2386
2383 2387 2331
2322 2388 2389
2347 2325 2292
2390 2391 2373
2250 2392 2393
2250 2393 2251
2394 2395 2389
2394 2389 2388
2343 2392 2250
2347 2315 2343
2344 2396 2397
2344 2398 2392
2393 2392 2399
2315 2389 2344
2398 2344 2397
2386 2385 2400
2401 2394 2388
2387 2401 2388
2400 2402 2332
2229 2312 2305
2226 2224 2282
2286 2360 2287
2228 2241 2287
2295 2403 2381
2279 2382 2280
2404 2244 2314
2404 2314 2372
2405 2278 2406
2407 2324 2408
2371 2404 2372
2390 2380 2391
2409 2371 2356
2379 2294 2313
2291 2390 2375
2257 2410 2407
2257 2407 2408
2342 2257 2408
2332 2402 2333
2332 2331 2318
2354 2409 2356
2236 2350 2353
2273 2272 2318
2337 2336 2411
2403 2391 2381
2379 2378 2245
2374 2377 2376
2365 2339 2382
2234 2230 2233
2234 2233 2277
2265 2236 2353
2390 2373 2375
2400 2332 2386
2408 2273 2342
2317 2318 2322
2332 2320 2319
2332 2319 2386
2272 2320 2318
2272 2274 2321
2322 2331 2388
2256 2370 2367
2367 2362 2256
2315 2347 2346
2315 2346 2316
2325 2347 2343
2380 2381 2391
2361 2381 2380
2390 2291 2380
2345 2376 2346
2410 2257 2259
2292 2289 2290
2290 2288 2361
2376 2323 2346
2376 2326 2323
2257 2342 2258
2290 2361 2380
2375 2374 2376
2316 2346 2323
2258 2342 2317
2315 2322 2389
2336 2405 2406
2384 2319 2412
2405 2336 2335
2319 2321 2412
2265 2264 2236
2372 2357 2371
2354 2356 2262
2223 2275 2224
2305 2227 2229
2312 2225 2226
2389 2395 2396
2389 2396 2344
2387 2388 2331
2320 2332 2318
2343 2344 2392
2325 2343 2250
2392 2398 2399
2283 2244 2246
2273 2408 2324
2248 2247 2341
2248 2341 2281
2238 2307 2329
2238 2329 2239
2411 2340 2328
2411 2328 2327
2340 2411 2336
2341 2340 2336
2341 2336 2406
2341 2406 2278
2341 2278 2281
2413 2414 2415
2416 2417 2418
2418 2419 2420
2418 2420 2416
2417 2415 2414
2417 2414 2418
2421 2422 2423
2424 2425 2426
2427 2428 2429
2428 2427 2426
2430 2431 2432
2426 2433 2434
2426 2434 2435
2425 2436 2433
2425 2433 2426
2432 2425 2424
2431 2436 2425
2431 2425 2432
2437 2438 2439
2423 2422 2440
2441 2442 2443
2444 2442 2441
2445 2446 2447
2445 2447 2448
2429 2428 2449
2450 2451 2452
2435 2428 2426
2452 2448 2447
2453 2444 2454
2455 2456 2454
2456 2457 2453
2458 2449 2428
2458 2428 2435
2459 2460 2461
2462 2463 2439
2464 2465 2440
2464 2440 2466
2465 2423 2440
2438 2462 2439
2443 2450 2447
2447 2450 2452
2456 2453 2454
2435 2467 2458
2443 2447 2441
2444 2441 2454
2454 2446 2445
2454 2445 2455
2446 2441 2447
2441 2446 2454
2461 2429 2449
2461 2449 2459
2468 2467 2434
2467 2469 2458
2467 2435 2434
2427 2424 2426
2470 2471 2472
2470 2472 2473
2474 2475 2476
2474 2476 2477
2478 2479 2475
2478 2475 2474
2480 2481 2482
2483 2480 2482
2483 2482 2484
2485 2486 2487
2488 2485 2487
2488 2487 2489
2490 2491 2492
2490 2492 2493
2473 2472 2491
2473 2491 2490
2494 2495 2496
2494 2496 2497
2498 2499 2471
2498 2471 2470
2500 2501 2499
2500 2499 2498
2502 2503 2481
2502 2481 2504
2505 2506 2507
2505 2507 2508
2489 2509 2510
2489 2510 2488
2509 2511 2512
2509 2512 2510
2496 2513 2497
2514 2484 2482
2515 2516 2517
2506 2518 2519
2506 2519 2507
2518 2520 2521
2518 2521 2519
2520 2522 2523
2520 2523 2521
2522 2486 2524
2522 2524 2523
2525 2526 2527
2525 2527 2528
2526 2505 2508
2526 2508 2527
2529 2530 2531
2529 2531 2532
2524 2486 2485
2479 2478 2533
2479 2533 2513
2497 2513 2533
2493 2492 2495
2493 2495 2494
2517 2512 2511
2517 2511 2515
2534 2532 2531
2535 2536 2537
2538 2539 2540
2541 2502 2504
2541 2504 2542
2543 2544 2530
2543 2530 2529
2544 2543 2545
2544 2545 2535
2542 2546 2547
2542 2547 2541
2545 2536 2535
2540 2539 2548
2549 2550 2551
2552 2553 2554
2552 2554 2555
2556 2557 2558
2556 2558 2559
2558 2560 2561
2558 2561 2559
2562 2563 2564
2562 2564 2565
2564 2566 2567
2564 2567 2565
2568 2569 2570
2568 2570 2571
2572 2573 2574
2572 2574 2575
2570 2576 2577
2570 2577 2571
2578 2579 2580
2578 2580 2581
2582 2583 2584
2582 2584 2585
2585 2584 2586
2585 2586 2587
2587 2586 2588
2587 2588 2589
2590 2569 2568
2590 2568 2591
2561 2560 2592
2561 2592 2593
2594 2595 2596
2594 2596 2597
2598 2599 2600
2598 2600 2601
2602 2603 2604
2602 2604 2605
2595 2603 2602
2595 2602 2596
2606 2607 2608
2606 2608 2609
2604 2607 2606
2604 2606 2605
2610 2611 2612
2610 2612 2613
2608 2614 2615
2608 2615 2609
2616 2617 2618
2616 2618 2619
2620 2621 2622
2620 2622 2623
2617 2624 2625
2617 2625 2618
2626 2621 2620
2626 2620 2627
2622 2628 2629
2622 2629 2623
2628 2630 2631
2628 2631 2629
2592 2632 2633
2592 2633 2593
2577 2576 2634
2577 2634 2635
2636 2637 2638
2636 2638 2639
2636 2639 2640
2638 2541 2547
2641 2503 2502
2641 2502 2642
2643 2644 2645
2643 2645 2646
2630 2616 2619
2630 2619 2631
2634 2557 2556
2634 2556 2635
2647 2648 2514
2649 2587 2589
2649 2589 2650
2651 2585 2587
2651 2587 2649
2632 2652 2653
2632 2653 2633
2554 2553 2654
2554 2654 2655
2656 2657 2533
2640 2639 2658
2640 2658 2659
2660 2658 2661
2661 2662 2663
2658 2664 2662
2612 2611 2665
2612 2665 2549
2660 2661 2666
2661 2667 2666
2545 2668 2536
2669 2670 2671
2669 2671 2672
2536 2673 2674
2536 2674 2540
2551 2550 2675
2551 2675 2674
2667 2663 2665
2549 2676 2677
2678 2679 2538
2497 2657 2680
2497 2680 2494
2681 2682 2500
2681 2500 2498
2683 2684 2490
2683 2490 2493
2680 2683 2493
2680 2493 2494
2685 2686 2687
2685 2687 2688
2684 2689 2473
2684 2473 2490
2514 2641 2690
2503 2641 2482
2691 2692 2689
2691 2689 2693
2651 2694 2582
2651 2582 2585
2695 2696 2697
2695 2697 2698
2696 2699 2700
2696 2700 2697
2699 2701 2702
2699 2702 2700
2645 2703 2704
2645 2704 2646
2705 2706 2707
2705 2707 2708
2707 2669 2672
2707 2672 2708
2709 2710 2711
2709 2711 2712
2711 2706 2705
2711 2705 2712
2713 2714 2715
2713 2715 2716
2715 2710 2709
2715 2709 2716
2703 2717 2718
2703 2718 2704
2717 2719 2720
2717 2720 2718
2721 2722 2723
2721 2723 2724
2722 2725 2726
2722 2726 2723
2727 2728 2516
2725 2729 2730
2725 2730 2726
2719 2731 2732
2719 2732 2720
2733 2734 2735
2733 2735 2736
2532 2728 2737
2532 2737 2529
2734 2738 2668
2734 2668 2735
2731 2721 2724
2731 2724 2732
2739 2644 2643
2739 2643 2740
2741 2742 2701
2741 2701 2699
2743 2741 2699
2743 2699 2696
2533 2657 2497
2744 2745 2746
2738 2747 2748
2738 2748 2668
2668 2748 2673
2668 2673 2536
2663 2662 2749
2663 2749 2750
2747 2751 2752
2747 2752 2748
2665 2550 2549
2751 2753 2752
2752 2677 2676
2663 2667 2661
2550 2750 2749
2550 2749 2675
2549 2551 2676
2611 2667 2665
2677 2612 2549
2550 2665 2750
2754 2755 2505
2754 2505 2526
2756 2757 2522
2756 2522 2520
2757 2745 2486
2757 2486 2522
2688 2687 2518
2688 2518 2506
2687 2756 2520
2687 2520 2518
2758 2657 2656
2482 2641 2514
2516 2728 2532
2759 2728 2727
2689 2692 2470
2689 2470 2473
2743 2696 2695
2743 2695 2760
2761 2762 2655
2761 2655 2654
2653 2652 2763
2653 2763 2764
2580 2590 2591
2580 2591 2581
2765 2766 2741
2765 2741 2743
2766 2767 2741
2767 2768 2742
2767 2742 2741
2769 2770 2651
2769 2651 2649
2771 2772 2649
2771 2649 2650
2651 2770 2773
2772 2769 2649
2774 2773 2600
2774 2600 2599
2743 2740 2765
2729 2775 2776
2729 2776 2730
2664 2546 2777
2728 2778 2737
2737 2736 2543
2737 2543 2529
2778 2733 2736
2778 2736 2737
2775 2714 2713
2775 2713 2776
2614 2779 2780
2614 2780 2615
2690 2641 2642
2690 2642 2781
2781 2642 2637
2781 2637 2782
2642 2502 2541
2642 2541 2637
2779 2626 2627
2779 2627 2780
2763 2563 2562
2763 2562 2764
2783 2784 2579
2783 2579 2578
2785 2690 2781
2785 2781 2786
2786 2781 2782
2786 2782 2787
2759 2788 2778
2788 2789 2733
2788 2733 2778
2790 2791 2509
2790 2509 2489
2791 2792 2511
2791 2511 2509
2793 2794 2759
2793 2759 2727
2744 2790 2489
2744 2489 2487
2795 2796 2753
2795 2753 2751
2796 2613 2612
2796 2612 2753
2753 2677 2752
2797 2798 2747
2797 2747 2738
2798 2795 2751
2798 2751 2747
2789 2799 2734
2789 2734 2733
2799 2797 2738
2799 2738 2734
2694 2651 2773
2694 2773 2774
2800 2478 2474
2800 2474 2801
2801 2474 2477
2801 2477 2802
2647 2514 2690
2647 2690 2785
2792 2803 2515
2792 2515 2511
2487 2745 2744
2656 2533 2478
2656 2478 2800
2804 2660 2666
2804 2666 2805
2805 2666 2611
2805 2611 2610
2806 2640 2659
2806 2659 2807
2807 2659 2660
2807 2660 2804
2787 2782 2636
2787 2636 2808
2808 2636 2640
2808 2640 2806
2674 2673 2676
2674 2676 2551
2486 2745 2487
2658 2662 2661
2748 2752 2673
2540 2674 2675
2540 2675 2538
2567 2566 2552
2567 2552 2555
2624 2598 2601
2624 2601 2625
2760 2739 2740
2760 2740 2743
2662 2678 2749
2678 2538 2675
2678 2675 2749
2538 2679 2809
2537 2540 2548
2777 2678 2664
2516 2515 2727
2477 2484 2648
2477 2648 2802
2516 2532 2534
2534 2517 2516
2676 2673 2752
2794 2788 2759
2482 2481 2503
2514 2648 2484
2810 2679 2678
2753 2612 2677
2666 2667 2611
2759 2778 2728
2811 2812 2573
2811 2573 2572
2813 2814 2815
2813 2815 2816
2817 2818 2819
2817 2819 2820
2821 2822 2823
2821 2823 2824
2824 2823 2825
2824 2825 2826
2826 2825 2827
2826 2827 2828
2829 2830 2831
2829 2831 2832
2833 2834 2814
2833 2814 2813
2835 2836 2837
2835 2837 2838
2839 2840 2841
2839 2841 2842
2843 2844 2845
2843 2845 2846
2847 2848 2849
2847 2849 2850
2846 2845 2851
2846 2851 2852
2850 2849 2853
2850 2853 2854
2855 2856 2844
2855 2844 2843
2842 2841 2857
2842 2857 2858
2859 2860 2836
2859 2836 2835
2861 2862 2860
2861 2860 2859
2858 2857 2862
2858 2862 2861
2852 2851 2863
2852 2863 2864
2864 2863 2840
2864 2840 2839
2838 2837 2834
2838 2834 2833
2816 2815 2865
2816 2865 2866
2867 2868 2818
2867 2818 2817
2869 2870 2871
2869 2871 2872
2872 2871 2873
2872 2873 2874
2828 2827 2870
2828 2870 2869
2874 2873 2830
2874 2830 2829
2854 2853 2822
2854 2822 2821
2875 2876 2848
2875 2848 2847
2832 2831 2868
2832 2868 2867
2877 2878 2879
2877 2879 2880
2881 2882 2883
2881 2883 2884
2885 2886 2887
2885 2887 2888
2888 2887 2889
2888 2889 2890
2891 2892 2882
2891 2882 2881
2890 2889 2893
2890 2893 2894
2895 2896 2897
2895 2897 2898
2880 2879 2899
2880 2899 2900
2900 2899 2892
2900 2892 2891
2898 2897 2886
2898 2886 2885
2866 2865 2878
2866 2878 2877
2894 2893 2876
2894 2876 2875
2574 2901 2575
2902 2746 2745
2902 2745 2757
2505 2755 2688
2505 2688 2506
2525 2903 2754
2525 2754 2526
2904 2905 2754
2904 2754 2903
2686 2906 2756
2686 2756 2687
2907 2680 2657
2907 2657 2758
2905 2908 2755
2905 2755 2754
2908 2685 2688
2908 2688 2755
2906 2902 2757
2906 2757 2756
2909 2684 2683
2909 2683 2910
2911 2681 2692
2911 2692 2691
2693 2689 2684
2693 2684 2909
2912 2682 2681
2912 2681 2911
2470 2692 2681
2470 2681 2498
2910 2683 2680
2910 2680 2907
2515 2803 2727
2727 2803 2793
2477 2476 2483
2477 2483 2484
2663 2750 2665
2809 2539 2538
2547 2546 2664
2543 2736 2735
2543 2735 2545
2639 2547 2664
2637 2541 2638
2810 2678 2777
2536 2540 2537
2639 2664 2658
2638 2547 2639
2782 2637 2636
2735 2668 2545
2664 2678 2662
2659 2658 2660
2913 2914 2915
2913 2915 2916
2917 2918 2919
2917 2919 2920
2921 2917 2920
2921 2920 2922
2923 2924 2925
2926 2927 2924
2926 2924 2923
2928 2929 2930
2931 2932 2929
2931 2929 2928
2933 2934 2935
2933 2935 2936
2914 2933 2936
2914 2936 2915
2937 2938 2939
2937 2939 2940
2941 2913 2916
2941 2916 2942
2943 2941 2942
2943 2942 2944
2945 2946 2925
2945 2925 2947
2948 2949 2950
2948 2950 2951
2932 2931 2952
2932 2952 2953
2953 2952 2954
2953 2954 2955
2939 2938 2956
2957 2924 2927
2958 2959 2960
2951 2950 2961
2951 2961 2962
2962 2961 2963
2962 2963 2964
2964 2963 2965
2964 2965 2966
2966 2965 2967
2966 2967 2930
2968 2969 2970
2968 2970 2971
2971 2970 2949
2971 2949 2948
2972 2973 2974
2972 2974 2975
2967 2928 2930
2922 2956 2976
2922 2976 2921
2938 2976 2956
2934 2937 2940
2934 2940 2935
2959 2958 2955
2959 2955 2954
2977 2974 2973
2978 2979 2980
2981 2982 2983
2984 2985 2946
2984 2946 2945
2986 2972 2975
2986 2975 2987
2987 2978 2988
2987 2988 2986
2985 2984 2989
2985 2989 2990
2988 2978 2980
2982 2991 2983
2992 2993 2994
2995 2996 2997
2995 2997 2998
2999 3000 3001
2999 3001 3002
3001 3000 3003
3001 3003 3004
3005 3006 3007
3005 3007 3008
3007 3006 3009
3007 3009 3010
3011 3012 3013
3011 3013 3014
3015 3016 3017
3015 3017 3018
3013 3012 3019
3013 3019 3020
3021 3022 3023
3021 3023 3024
3025 3026 3027
3025 3027 3028
3026 3029 3030
3026 3030 3027
3029 3031 3032
3029 3032 3030
3033 3034 3011
3033 3011 3014
3003 3035 3036
3003 3036 3004
3037 3038 3039
3037 3039 3040
3041 3042 3043
3041 3043 3044
3045 3046 3047
3045 3047 3048
3040 3039 3045
3040 3045 3048
3049 3050 3051
3049 3051 3052
3047 3046 3049
3047 3049 3052
3053 3054 3055
3053 3055 3056
3051 3050 3057
3051 3057 3058
3059 3060 3061
3059 3061 3062
3063 3064 3065
3063 3065 3066
3062 3061 3067
3062 3067 3068
3069 3070 3063
3069 3063 3066
3065 3064 3071
3065 3071 3072
3072 3071 3073
3072 3073 3074
3036 3035 3075
3036 3075 3076
3019 3077 3078
3019 3078 3020
3079 3080 3081
3079 3082 3083
3079 3083 3080
3080 2989 2984
3084 3085 2945
3084 2945 2947
3086 3087 3088
3086 3088 3089
3074 3073 3060
3074 3060 3059
3078 3077 2999
3078 2999 3002
3090 2957 3091
3092 3093 3031
3092 3031 3029
3094 3092 3029
3094 3029 3026
3076 3075 3095
3076 3095 3096
2997 3097 3098
2997 3098 2998
3099 2976 3100
3082 3101 3102
3082 3102 3083
3103 3104 3102
3104 3105 3106
3102 3106 3107
3055 2992 3108
3055 3108 3056
3103 3109 3104
3104 3109 3110
2988 2980 3111
3112 3113 3114
3112 3114 3115
2980 2982 3116
2980 3116 3117
2993 3116 3118
2993 3118 2994
3110 3108 3105
2992 3119 3120
3121 2981 3122
2938 2937 3123
2938 3123 3100
3124 2941 2943
3124 2943 3125
3126 2934 2933
3126 2933 3127
3123 2937 2934
3123 2934 3126
3128 3129 3130
3128 3130 3131
3127 2933 2914
3127 2914 3132
2957 3133 3084
2947 2924 3084
3134 3135 3132
3134 3132 3136
3094 3026 3025
3094 3025 3137
3138 3139 3140
3138 3140 3141
3141 3140 3142
3141 3142 3143
3143 3142 3144
3143 3144 3145
3088 3087 3146
3088 3146 3147
3148 3149 3150
3148 3150 3151
3150 3149 3113
3150 3113 3112
3152 3153 3154
3152 3154 3155
3154 3153 3148
3154 3148 3151
3156 3157 3158
3156 3158 3159
3158 3157 3152
3158 3152 3155
3147 3146 3160
3147 3160 3161
3161 3160 3162
3161 3162 3163
3164 3165 3166
3164 3166 3167
3167 3166 3168
3167 3168 3169
3170 2960 3171
3169 3168 3172
3169 3172 3173
3163 3162 3174
3163 3174 3175
3176 3177 3178
3176 3178 3179
2973 2972 3180
2973 3180 3171
3179 3178 3111
3179 3111 3181
3175 3174 3165
3175 3165 3164
3182 3183 3086
3182 3086 3089
3184 3143 3145
3184 3145 3185
3186 3141 3143
3186 3143 3184
2976 2938 3100
3187 3188 3189
3181 3111 3190
3181 3190 3191
3111 2980 3117
3111 3117 3190
3105 3192 3193
3105 3193 3106
3191 3190 3194
3191 3194 3195
3108 2992 2994
3195 3194 3196
3194 3120 3119
3105 3104 3110
2994 3118 3193
2994 3193 3192
2992 3120 2993
3056 3108 3110
3119 2992 3055
2994 3192 3108
3197 2971 2948
3197 2948 3198
3199 2964 2966
3199 2966 3200
3200 2966 2930
3200 2930 3189
3129 2951 2962
3129 2962 3130
3130 2962 2964
3130 2964 3199
3201 3099 3100
2924 2957 3084
2960 2973 3171
3202 3170 3171
3132 2914 2913
3132 2913 3136
3186 3203 3138
3186 3138 3141
3204 3098 3097
3204 3097 3205
3095 3206 3207
3095 3207 3096
3023 3022 3034
3023 3034 3033
3208 3186 3184
3208 3184 3209
3209 3184 3210
3210 3184 3185
3210 3185 3211
3212 3092 3094
3212 3094 3213
3214 3093 3092
3214 3092 3215
3094 3216 3213
3215 3092 3212
3217 3044 3043
3217 3043 3216
3186 3208 3183
3173 3172 3218
3173 3218 3219
3107 3220 2990
3171 3180 3221
3180 2972 2986
3180 2986 3177
3221 3180 3177
3221 3177 3176
3219 3218 3156
3219 3156 3159
3058 3057 3222
3058 3222 3223
3133 3224 3085
3133 3085 3084
3224 3225 3081
3224 3081 3085
3085 3081 2984
3085 2984 2945
3223 3222 3070
3223 3070 3069
3207 3206 3005
3207 3005 3008
3226 3021 3024
3226 3024 3227
3228 3229 3224
3228 3224 3133
3229 3230 3225
3229 3225 3224
3202 3221 3231
3231 3221 3176
3231 3176 3232
3233 2932 2953
3233 2953 3234
3234 2953 2955
3234 2955 3235
3236 3170 3202
3236 3202 3237
3187 2929 2932
3187 2932 3233
3238 3195 3196
3238 3196 3239
3239 3196 3055
3239 3055 3054
3196 3194 3119
3240 3181 3191
3240 3191 3241
3241 3191 3195
3241 3195 3238
3232 3176 3179
3232 3179 3242
3242 3179 3181
3242 3181 3240
3137 3217 3216
3137 3216 3094
3243 3244 2917
3243 2917 2921
3244 3245 2918
3244 2918 2917
3090 3228 3133
3090 3133 2957
3235 2955 2958
3235 2958 3246
2929 3187 3189
3099 3243 2921
3099 2921 2976
3247 3248 3109
3247 3109 3103
3248 3053 3056
3248 3056 3109
3249 3250 3101
3249 3101 3082
3250 3247 3103
3250 3103 3101
3230 3251 3079
3230 3079 3225
3251 3249 3082
3251 3082 3079
3116 2993 3120
3116 3120 3117
2930 2929 3189
3102 3104 3106
3190 3117 3194
2982 2981 3118
2982 3118 3116
3009 2996 2995
3009 2995 3010
3068 3067 3042
3068 3042 3041
3203 3186 3183
3203 3183 3182
3106 3193 3121
3121 3193 3118
3121 3118 2981
2981 3252 3122
2979 2991 2982
3220 3107 3121
2960 3170 2958
2918 3245 3091
2918 3091 2927
2960 2977 2973
2977 2960 2959
3120 3194 3117
3237 3202 3231
2924 2947 2925
2957 2927 3091
3253 3121 3122
3196 3119 3055
3109 3056 3110
3202 3171 3221
3254 3015 3018
3254 3018 3255
3256 3257 3258
3256 3258 3259
3260 3261 3262
3260 3262 3263
3264 3265 3266
3264 3266 3267
3265 3268 3269
3265 3269 3266
3268 3270 3271
3268 3271 3269
3272 3273 3274
3272 3274 3275
3276 3256 3259
3276 3259 3277
3278 3279 3280
3278 3280 3281
3282 3283 3284
3282 3284 3285
3286 3287 3288
3286 3288 3289
3290 3291 3292
3290 3292 3293
3287 3294 3295
3287 3295 3288
3291 3296 3297
3291 3297 3292
3298 3286 3289
3298 3289 3299
3283 3300 3301
3283 3301 3284
3302 3278 3281
3302 3281 3303
3304 3302 3303
3304 3303 3305
3300 3304 3305
3300 3305 3301
3294 3306 3307
3294 3307 3295
3306 3282 3285
3306 3285 3307
3279 3276 3277
3279 3277 3280
3257 3308 3309
3257 3309 3258
3310 3260 3263
3310 3263 3311
3312 3313 3314
3312 3314 3315
3313 3316 3317
3313 3317 3314
3270 3312 3315
3270 3315 3271
3316 3272 3275
3316 3275 3317
3296 3264 3267
3296 3267 3297
3318 3290 3293
3318 3293 3319
3273 3310 3311
3273 3311 3274
3320 3321 3322
3320 3322 3323
3324 3325 3326
3324 3326 3327
3328 3329 3330
3328 3330 3331
3329 3332 3333
3329 3333 3330
3334 3324 3327
3334 3327 3335
3332 3336 3337
3332 3337 3333
3338 3339 3340
3338 3340 3341
3321 3342 3343
3321 3343 3322
3342 3334 3335
3342 3335 3343
3339 3328 3331
3339 3331 3340
3308 3320 3323
3308 3323 3309
3336 3318 3319
3336 3319 3337
3017 3016 3344
3345 3200 3189
3345 3189 3188
2948 2951 3129
2948 3129 3198
2968 2971 3197
2968 3197 3346
3347 3346 3197
3347 3197 3348
3131 3130 3199
3131 3199 3349
3350 3201 3100
3350 3100 3123
3348 3197 3198
3348 3198 3351
3351 3198 3129
3351 3129 3128
3349 3199 3200
3349 3200 3345
3352 3353 3126
3352 3126 3127
3354 3134 3136
3354 3136 3124
3135 3352 3127
3135 3127 3132
3355 3354 3124
3355 3124 3125
2913 2941 3124
2913 3124 3136
3353 3350 3123
3353 3123 3126
2958 3170 3246
3170 3236 3246
2918 2927 2926
2918 2926 2919
3105 3108 3192
3252 2981 2983
2989 3107 2990
2986 2988 3178
2986 3178 3177
3083 3107 2989
3081 3080 2984
3253 3220 3121
2980 2979 2982
3083 3102 3107
3080 3083 2989
3225 3079 3081
3178 2988 3111
3107 3106 3121
3101 3103 3102
3356 3357 3358
3359 3360 3361
3362 3359 3361
3357 3363 3358
3357 3356 3364
3361 3365 3362
3360 3363 3357
3357 3366 3367
3364 3366 3357
3361 3360 3357
3368 3369 3370
3371 3372 3373
3374 3372 3371
3370 3369 3375
3370 3376 3368
3372 3374 3377
3373 3370 3375
3370 3378 3379
3376 3370 3379
3372 3370 3373
3380 3381 3382
3380 3382 3383
3384 3385 3386
3384 3386 3387
3388 3389 3390
3388 3390 3391
3392 3393 3394
3392 3394 3395
3396 3397 3398
3396 3398 3399
3400 3401 3402
3400 3402 3403
3393 3404 3405
3393 3405 3394
3406 3396 3399
3406 3399 3407
3408 3409 3401
3408 3401 3400
3404 3410 3411
3404 3411 3405
3412 3406 3407
3412 3407 3413
3414 3415 3409
3414 3409 3408
3410 3416 3417
3410 3417 3411
3418 3412 3413
3418 3413 3419
3420 3421 3415
3420 3415 3414
3416 3422 3423
3416 3423 3417
3424 3418 3419
3424 3419 3425
3426 3427 3421
3426 3421 3420
3422 3428 3429
3422 3429 3423
3430 3424 3425
3430 3425 3431
3432 3433 3427
3432 3427 3426
3428 3434 3435
3428 3435 3429
3436 3430 3431
3436 3431 3437
3438 3439 3433
3438 3433 3432
3434 3440 3441
3434 3441 3435
3442 3436 3437
3442 3437 3443
3444 3445 3439
3444 3439 3438
3381 3446 3447
3381 3447 3382
3448 3384 3387
3448 3387 3449
3450 3451 3389
3450 3389 3388
3446 3452 3453
3446 3453 3447
3454 3448 3449
3454 3449 3455
3456 3457 3451
3456 3451 3450
3452 3458 3459
3452 3459 3453
3460 3454 3455
3460 3455 3461
3462 3463 3457
3462 3457 3456
3458 3464 3465
3458 3465 3459
3466 3460 3461
3466 3461 3467
3468 3469 3463
3468 3463 3462
3464 3470 3471
3464 3471 3465
3472 3466 3467
3472 3467 3473
3474 3475 3469
3474 3469 3468
3470 3476 3477
3470 3477 3471
3478 3472 3473
3478 3473 3479
3474 3480 3475
3476 3481 3482
3476 3482 3477
3483 3478 3479
3483 3479 3484
3485 3486 3480
3485 3480 3487
3481 3488 3489
3481 3489 3482
3490 3483 3484
3490 3484 3491
3492 3493 3486
3492 3486 3485
3488 3494 3495
3488 3495 3489
3496 3490 3491
3496 3491 3497
3498 3499 3493
3498 3493 3492
3494 3500 3501
3494 3501 3495
3502 3496 3497
3502 3497 3503
3504 3505 3499
3504 3499 3498
3500 3506 3507
3500 3507 3501
3508 3502 3503
3508 3503 3509
3510 3511 3505
3510 3505 3504
3506 3512 3513
3506 3513 3507
3514 3508 3509
3514 3509 3515
3516 3517 3511
3516 3511 3510
3403 3402 3518
3403 3518 3519
3397 3520 3521
3397 3521 3398
3522 3392 3395
3522 3395 3523
3487 3480 3474
3524 3525 3526
3524 3526 3527
3524 3528 3529
3524 3529 3525
3530 3529 3528
3530 3528 3531
3532 3533 3534
3532 3534 3535
3536 3530 3531
3536 3531 3537
3526 3538 3539
3526 3539 3527
3532 3535 3540
3532 3540 3541
3542 3543 3544
3542 3544 3545
3546 3547 3548
3546 3548 3549
3550 3551 3552
3550 3552 3553
3543 3554 3555
3543 3555 3544
3556 3546 3549
3556 3549 3557
3558 3559 3551
3558 3551 3550
3554 3560 3561
3554 3561 3555
3562 3556 3557
3562 3557 3563
3564 3565 3559
3564 3559 3558
3560 3566 3567
3560 3567 3561
3568 3562 3563
3568 3563 3569
3570 3571 3565
3570 3565 3564
3566 3536 3537
3566 3537 3567
3538 3568 3569
3538 3569 3539
3541 3540 3571
3541 3571 3570
3572 3573 3574
3572 3574 3575
3576 3577 3578
3576 3578 3579
3580 3581 3582
3580 3582 3583
3584 3585 3586
3584 3586 3587
3588 3589 3590
3588 3590 3591
3592 3593 3594
3592 3594 3595
3587 3586 3596
3587 3596 3597
3598 3599 3589
3598 3589 3588
3600 3592 3595
3600 3595 3601
3597 3596 3602
3597 3602 3603
3604 3605 3599
3604 3599 3598
3606 3600 3601
3606 3601 3607
3603 3602 3608
3603 3608 3609
3610 3611 3605
3610 3605 3604
3612 3606 3607
3612 3607 3613
3609 3608 3614
3609 3614 3615
3616 3617 3611
3616 3611 3610
3618 3612 3613
3618 3613 3619
3615 3614 3620
3615 3620 3621
3622 3623 3617
3622 3617 3616
3624 3618 3619
3624 3619 3625
3621 3620 3626
3621 3626 3627
3628 3629 3623
3628 3623 3622
3630 3624 3625
3630 3625 3631
3627 3626 3632
3627 3632 3633
3634 3635 3629
3634 3629 3628
3636 3630 3631
3636 3631 3637
3575 3574 3638
3575 3638 3639
3640 3641 3577
3640 3577 3576
3642 3580 3583
3642 3583 3643
3639 3638 3644
3639 3644 3645
3646 3647 3641
3646 3641 3640
3648 3642 3643
3648 3643 3649
3645 3644 3650
3645 3650 3651
3652 3653 3647
3652 3647 3646
3654 3648 3649
3654 3649 3655
3651 3650 3656
3651 3656 3657
3658 3659 3653
3658 3653 3652
3660 3654 3655
3660 3655 3661
3657 3656 3662
3657 3662 3663
3664 3665 3659
3664 3659 3658
3666 3660 3661
3666 3661 3667
3663 3662 3668
3663 3668 3669
3670 3671 3665
3670 3665 3664
3666 3667 3672
3669 3668 3673
3669 3673 3674
3675 3676 3671
3675 3671 3670
3677 3678 3672
3677 3672 3679
3674 3673 3680
3674 3680 3681
3682 3683 3676
3682 3676 3675
3684 3677 3679
3684 3679 3685
3681 3680 3686
3681 3686 3687
3688 3689 3683
3688 3683 3682
3690 3684 3685
3690 3685 3691
3687 3686 3692
3687 3692 3693
3694 3695 3689
3694 3689 3688
3696 3690 3691
3696 3691 3697
3693 3692 3698
3693 3698 3699
3700 3701 3695
3700 3695 3694
3702 3696 3697
3702 3697 3703
3699 3698 3704
3699 3704 3705
3706 3707 3701
3706 3701 3700
3708 3702 3703
3708 3703 3709
3593 3710 3711
3593 3711 3594
3591 3590 3712
3591 3712 3713
3714 3715 3585
3714 3585 3584
3678 3666 3672
3716 3717 3718
3716 3718 3719
3716 3719 3720
3716 3720 3721
3722 3723 3721
3722 3721 3720
3724 3725 3726
3724 3726 3727
3728 3729 3723
3728 3723 3722
3718 3717 3730
3718 3730 3731
3724 3732 3733
3724 3733 3725
3734 3735 3736
3734 3736 3737
3738 3739 3740
3738 3740 3741
3742 3743 3744
3742 3744 3745
3737 3736 3746
3737 3746 3747
3748 3749 3739
3748 3739 3738
3750 3742 3745
3750 3745 3751
3747 3746 3752
3747 3752 3753
3754 3755 3749
3754 3749 3748
3756 3750 3751
3756 3751 3757
3753 3752 3758
3753 3758 3759
3760 3761 3755
3760 3755 3754
3762 3756 3757
3762 3757 3763
3759 3758 3729
3759 3729 3728
3731 3730 3761
3731 3761 3760
3732 3762 3763
3732 3763 3733
3764 3765 3766
3767 3768 3769
3770 3771 3772
3773 3774 3775
3776 3777 3778
3779 3780 3781
3782 3783 3784
3785 3786 3787
3788 3789 3790
3791 3792 3793
3794 3795 3796
3797 3798 3799
3800 3801 3802
3803 3804 3805
3806 3807 3808
3809 3810 3811
3812 3813 3814
3815 3816 3817
3818 3819 3820
3821 3822 3823
3824 3825 3826
3827 3828 3829
3830 3831 3832
3833 3834 3835
3836 3837 3838
3839 3840 3841
3842 3843 3844
3845 3846 3847
3848 3849 3850
3851 3852 3853
3854 3855 3856
3857 3858 3859
3860 3861 3862
3863 3864 3865
3866 3867 3868
3869 3870 3871
3872 3873 3874
3875 3791 3793
