byte offset: 0
first index: 64626
index count: 222
topology: trianglelist
format: DXGI_FORMAT_R16_UINT

20196 20197 20198
20196 20198 20199
20200 20196 20199
20200 20199 20201
20202 20200 20201
20202 20201 20203
20204 20202 20203
20204 20203 20205
20206 20204 20205
20206 20205 20207
20208 20206 20207
20208 20207 20209
20210 20208 20209
20210 20209 20211
20212 20210 20211
20212 20211 20213
20214 20215 20212
20214 20212 20213
20216 20215 20214
20216 20214 20217
20218 20216 20217
20218 20217 20219
20220 20221 20218
20220 20218 20219
20222 20221 20220
20222 20220 20223
20223 20224 20222
20197 20225 20226
20197 20226 20198
20227 20228 20229
20227 20229 20230
20231 20232 20228
20231 20228 20227
20233 20234 20232
20233 20232 20231
20235 20236 20234
20235 20234 20233
20237 20238 20236
20237 20236 20235
20239 20240 20238
20239 20238 20237
20241 20242 20240
20241 20240 20239
20243 20244 20242
20243 20242 20241
20243 20245 20246
20243 20246 20244
20247 20248 20246
20247 20246 20245
20249 20250 20248
20249 20248 20247
20249 20251 20252
20249 20252 20250
20253 20254 20252
20253 20252 20251
20254 20253 20255
20230 20229 20256
20230 20256 20257
20258 20259 20260
20258 20261 20262
20258 20262 20259
20262 20261 20263
20262 20263 20264
20261 20265 20263
20263 20265 20266
20267 20268 20269
20270 20271 20267
20270 20267 20269
20263 20271 20270
20263 20270 20264
20271 20263 20272
20263 20266 20272
20266 20265 20273
20272 20266 20273
