byte offset: 0
first index: 15546
index count: 114
topology: trianglelist
format: DXGI_FORMAT_R16_UINT

3863 3864 3865
3866 3867 3868
3869 3870 3871
3872 3873 3874
3872 3874 3875
3875 3874 3876
3875 3876 3877
3877 3876 3878
3877 3878 3879
3865 3880 3881
3865 3881 3882
3883 3884 3870
3885 3886 3884
3887 3886 3885
3872 3871 3873
3869 3871 3872
3885 3884 3883
3882 3881 3867
3882 3867 3888
3866 3868 3886
3866 3886 3887
3865 3864 3880
3863 3889 3864
3890 3889 3863
3888 3867 3866
3883 3870 3869
3891 3892 3893
3891 3893 3894
3892 3895 3896
3892 3896 3893
3897 3898 3896
3897 3896 3895
3899 3900 3901
3899 3901 3902
3903 3891 3894
3903 3894 3904
3898 3897 3900
3898 3900 3899
