byte offset: 0
first index: 0
index count: 7383
topology: trianglelist
format: DXGI_FORMAT_R16_UINT

0 1 2
3 0 2
3 2 4
5 6 7
5 7 8
9 5 8
9 8 10
6 11 12
5 9 13
5 13 11
12 11 14
12 14 15
16 17 18
16 18 19
20 21 22
20 22 23
23 22 24
23 24 25
26 27 28
26 28 29
30 31 25
30 25 24
32 33 34
32 34 35
17 36 37
17 37 18
38 39 40
38 40 27
41 42 43
39 38 44
39 44 45
46 47 48
46 48 49
50 51 52
50 52 53
54 55 56
54 56 57
58 59 55
58 55 54
60 61 44
60 44 62
63 64 65
63 65 66
67 68 35
67 35 34
67 69 70
67 70 71
72 73 74
72 74 75
72 76 77
78 79 76
78 76 75
78 80 81
78 81 79
80 78 82
80 82 83
84 85 83
84 83 82
86 87 88
86 88 89
90 87 36
87 90 91
87 91 88
36 92 37
93 94 95
93 95 96
97 98 99
97 99 100
101 102 103
101 103 104
105 106 107
105 107 108
109 110 111
109 111 112
113 114 110
113 110 109
43 115 41
116 117 118
116 118 119
120 121 122
120 122 123
124 125 104
117 116 126
117 126 127
115 43 114
115 114 113
128 129 130
128 130 131
132 133 134
132 134 135
136 137 16
136 16 14
138 17 16
138 16 137
139 85 84
139 84 140
34 33 141
107 142 143
144 145 146
8 7 4
8 4 2
2 1 10
2 10 8
31 30 147
31 147 148
146 145 149
146 149 150
151 152 149
11 136 14
152 151 153
152 153 154
136 155 137
156 157 21
156 21 20
154 153 29
154 29 28
158 138 137
158 137 155
159 160 157
159 157 156
27 26 161
27 161 38
138 158 91
138 91 90
62 44 38
62 38 161
160 159 64
160 64 63
90 36 17
90 17 138
162 61 60
162 60 163
164 66 65
164 65 165
68 67 71
68 71 166
92 87 86
92 86 167
168 169 134
168 134 170
171 172 132
171 132 162
71 70 73
71 73 72
172 173 133
172 133 132
171 162 163
171 163 174
171 46 49
171 49 172
46 171 174
46 174 175
166 71 72
166 72 77
86 89 176
86 176 177
178 179 180
178 180 176
120 173 172
120 172 49
179 100 99
179 99 180
78 75 74
78 74 82
130 48 47
130 47 181
47 46 175
47 175 182
74 183 84
74 84 82
184 122 121
184 121 185
181 47 182
181 182 186
186 187 188
186 188 181
96 105 108
96 108 93
106 189 142
106 142 107
95 190 191
95 191 96
189 106 124
189 124 192
106 105 193
106 193 124
51 194 195
51 195 52
191 193 105
191 105 96
196 195 194
196 194 197
192 124 104
192 104 103
193 191 198
193 198 125
102 101 199
102 199 200
201 101 104
201 104 125
202 196 197
202 197 57
203 54 57
203 57 197
54 203 204
54 204 58
205 199 101
205 101 201
206 207 208
206 208 209
210 116 119
210 119 211
212 115 113
212 113 213
214 168 170
214 170 215
216 217 218
216 218 123
184 219 94
184 94 220
220 221 122
220 122 184
107 222 108
223 224 225
223 225 226
227 228 229
227 229 230
109 231 213
109 213 113
232 126 116
232 116 210
211 119 168
211 168 214
170 233 234
170 234 215
235 236 229
235 229 228
233 218 217
233 217 234
226 227 230
226 230 223
221 216 123
221 123 122
224 237 238
224 238 225
222 107 143
239 112 126
239 126 232
231 109 112
231 112 239
220 93 222
221 220 222
221 222 237
94 93 220
211 214 236
211 236 240
210 211 240
210 240 241
242 239 232
242 232 243
239 242 244
239 244 231
213 245 246
213 246 212
231 244 245
231 245 213
241 243 232
241 232 210
214 215 229
214 229 236
230 229 215
230 215 234
234 217 223
234 223 230
217 216 224
217 224 223
216 221 237
216 237 224
222 93 108
238 237 222
238 222 143
247 240 236
247 236 235
124 193 125
247 248 241
247 241 240
243 249 250
243 250 242
251 244 242
251 242 250
241 248 249
241 249 243
252 246 245
252 245 253
251 253 245
251 245 244
212 41 115
28 27 40
45 44 61
45 61 135
162 132 135
162 135 61
127 126 112
127 112 111
119 118 169
119 169 168
133 233 170
133 170 134
218 233 133
218 133 173
120 123 218
120 218 173
254 255 256
257 258 255
257 255 254
259 260 258
259 258 257
259 33 32
259 32 260
14 16 19
14 19 15
69 67 34
69 34 141
167 86 177
167 177 261
261 262 183
140 84 183
140 183 262
261 73 70
183 73 261
183 74 73
87 92 36
6 5 11
135 134 169
53 52 263
53 263 264
131 50 53
131 53 128
131 130 181
131 181 188
89 88 265
89 265 266
266 178 176
266 176 89
88 91 265
188 267 50
188 50 131
268 269 270
268 270 267
197 194 271
197 271 203
269 272 271
269 271 270
194 51 270
194 270 271
51 50 267
51 267 270
272 204 203
272 203 271
187 268 267
187 267 188
262 273 274
262 274 140
275 276 277
275 277 278
273 262 261
273 261 177
98 278 274
98 274 99
273 177 176
273 176 180
99 274 273
99 273 180
121 120 49
121 49 48
129 121 48
129 48 130
128 53 264
128 264 279
185 279 219
185 219 184
198 191 190
198 190 280
281 198 280
281 280 282
283 284 281
283 281 282
285 286 287
285 287 283
288 284 283
288 283 287
289 290 199
289 199 205
200 199 290
200 290 291
289 205 292
125 198 293
125 293 294
281 284 295
281 295 293
296 295 297
296 297 298
298 299 205
298 205 296
297 295 284
297 284 300
293 198 281
201 125 294
294 293 295
294 295 296
201 294 296
201 296 205
301 302 303
301 303 304
303 305 306
303 306 304
306 307 308
306 308 309
310 309 298
310 298 297
309 308 299
309 299 298
300 311 310
300 310 297
309 310 304
309 304 306
311 301 304
311 304 310
307 306 305
307 305 312
302 313 314
302 314 303
312 305 315
312 315 316
314 315 305
314 305 303
317 315 314
314 313 317
315 317 316
318 319 320
318 320 321
321 320 322
321 322 323
323 322 324
323 324 325
322 320 326
322 326 327
328 329 330
328 330 331
332 326 320
332 320 319
322 327 333
322 333 324
330 334 325
330 325 324
334 330 329
334 329 335
324 333 331
324 331 330
335 329 336
335 336 337
338 336 329
338 329 328
337 336 339
337 339 340
341 342 340
341 340 339
339 343 344
339 344 341
345 346 347
345 347 348
339 336 338
339 338 343
345 349 350
345 350 351
345 351 352
345 352 346
348 353 349
348 349 345
354 355 353
354 353 348
348 347 356
348 356 354
357 358 355
357 355 354
359 357 354
359 354 356
358 357 360
358 360 361
357 359 362
357 362 360
360 363 361
362 363 360
342 341 351
342 351 350
352 351 341
352 341 344
318 85 139
318 139 319
364 365 366
364 366 367
83 368 369
83 369 80
83 85 318
83 318 368
367 370 371
367 371 364
372 371 370
372 370 373
374 368 318
374 318 321
374 321 323
374 323 375
376 377 378
376 378 379
380 381 382
380 382 383
384 385 383
384 383 382
368 374 386
368 386 369
377 375 323
377 323 378
385 372 373
385 373 383
384 387 388
384 388 385
381 380 389
381 389 390
379 391 389
379 389 376
391 392 393
391 393 389
380 394 376
380 376 389
383 373 394
383 394 380
373 370 395
373 395 394
370 367 396
370 396 395
374 375 396
374 396 386
375 377 395
375 395 396
377 376 394
377 394 395
389 393 390
397 398 81
80 369 397
80 397 81
397 366 365
397 365 398
369 386 366
369 366 397
367 366 386
367 386 396
399 400 401
399 401 402
326 332 401
326 401 400
327 403 404
327 404 333
405 406 407
405 407 408
404 408 409
404 409 410
411 412 413
411 413 414
413 328 331
413 331 410
415 416 411
415 411 414
98 97 402
98 402 401
400 403 327
400 327 326
405 403 400
405 400 399
405 399 406
331 333 404
331 404 410
408 404 403
408 403 405
408 407 417
408 417 409
413 410 409
413 409 414
412 338 328
412 328 413
409 417 415
409 415 414
332 319 139
332 139 278
401 332 278
401 278 98
219 418 94
219 419 418
419 219 279
419 279 264
95 94 418
420 421 422
420 422 423
424 425 426
424 426 427
428 429 420
428 420 430
431 426 425
431 425 432
431 432 433
431 433 434
435 434 433
435 433 436
437 438 439
437 439 440
441 422 442
441 442 443
444 423 422
444 422 441
445 446 447
445 447 448
447 449 450
447 450 448
451 450 449
451 449 452
425 424 445
425 445 448
448 450 432
448 432 425
433 432 450
433 450 451
436 433 451
436 451 453
429 454 421
429 421 420
164 439 438
165 439 164
165 455 439
455 442 440
455 440 439
440 421 454
440 454 437
442 455 443
442 422 421
442 421 440
430 420 423
430 423 456
423 444 457
423 457 456
430 424 427
430 427 428
446 445 456
446 456 457
424 430 456
424 456 445
453 451 452
453 452 458
458 459 460
458 460 453
461 435 436
461 436 462
460 459 463
460 463 464
465 464 463
465 463 466
462 467 468
462 468 461
467 469 470
467 470 468
462 436 453
462 453 460
460 464 467
460 467 462
469 467 464
469 464 465
471 472 473
471 473 474
475 476 477
478 475 479
480 481 482
480 482 483
476 475 478
474 483 482
474 482 471
474 473 477
474 477 476
479 480 483
479 483 478
483 474 476
483 476 478
484 485 465
484 465 466
486 487 472
486 472 471
488 470 469
488 469 489
490 482 481
490 481 491
465 485 489
465 489 469
490 486 471
490 471 482
485 484 487
485 487 486
489 490 491
489 491 488
486 490 489
486 489 485
492 493 494
492 494 495
493 496 497
493 497 494
498 496 499
498 499 500
501 502 503
501 503 504
496 493 501
496 501 499
505 506 507
508 509 505
510 508 505
510 505 507
511 512 509
511 509 508
513 511 508
513 508 510
510 514 513
512 511 515
512 515 516
511 513 517
511 517 515
518 517 513
518 513 514
517 518 519
517 519 520
504 503 516
504 516 515
515 517 520
515 520 504
520 519 500
520 500 499
504 520 499
504 499 501
502 501 493
502 493 492
496 498 521
496 521 497
522 506 505
523 524 525
523 525 526
527 524 523
527 523 528
529 530 531
529 531 532
533 534 535
533 535 536
537 538 531
537 531 539
530 536 539
530 539 531
532 540 541
532 541 529
534 542 543
534 543 535
544 545 546
544 546 547
548 547 549
548 549 550
547 548 551
547 551 544
552 553 543
552 543 554
555 556 557
555 557 558
530 529 559
530 559 560
555 527 528
555 528 561
562 563 564
562 564 558
565 551 566
567 568 569
567 569 570
571 572 570
571 570 569
568 573 574
568 574 569
569 574 575
569 575 571
563 576 577
563 577 564
578 579 580
578 580 581
579 582 583
579 583 580
584 585 579
584 579 578
582 586 587
582 587 588
585 584 589
585 589 590
590 589 591
590 591 592
593 594 595
593 595 596
597 594 598
599 600 546
599 546 601
601 602 603
601 603 599
604 603 602
604 602 554
532 605 606
532 606 540
607 540 608
608 609 610
608 610 576
561 528 611
561 611 612
572 571 613
572 613 614
542 604 554
542 554 543
553 615 535
553 535 543
615 539 536
615 536 535
616 617 615
616 615 553
560 533 536
560 536 530
538 605 532
538 532 531
618 559 529
618 529 541
619 620 621
619 621 622
619 552 554
619 554 602
620 619 602
620 602 601
601 546 545
601 545 620
545 544 623
545 623 624
600 549 547
600 547 546
550 625 548
548 566 551
568 567 565
568 565 566
566 625 573
566 573 568
540 606 608
576 563 607
576 607 608
626 618 541
626 541 627
627 607 563
627 563 562
628 626 627
628 627 562
576 610 629
576 629 577
558 557 628
558 628 562
564 577 524
564 524 527
556 555 561
556 561 630
558 564 527
558 527 555
524 577 629
524 629 525
594 597 595
598 594 631
598 631 632
593 596 633
593 633 634
634 635 631
634 631 593
636 637 634
636 634 633
638 639 635
638 635 640
637 636 581
637 581 580
583 640 637
583 637 580
586 641 642
586 642 587
590 592 643
590 643 641
591 644 612
591 612 592
612 611 643
612 643 592
612 644 630
612 630 561
552 619 622
552 622 645
617 537 539
617 539 615
620 545 624
620 624 621
544 551 646
544 646 623
645 616 553
645 553 552
625 566 548
647 648 649
647 649 650
651 652 647
651 647 653
650 654 653
650 653 647
655 656 657
655 651 653
655 653 656
653 654 656
648 647 652
648 652 658
658 652 659
658 659 660
661 662 663
661 663 664
663 662 657
651 655 665
651 665 666
665 655 667
666 659 652
666 652 651
668 669 670
668 670 671
672 670 669
672 669 673
674 675 669
674 669 668
676 673 669
676 669 675
673 676 677
673 677 678
679 680 678
679 678 677
681 675 674
681 674 682
675 681 683
675 683 676
676 683 684
676 684 677
677 684 685
677 685 679
686 649 648
686 648 687
688 658 660
688 660 689
658 688 687
658 687 648
686 687 679
686 679 685
687 688 680
687 680 679
689 690 680
689 680 688
691 692 693
691 693 694
695 696 682
695 682 674
697 698 696
697 696 695
699 700 701
699 701 702
703 704 705
703 705 706
707 668 671
707 671 708
695 674 668
695 668 707
709 707 708
709 708 710
697 695 707
697 707 709
711 712 713
711 713 714
712 711 699
712 699 702
705 704 692
705 692 691
715 716 717
717 716 718
716 719 718
692 711 714
692 714 693
700 699 704
700 704 703
704 699 711
704 711 692
702 701 698
702 698 697
710 713 712
710 712 709
709 712 702
709 702 697
715 717 691
715 691 694
705 718 719
705 719 706
691 717 718
691 718 705
720 672 673
720 673 678
690 720 678
690 678 680
571 575 721
571 721 613
722 723 147
724 614 613
724 613 725
726 727 0
726 0 3
661 664 728
661 728 729
730 723 722
730 722 731
732 506 522
732 522 733
41 734 735
41 735 42
736 737 212
736 212 246
246 252 738
246 738 736
725 613 721
725 721 739
41 212 737
41 737 734
1 0 727
1 727 740
208 207 741
208 202 209
742 263 52
742 52 195
129 128 279
129 279 185
129 185 121
195 196 741
195 741 742
196 202 208
196 208 741
209 202 57
209 57 56
190 95 418
190 418 743
282 280 744
282 744 745
280 190 743
280 743 744
745 285 283
745 283 282
744 743 746
744 746 747
263 748 264
749 750 751
749 751 752
748 753 747
748 747 746
750 749 754
750 754 755
207 206 752
207 752 751
419 743 418
741 207 751
263 742 753
263 753 748
743 419 746
746 419 264
746 264 748
747 756 745
747 745 744
742 741 757
742 757 753
753 757 756
753 756 747
758 745 756
758 756 755
750 757 741
750 741 751
757 750 755
757 755 756
754 759 758
754 758 755
760 761 762
758 285 745
758 759 286
758 286 285
763 764 765
763 765 766
767 768 766
767 766 765
769 770 771
769 771 772
773 774 775
773 775 776
777 778 779
777 779 780
781 782 783
781 783 784
785 786 787
785 787 788
773 764 784
773 784 789
789 784 783
789 783 790
791 792 793
791 793 778
794 795 796
794 796 780
797 789 790
797 790 798
799 800 801
799 801 785
791 802 786
791 786 803
804 805 806
807 808 805
807 805 809
810 811 812
810 812 813
814 815 816
814 816 817
767 816 815
767 815 811
772 771 818
772 818 819
820 772 819
820 819 821
822 820 821
822 821 823
824 808 819
824 819 818
808 821 819
825 826 495
825 495 494
494 497 812
494 812 825
497 521 813
497 813 812
815 814 826
815 826 825
811 815 825
811 825 812
811 810 768
811 768 767
776 775 817
776 817 816
765 776 816
765 816 767
781 784 764
781 764 763
774 773 789
774 789 797
764 773 776
764 776 765
783 782 827
783 827 800
790 800 799
799 828 798
799 798 790
800 827 829
800 829 801
828 799 785
828 785 788
803 786 785
803 785 801
801 829 830
801 830 803
787 786 802
787 802 831
803 830 792
803 792 791
777 832 831
777 831 802
778 793 833
778 833 779
802 791 778
802 778 777
780 779 769
780 769 794
780 796 832
780 832 777
779 833 770
779 770 769
772 820 794
772 794 769
795 794 820
795 820 822
806 805 808
806 808 824
805 804 809
821 807 823
284 288 834
835 836 837
835 837 838
839 840 841
839 841 842
843 844 845
843 845 846
840 839 847
840 847 848
846 845 849
846 850 851
846 851 843
846 849 850
845 852 849
845 844 853
845 853 852
854 855 847
854 847 856
848 847 855
848 855 857
854 856 858
854 858 859
844 843 855
844 855 854
857 855 843
857 843 851
859 853 844
859 844 854
839 860 856
839 856 847
858 856 860
858 860 861
835 838 861
835 861 860
835 842 862
835 862 836
842 841 863
842 863 862
842 835 860
842 860 839
864 865 866
864 866 867
868 869 870
868 870 871
865 869 872
865 872 873
874 868 871
874 871 875
876 866 865
876 865 873
869 868 877
869 877 872
869 865 864
869 864 870
877 878 874
877 874 879
880 881 882
880 882 883
884 885 886
884 886 887
881 885 884
881 884 882
867 886 885
867 885 864
881 870 864
881 864 885
888 880 883
888 883 889
890 891 892
890 892 893
894 895 896
894 896 897
898 899 900
898 900 901
884 887 902
884 902 903
903 904 882
903 882 884
895 905 906
895 906 896
901 907 908
901 908 898
909 897 900
909 900 892
893 899 910
893 910 911
875 871 880
875 880 888
871 870 881
871 881 880
912 913 914
915 916 917
915 917 918
911 913 919
911 919 920
918 914 910
918 910 915
892 891 921
892 921 909
901 900 897
901 897 896
907 901 896
907 896 906
892 900 899
892 899 893
893 911 920
893 920 890
899 898 915
899 915 910
898 908 916
898 916 915
914 913 911
914 911 910
917 912 918
913 912 919
918 912 914
905 895 903
905 903 902
922 923 909
922 909 921
923 894 897
923 897 909
924 925 923
924 923 922
925 904 894
925 894 923
904 903 895
904 895 894
889 883 925
889 925 924
883 882 904
883 904 925
59 926 55
927 928 929
927 929 930
926 931 932
929 933 934
929 934 935
936 937 938
936 938 939
940 941 937
940 937 936
942 940 930
942 930 943
944 945 946
944 946 947
948 949 947
948 947 946
941 950 951
941 951 952
953 954 955
953 955 956
957 956 955
957 947 949
958 959 960
958 960 961
962 963 964
965 966 967
965 967 968
962 969 970
971 969 972
971 972 973
974 975 976
974 976 977
966 965 978
966 978 979
980 972 962
981 982 983
981 983 984
985 986 983
985 983 987
988 989 990
991 942 943
991 943 992
957 949 956
993 209 56
993 56 994
995 996 997
995 997 998
999 1000 1001
999 1001 1002
962 964 1003
980 1003 1004
980 1004 1005
1006 1007 1008
1006 1008 1009
1010 982 1005
1010 1005 1004
1004 1011 960
1004 960 1010
1012 1013 1014
1012 1014 1015
1016 1017 993
1016 993 1018
55 932 994
55 994 56
1019 1020 1021
1019 1021 1015
1022 1016 1018
1022 1018 1023
1024 933 1025
1024 1025 1023
1026 931 1027
1026 1027 1028
1002 1001 1029
1002 1029 974
1030 1031 1025
1030 1025 928
1006 976 975
1006 975 1007
1015 1021 1032
1015 1032 1012
936 927 930
936 930 940
1033 1032 1021
1033 1021 1034
1034 1021 1020
1034 1020 1035
1036 1037 1033
1036 1033 1038
1039 1034 1035
1039 1035 1040
1009 966 979
1009 979 1006
959 958 968
959 968 967
942 991 1041
942 1041 950
952 951 953
952 953 948
990 989 1042
990 1042 1043
1044 1045 1046
1012 1032 1047
1012 1047 1029
989 977 976
989 976 1042
999 1002 1048
977 1048 1002
977 1002 974
291 290 872
291 872 877
289 873 872
289 872 290
292 876 873
292 873 289
836 411 416
836 416 837
412 411 836
412 836 862
862 863 338
862 338 412
1017 206 209
1017 209 993
1018 993 994
1018 994 1049
1024 1049 931
1024 931 1026
1049 994 932
1049 932 931
934 1050 935
1051 1019 1015
1051 1015 1014
1031 1022 1023
1031 1023 1025
1049 1024 1023
1049 1023 1018
933 1024 1026
933 1026 934
934 1026 1028
934 1028 1052
1053 1051 1014
1053 1014 1054
1053 1054 1055
1008 1007 1037
1008 1037 1036
1047 975 974
1047 974 1029
1029 1056 1013
1029 1013 1012
761 760 1000
761 1000 999
1057 1014 1013
1057 1013 1058
1001 1000 1056
1001 1056 1029
1059 1058 1013
1059 1013 1056
1059 1060 1058
1058 1060 1057
992 943 1050
992 1050 1061
1009 1008 985
1009 985 1062
939 1063 927
939 927 936
966 1009 1062
966 1062 967
1064 1038 1039
1064 1039 1065
986 1036 1038
986 1038 1064
1065 1039 1040
1065 1040 1066
940 942 950
940 950 941
986 985 1008
986 1008 1036
1062 985 987
1062 987 1067
967 1062 1067
967 1067 959
984 1064 1065
984 1065 998
983 986 1064
983 1064 984
998 1065 1066
998 1066 995
1068 938 937
1068 937 1069
941 952 1069
941 1069 937
983 982 987
981 984 998
981 998 997
950 1041 1070
950 1070 951
952 948 946
952 946 1069
961 960 1011
961 1011 1071
982 981 973
982 973 1005
982 1010 1067
982 1067 987
1010 960 959
1010 959 1067
973 981 997
973 997 971
1069 946 945
1069 945 1068
954 953 951
954 951 1070
996 1072 971
996 971 997
1011 1004 1003
1011 1003 964
947 957 944
964 963 1071
964 1071 1011
1072 970 969
1072 969 971
969 962 972
949 948 953
949 953 956
980 962 1003
972 980 1005
972 1005 973
933 929 928
933 928 1025
930 929 935
930 935 943
979 978 1043
979 1043 1042
1061 1050 1044
1061 1044 1046
1063 1030 928
1063 928 927
1038 1033 1034
1038 1034 1039
1032 1033 1037
1032 1037 1047
1006 979 1042
1006 1042 976
1050 943 935
1047 1037 1007
1047 1007 975
381 1073 1074
381 1074 382
384 382 1074
384 1074 1075
1076 1074 1073
1076 1073 1077
1074 1076 1078
1074 1078 1075
1079 1080 1081
1075 1078 1081
1075 1081 1080
1082 1083 1084
1082 1085 1083
1086 1087 1088
1086 1088 1089
1090 1091 1092
1090 1092 1093
1094 1095 1090
1094 1090 1093
1096 1097 1098
1096 1098 1099
1100 1086 1089
1100 1089 1101
1082 1102 1085
1090 1076 1077
1090 1077 1091
1076 1090 1095
1076 1095 1078
1099 1079 1081
1099 1081 1096
1078 1095 1096
1078 1096 1081
1103 1104 1105
1103 1105 1106
1095 1094 1097
1095 1097 1096
1107 1108 1109
1101 1105 1110
1101 1110 1100
1111 1102 1082
1108 1107 1112
1108 1112 1113
392 1114 1115
392 1115 393
1114 1113 1112
1114 1112 1115
1073 381 390
1073 390 1116
393 1115 1116
393 1116 390
1077 1073 1116
1077 1116 1117
1112 1117 1116
1112 1116 1115
1117 1118 1091
1117 1091 1077
1118 1117 1112
1118 1112 1107
1118 1107 1109
1118 1109 1119
1091 1118 1119
1091 1119 1092
1120 1121 1092
1120 1092 1119
1120 1119 1109
1120 1109 1122
1082 1084 1123
1080 387 384
1080 384 1075
1084 1083 1110
1084 1110 1124
1085 1102 1086
1085 1086 1100
1125 1082 1123
1123 1084 1124
1123 1124 1126
1111 1087 1086
1111 1086 1102
1100 1110 1083
1100 1083 1085
1127 1125 1123
1127 1123 1126
1089 1088 1128
1089 1128 1129
1101 1089 1129
1101 1129 1130
1104 1124 1110
1104 1110 1105
1105 1101 1130
1105 1130 1106
1126 1131 1132
1126 1132 1127
1131 1126 1124
1131 1124 1104
1133 1129 1128
1133 1128 1134
1130 1094 1093
1130 1093 1106
1130 1133 1094
1106 1121 1103
1129 1133 1130
1106 1093 1121
1135 1131 1104
1135 1104 1103
1131 1135 1136
1131 1136 1132
1097 1133 1134
1097 1134 1098
1133 1097 1094
1121 1093 1092
1120 1135 1103
1120 1103 1121
1135 1120 1122
1135 1122 1136
1137 1138 1139
1137 1139 1140
1141 1142 1143
1141 1143 1138
1144 1145 1146
1144 1146 1147
1148 1147 1149
1150 1151 1141
1150 1141 1152
1145 1153 1146
1154 1155 1156
1154 1156 1140
1137 1157 1158
1137 1158 1152
1155 759 754
1155 754 1156
752 1158 1157
752 1157 749
1157 1156 754
1157 754 749
1157 1137 1140
1157 1140 1156
1140 1139 1159
1140 1159 1154
1152 1141 1138
1152 1138 1137
1160 1139 1138
1160 1138 1143
1141 1151 1161
1141 1161 1142
1162 1143 1142
1162 1142 1163
1139 1160 1164
1139 1164 1159
1143 1162 1153
1143 1153 1160
1165 1163 1142
1165 1142 1161
1160 1153 1166
1160 1166 1164
1163 1146 1162
1165 1167 1163
1149 1147 1146
1149 1146 1167
1147 1148 1144
1163 1167 1146
1145 1166 1153
1153 1162 1146
1158 752 206
1158 206 1168
1168 1150 1152
1168 1152 1158
286 1169 1170
286 1170 287
1171 288 287
1171 287 1170
1169 286 759
1169 759 1172
1173 1174 1175
1173 1175 1176
1177 1178 1174
1177 1174 1173
1178 1177 1179
1178 1179 1180
1181 1182 1183
1181 1183 1184
1184 1183 1185
1186 1185 1187
1187 1188 1189
1187 1189 1186
1190 1191 1192
1190 1192 1193
1193 1194 1195
1193 1195 1190
1196 1195 1194
1196 1194 1197
1198 1196 1197
1198 1197 1199
1173 1176 1197
1173 1197 1194
1177 1173 1194
1177 1194 1193
1179 1177 1193
1179 1193 1192
1183 1182 1188
1183 1188 1187
1176 1175 1200
1176 1200 1201
1183 1187 1185
1185 1202 1184
1203 1178 1180
1203 1180 1204
1205 1181 1184
1205 1184 1202
1206 1174 1178
1206 1178 1203
1174 1206 1207
1174 1207 1175
1199 1197 1176
1199 1176 1201
1175 1207 1208
1175 1208 1200
1180 1179 1182
1180 1182 1181
1191 1189 1188
1191 1188 1192
1182 1179 1192
1182 1192 1188
1204 1180 1181
1204 1181 1205
1201 1200 1209
1201 1209 1210
1211 1198 1199
1211 1199 1212
1172 1211 1212
1172 1212 1169
1209 1171 1170
1209 1170 1210
1169 1212 1210
1169 1210 1170
1212 1199 1201
1212 1201 1210
1171 1213 834
1171 834 288
1213 1171 1209
1213 1209 1214
1200 1208 1214
1200 1214 1209
607 627 541
607 541 540
1215 1216 1217
1215 1217 1218
643 611 1216
643 1216 1215
526 1217 1216
526 1216 523
528 523 1216
528 1216 611
808 807 821
790 783 800
634 637 640
634 640 635
594 593 631
639 632 631
639 631 635
582 588 1219
582 1219 583
585 586 582
585 582 579
586 585 590
586 590 641
1219 638 640
1219 640 583
1215 1218 642
643 1215 641
1215 642 641
606 609 608
655 657 667
662 667 657
152 150 149
723 148 147
565 646 551
11 13 136
1220 1221 1222
1223 1224 1225
1226 1227 1223
1228 1229 1230
1228 1230 1231
1232 1233 1234
1232 1234 1235
1231 1230 1223
1231 1223 1225
1223 1230 1236
1223 1236 1226
1229 1228 1233
1229 1233 1232
1230 1229 1237
1230 1237 1236
1229 1232 1238
1229 1238 1237
1232 1235 1239
1232 1239 1238
1235 1234 1240
1235 1240 1239
1241 1242 1243
1244 1245 1246
1244 1246 1247
1241 1243 1246
1241 1246 1245
1244 1247 1248
1244 1248 1249
1250 1251 1252
1250 1252 1253
1254 1255 1256
1254 1256 1257
1258 1259 1260
1258 1260 1261
1262 1263 1264
1262 1264 1265
1266 1267 1268
1266 1268 1269
1270 1271 1272
1270 1272 1273
1248 1256 1255
1248 1255 1249
1274 1252 1251
1274 1251 1275
1276 1277 1278
1276 1278 1279
1280 1281 1282
1280 1282 1283
1261 1278 1277
1261 1277 1258
1283 1268 1267
1283 1267 1280
1263 1260 1259
1263 1259 1264
1269 1270 1273
1269 1273 1266
1265 1284 1262
1271 1285 1272
1279 1250 1253
1279 1253 1276
1257 1282 1281
1257 1281 1254
1286 1287 1288
1286 1288 1289
1290 1289 1288
1286 1291 1292
1286 1292 1287
1293 1294 1295
1293 1295 1296
1297 1298 1299
1299 1296 1295
1299 1295 1297
1294 1293 1300
1294 1300 1301
1302 1301 1300
1302 1300 1303
1303 1304 1305
1303 1305 1302
1304 1306 1307
1304 1307 1305
1308 1309 1310
1308 1310 1311
1311 1310 1312
1311 1312 1313
1313 1312 1314
1313 1314 1315
1316 1317 1318
1319 1320 1321
1319 1321 1322
1323 1324 1325
1326 1327 1328
1326 1328 1329
1322 1316 1318
1322 1318 1319
1323 1325 1327
1323 1327 1326
1306 1330 1331
1306 1331 1307
1320 1332 1333
1320 1333 1321
1334 1335 1329
1334 1329 1328
1309 1308 1336
1309 1336 1337
1330 1333 1332
1330 1332 1331
1335 1334 1337
1335 1337 1336
1338 1339 1340
1338 1340 1341
1341 1342 1343
1341 1343 1338
1344 1345 1346
1345 1347 1348
1345 1348 1346
1339 1348 1347
1339 1347 1340
1349 1350 1351
1349 1351 1352
1353 1354 1355
1356 1357 1358
1356 1358 1359
1360 1361 1362
1360 1362 1363
1361 1360 1355
1361 1355 1364
1365 1364 1366
1365 1366 1367
1349 1368 1369
1349 1369 1350
1353 1370 1371
1372 1373 1374
1372 1374 1375
1376 1377 1378
1376 1378 1379
1380 1381 1382
1380 1382 1383
1384 1381 1380
1384 1380 1385
1386 1387 1388
1386 1388 1378
1379 1378 1388
1379 1388 1389
1390 1391 1392
1393 1394 1395
1393 1395 1391
1396 1397 1374
1398 1399 1400
1398 1400 1401
1356 1402 1365
1356 1365 1368
1402 1356 1359
1402 1359 1403
1397 1404 1405
1397 1405 1374
1372 1375 1406
1372 1406 1407
1396 1374 1373
1396 1373 1408
1409 1396 1408
1409 1408 1410
1401 1411 1412
1401 1412 1398
1413 1414 1399
1413 1399 1398
1410 1415 1354
1410 1354 1409
1416 1371 1370
1416 1370 1417
1364 1355 1418
1364 1418 1366
1363 1417 1370
1363 1370 1360
1360 1370 1353
1360 1353 1355
1403 1362 1361
1403 1361 1402
1402 1361 1364
1402 1364 1365
1367 1369 1368
1367 1368 1365
1368 1349 1357
1368 1357 1356
1392 1391 1395
1392 1395 1419
1391 1390 1393
1419 1395 1381
1419 1381 1384
1381 1395 1394
1381 1394 1382
1383 1420 1377
1383 1377 1380
1385 1380 1377
1385 1377 1376
1420 1386 1378
1420 1378 1377
1389 1388 1421
1389 1421 1422
1421 1388 1387
1421 1387 1423
1422 1421 1424
1422 1424 1425
1352 1351 1425
1352 1425 1424
1352 1424 1426
1352 1426 1427
1428 1407 1406
1429 1430 1431
1429 1431 1432
1433 1434 1435
1433 1435 1436
1435 1437 1436
1438 1439 1440
1438 1440 1441
1441 1442 1443
1441 1443 1438
1444 1445 1446
1444 1446 1447
1447 1446 1443
1447 1443 1442
1448 1449 1450
1451 1452 1453
1451 1453 1454
1455 1456 1457
1455 1457 1458
1454 1453 1456
1454 1456 1455
1452 1451 1445
1452 1445 1444
1450 1449 1458
1450 1458 1457
1459 1460 1461
1462 1461 1460
1462 1460 1463
1439 1462 1463
1439 1463 1440
1464 1465 1466
1464 1466 1467
1468 1469 1470
1468 1470 1471
1472 1473 1474
1472 1474 1475
1476 1477 1478
1476 1478 1479
1480 1481 1466
1480 1466 1465
1482 1483 1484
1482 1484 1485
1486 1473 1472
1486 1472 1487
1488 1489 1490
1491 1492 1493
1491 1493 1494
1495 1496 1497
1495 1497 1498
1499 1500 1501
1499 1501 1502
1475 1474 1503
1475 1503 1504
1504 1505 1506
1504 1506 1475
1492 1482 1485
1492 1485 1493
1477 1476 1506
1477 1506 1507
1508 1509 1510
1508 1510 1511
1492 1491 1500
1492 1500 1499
1512 1513 1514
1512 1514 1515
1471 1499 1502
1471 1502 1468
1485 1484 1514
1485 1514 1513
1477 1511 1516
1477 1516 1478
1517 1518 1510
1517 1510 1489
1488 1517 1489
1519 1343 1342
1519 1342 1520
1521 1522 1519
1521 1519 1520
1522 1521 1498
1522 1498 1497
1465 1496 1495
1465 1495 1480
1523 1496 1465
1523 1465 1464
1523 1464 1524
1523 1524 1525
1493 1526 1481
1493 1481 1494
1513 1526 1493
1513 1493 1485
1482 1471 1470
1482 1470 1483
1482 1492 1499
1482 1499 1471
1527 1528 1469
1527 1469 1468
1501 1529 1530
1501 1530 1502
1527 1468 1502
1527 1502 1530
1473 1486 1528
1473 1528 1527
1529 1503 1474
1529 1474 1530
1527 1530 1474
1527 1474 1473
1476 1472 1475
1476 1475 1506
1472 1476 1479
1472 1479 1487
1505 1531 1507
1505 1507 1506
1507 1511 1477
1509 1490 1489
1509 1489 1510
1531 1508 1511
1531 1511 1507
1511 1510 1518
1511 1518 1516
1532 1533 1343
1343 1519 1532
1519 1522 1534
1519 1534 1532
1522 1497 1535
1522 1535 1534
1496 1523 1535
1496 1535 1497
1525 1536 1535
1525 1535 1523
1536 1537 1534
1536 1534 1535
1537 1533 1532
1537 1532 1534
1538 1539 1540
1538 1540 1541
1539 1542 1543
1539 1543 1540
1544 1545 1546
1544 1538 1541
1544 1541 1545
1542 1547 1548
1542 1548 1543
1549 1550 1551
1552 1553 1554
1552 1554 1555
1553 1552 1556
1553 1556 1557
1558 1559 1557
1558 1557 1556
1559 1558 1560
1559 1560 1561
1561 1560 1551
1561 1551 1550
1562 1563 1555
1562 1555 1554
1564 1565 1566
1564 1566 1567
1565 1548 1547
1565 1547 1566
1222 1221 1568
1222 1568 1569
1570 1571 1572
1570 1572 1573
1569 1570 1574
1574 1570 1573
1574 1573 1575
1568 1570 1569
1568 1571 1570
1576 1577 1575
1576 1575 1573
1578 1579 1580
1578 1580 1581
1573 1572 1582
1573 1582 1576
1583 1578 1581
1583 1581 1584
1585 1586 1587
1585 1587 1588
1589 1588 1590
1589 1590 1591
1592 1593 1594
1592 1594 1595
1596 1597 1598
1596 1598 1599
1588 1589 1600
1588 1600 1585
1601 1602 1603
1601 1603 1604
1603 1602 1605
1603 1605 1606
1601 1607 1587
1601 1587 1602
1608 1589 1591
1608 1591 1609
1577 1576 1610
1577 1610 1611
1609 1612 1613
1609 1613 1608
1614 1615 1616
1614 1616 1617
1618 1613 1612
1618 1619 1613
1620 1621 1581
1620 1581 1580
1622 1623 1624
1622 1624 1584
1579 1625 1626
1579 1626 1580
1625 1627 1626
1628 1629 1597
1628 1597 1596
1630 1631 1616
1607 1590 1588
1607 1588 1587
1596 1594 1593
1596 1593 1628
1632 1633 1595
1632 1595 1594
1634 1592 1595
1634 1595 1617
1635 1600 1589
1635 1589 1608
1633 1614 1617
1633 1617 1595
1631 1634 1617
1631 1617 1616
1615 1630 1616
1608 1613 1619
1608 1619 1635
1586 1605 1602
1586 1602 1587
1599 1632 1594
1599 1594 1596
1597 1624 1623
1597 1623 1598
1624 1597 1629
1624 1629 1636
1604 1603 1610
1604 1610 1637
1610 1603 1606
1610 1606 1611
1636 1583 1584
1636 1584 1624
1637 1610 1576
1637 1576 1582
1584 1581 1621
1584 1621 1622
1563 1562 1638
1563 1638 1639
1640 1291 1641
1640 1642 1292
1640 1292 1291
1643 1644 1640
1643 1640 1641
1642 1640 1644
1642 1644 1645
1646 1647 1648
1646 1648 1649
1645 1644 1650
1645 1650 1651
1652 1653 1654
1652 1654 1655
1647 1656 1657
1658 1650 1644
1658 1644 1643
1659 1660 1658
1660 1661 1650
1660 1650 1658
1662 1663 1660
1662 1660 1659
1664 1665 1666
1664 1666 1667
1663 1662 1655
1663 1655 1654
1661 1668 1651
1661 1651 1650
1664 1667 1668
1664 1668 1661
1649 1648 1669
1647 1657 1648
1653 1646 1649
1653 1649 1670
1647 1646 1671
1647 1671 1656
1653 1652 1671
1653 1671 1646
1669 1672 1670
1669 1670 1649
1654 1653 1670
1654 1670 1665
1654 1665 1664
1654 1664 1663
1672 1666 1665
1672 1665 1670
1663 1664 1661
1663 1661 1660
1673 1674 1675
1673 1675 1676
1676 1675 1677
1676 1677 1678
1679 1680 1681
1679 1681 1682
1683 1684 1678
1682 1681 1685
1682 1685 1686
1683 1687 1684
1688 1679 1682
1688 1682 1689
1690 1688 1689
1690 1689 1691
1680 1679 1692
1680 1692 1693
1679 1688 1673
1679 1673 1692
1688 1690 1674
1688 1674 1673
1694 1693 1692
1694 1692 1695
1676 1695 1692
1676 1692 1673
1695 1684 1687
1695 1687 1694
1677 1683 1678
1678 1684 1695
1678 1695 1676
1696 1697 1698
1698 1697 1699
1698 1699 1700
1700 1699 1691
1700 1691 1689
1689 1682 1686
1689 1686 1700
1700 1686 1701
1701 1702 1703
1701 1686 1685
1701 1685 1702
1704 1705 1706
1707 1708 1709
1707 1709 1710
1711 1712 1713
1711 1713 1714
1715 1716 1717
1715 1717 1718
1719 1720 1721
1719 1721 1722
1723 1724 1725
1723 1725 1726
1727 1728 1729
1727 1729 1730
1719 1726 1715
1719 1715 1720
1731 1719 1722
1731 1722 1732
1707 1730 1706
1707 1706 1708
1713 1718 1727
1713 1727 1714
1714 1707 1710
1714 1710 1711
1720 1713 1712
1720 1712 1721
1705 1709 1708
1718 1713 1720
1718 1720 1715
1726 1719 1731
1726 1731 1723
1730 1707 1714
1730 1714 1727
1716 1715 1726
1716 1726 1725
1704 1706 1730
1704 1730 1729
1728 1727 1718
1728 1718 1717
1705 1708 1706
1733 1734 1723
1733 1723 1731
1734 1733 1735
1731 1732 1736
1731 1736 1733
1733 1736 1737
1738 1739 1734
1734 1739 1724
1734 1724 1723
1737 1740 1735
1733 1737 1735
1741 1742 1427
1741 1427 1426
1742 1358 1357
1742 1357 1427
1427 1357 1349
1427 1349 1352
1426 1421 1423
1741 1426 1423
1426 1424 1421
1354 1418 1355
1354 1415 1418
72 75 76
926 1027 931
926 932 55
934 1743 1050
