byte offset: 0
first index: 0
index count: 19182
topology: trianglelist
format: DXGI_FORMAT_R16_UINT

0 1 2
0 2 3
0 3 4
0 4 5
6 3 2
6 2 7
4 3 6
4 6 8
0 5 9
0 9 10
11 12 13
11 13 14
15 16 17
15 17 18
18 19 15
20 21 22
23 24 25
23 25 26
27 28 29
27 29 30
31 32 33
31 33 30
34 27 30
34 30 33
35 36 37
35 37 38
39 15 40
39 40 41
39 38 42
39 42 43
44 45 43
44 43 46
47 48 49
47 49 50
51 52 53
51 53 54
54 47 50
54 50 51
55 56 53
55 53 57
52 58 57
52 57 53
58 52 21
59 20 60
59 60 61
50 62 63
64 42 65
64 65 66
37 67 68
37 68 65
69 70 71
69 71 67
72 73 74
72 74 75
76 71 70
76 70 77
71 76 78
71 78 79
78 76 74
78 74 80
79 78 81
79 81 82
82 83 68
82 68 79
84 85 82
84 82 81
86 87 88
86 88 89
80 90 81
80 81 78
91 92 93
91 93 94
94 95 91
92 91 96
92 96 97
98 91 95
97 96 99
97 99 100
22 21 52
22 52 51
45 101 16
45 16 15
102 103 104
102 104 105
18 17 106
18 106 107
104 108 109
104 109 105
110 31 30
110 30 29
103 102 107
103 107 106
111 19 112
111 112 113
28 27 114
28 114 115
24 116 117
24 117 25
118 95 119
119 120 59
119 59 118
55 57 93
55 93 121
94 93 57
94 57 58
119 94 58
118 59 61
118 61 85
67 71 79
67 79 68
36 69 67
36 67 37
83 66 65
83 65 68
21 20 59
21 59 120
62 64 66
62 66 60
38 37 65
38 65 42
49 46 64
98 85 84
98 84 99
63 60 20
47 54 122
47 122 123
63 51 50
124 114 27
124 27 34
113 112 117
113 117 116
73 125 80
73 80 74
125 73 126
125 126 127
127 128 129
127 129 125
72 124 34
19 40 15
130 101 45
130 45 44
111 40 19
41 35 38
41 38 39
15 39 43
15 43 45
76 77 75
76 75 74
43 42 64
43 64 46
131 48 47
131 47 123
54 53 56
54 56 122
132 100 129
132 129 128
121 93 92
121 92 133
134 97 100
134 100 132
97 134 133
97 133 92
126 33 32
105 25 117
105 117 102
26 25 105
26 105 109
102 117 112
102 112 107
107 112 19
107 19 18
46 49 48
46 48 44
99 84 81
99 81 90
61 60 66
61 66 83
49 62 50
100 99 90
100 90 129
85 61 83
85 83 82
48 131 130
48 130 44
98 99 96
95 118 98
20 22 63
34 73 72
135 136 137
135 137 138
139 140 141
139 141 142
139 143 144
145 144 143
145 143 146
147 145 146
147 146 148
149 150 151
149 151 152
153 154 155
153 155 156
157 153 156
157 156 158
157 158 159
160 161 162
160 162 163
135 138 162
135 162 161
164 165 141
166 167 168
166 168 169
170 166 169
170 169 171
172 165 173
174 165 175
176 142 177
178 164 179
139 142 176
179 164 180
181 180 182
183 184 185
183 185 186
187 188 189
187 189 190
184 191 192
184 192 185
191 193 194
191 194 192
190 189 195
190 195 196
193 197 198
193 198 194
196 195 199
196 199 200
167 198 197
167 197 168
200 199 201
200 201 202
142 165 174
173 165 164
175 165 203
204 205 206
204 206 207
208 209 210
208 210 211
210 209 212
210 212 213
214 213 212
214 212 215
214 215 216
214 216 217
218 219 217
218 217 216
220 221 219
220 219 218
222 223 221
222 221 220
224 225 226
224 226 227
228 224 227
228 227 229
208 211 230
208 230 231
232 233 234
232 234 235
232 235 236
236 235 207
236 207 206
170 171 202
170 202 201
237 238 239
237 239 240
186 241 183
150 147 148
150 148 151
242 243 244
242 244 245
246 247 248
246 248 249
247 250 248
251 252 253
155 154 254
155 254 255
188 187 256
188 256 257
258 259 260
258 260 261
246 149 152
246 152 247
262 263 264
262 264 242
265 257 256
265 256 266
267 266 256
243 264 151
243 151 148
268 255 254
269 239 238
269 238 270
249 248 260
249 260 259
260 248 271
260 271 261
272 253 273
272 273 274
141 140 180
141 180 164
180 144 182
144 145 275
144 275 182
145 147 276
145 276 275
150 149 277
150 277 278
142 141 165
172 203 165
147 150 278
147 278 276
246 249 253
246 253 252
258 274 273
258 273 259
149 246 252
149 252 277
279 280 175
279 175 203
259 273 253
259 253 249
143 281 282
181 182 283
146 143 282
146 282 284
275 285 283
275 283 182
148 146 284
148 284 243
285 275 276
285 276 267
152 151 264
276 278 266
268 254 237
268 237 240
247 286 250
287 172 173
287 173 288
174 175 280
174 280 289
177 290 291
177 291 176
178 179 292
178 292 293
294 176 291
292 179 295
281 176 294
295 181 296
282 281 297
181 283 296
284 282 298
284 298 299
300 283 285
300 285 301
243 284 299
243 299 244
301 285 267
301 267 302
177 174 289
177 289 290
288 173 178
288 178 293
279 203 172
279 172 287
302 267 256
302 256 303
243 242 264
251 253 272
248 250 271
265 252 251
252 265 266
252 266 277
276 266 267
247 264 263
247 263 286
296 283 300
143 139 281
282 297 298
226 225 223
226 223 222
230 233 231
234 233 230
228 229 304
269 270 305
163 159 160
157 159 163
256 187 303
73 34 33
73 33 126
62 49 64
177 142 174
178 173 164
140 139 144
281 139 176
181 179 180
179 181 295
297 281 294
140 144 180
62 60 63
118 85 98
22 51 63
96 91 98
119 95 94
120 119 58
120 58 21
262 242 306
242 245 306
152 264 247
278 277 266
307 308 309
307 309 310
310 309 311
312 313 314
315 316 317
315 317 318
319 320 321
319 321 322
323 320 324
323 324 325
326 324 320
326 320 319
327 328 329
327 329 330
331 332 333
331 333 309
331 334 335
331 335 328
334 336 337
334 337 338
339 340 341
339 341 342
343 344 345
343 345 346
344 343 340
344 340 339
347 348 345
347 345 349
346 345 348
346 348 350
350 314 346
351 352 353
351 353 312
340 354 355
356 335 357
356 357 358
329 356 359
329 359 360
361 360 362
361 362 363
364 365 366
364 366 367
368 369 363
368 363 362
362 370 371
362 371 368
371 372 366
371 366 368
373 371 370
373 370 374
374 370 359
374 359 375
376 373 374
376 374 377
378 379 380
378 380 381
372 371 373
372 373 382
383 384 385
383 385 386
384 383 387
386 388 389
386 389 383
390 387 383
388 391 392
388 392 389
313 343 346
313 346 314
336 309 308
336 308 393
394 395 396
394 396 397
310 398 399
310 399 307
396 395 400
396 400 401
402 321 320
402 320 323
397 399 398
397 398 394
403 404 405
403 405 311
322 406 407
322 407 319
318 317 408
318 408 409
410 411 387
411 410 351
411 351 412
347 413 385
347 385 348
384 350 348
384 348 385
411 350 384
410 377 352
410 352 351
360 359 370
360 370 362
330 329 360
330 360 361
375 359 356
375 356 358
314 412 351
314 351 312
355 353 358
355 358 357
328 335 356
328 356 329
341 357 338
390 376 377
390 392 376
354 312 353
339 414 415
339 415 344
354 340 343
416 326 319
416 319 407
404 409 408
404 408 405
367 366 372
367 372 417
417 418 419
417 419 367
418 417 420
418 420 421
364 326 416
311 309 333
336 393 422
336 422 337
403 311 333
332 331 328
332 328 327
309 336 334
309 334 331
368 366 365
368 365 369
334 338 357
334 357 335
339 342 423
339 423 414
344 415 349
344 349 345
424 421 420
424 420 391
413 425 386
413 386 385
426 424 391
426 391 388
388 386 425
388 425 426
419 325 324
395 394 408
395 408 317
316 400 395
316 395 317
394 398 405
394 405 408
398 310 311
398 311 405
342 341 338
342 338 337
392 382 373
392 373 376
352 375 358
352 358 353
341 340 355
391 420 382
391 382 392
377 374 375
377 375 352
342 337 422
342 422 423
390 389 392
387 390 410
312 354 313
326 364 367
427 428 429
427 429 430
431 432 433
431 433 434
431 435 436
437 438 436
437 436 435
439 440 438
439 438 437
441 442 443
441 443 444
445 446 447
445 447 448
449 450 446
449 446 445
449 451 450
452 453 454
452 454 455
427 455 454
427 454 428
456 433 457
458 459 460
458 460 461
462 463 459
462 459 458
464 465 457
466 467 457
468 469 432
470 471 456
431 468 432
471 472 456
473 474 472
475 476 477
475 477 478
479 480 481
479 481 482
478 477 483
478 483 484
484 483 485
484 485 486
480 487 488
480 488 481
486 485 489
486 489 490
487 491 492
487 492 488
461 460 490
461 490 489
491 493 494
491 494 492
432 466 457
465 456 457
467 495 457
496 497 498
496 498 499
500 501 502
500 502 503
500 504 505
500 505 501
505 504 506
505 506 507
506 508 509
506 509 507
510 509 508
510 508 511
512 510 511
512 511 513
514 512 513
514 513 515
516 517 518
516 518 519
520 521 517
520 517 516
502 522 523
502 523 503
524 525 526
524 527 528
524 528 525
527 498 497
527 497 528
462 494 493
462 493 463
529 530 531
529 531 532
476 475 533
444 443 440
444 440 439
534 535 536
534 536 537
538 539 540
538 540 541
541 540 542
543 544 545
447 546 547
447 547 448
482 548 549
482 549 479
550 551 552
550 552 553
538 541 442
538 442 441
554 534 555
554 555 556
549 548 557
549 557 558
559 549 558
537 440 443
537 443 555
560 547 546
561 562 532
561 532 531
539 553 552
539 552 540
552 551 563
552 563 540
564 565 566
564 566 544
433 456 472
433 472 434
472 474 435
435 474 567
435 567 437
437 567 568
437 568 439
444 569 570
444 570 441
432 457 433
464 457 495
439 568 569
439 569 444
538 545 544
538 544 539
550 553 566
550 566 565
441 570 545
441 545 538
571 495 467
571 467 572
553 539 544
553 544 566
436 573 574
473 575 474
438 576 573
438 573 436
567 474 575
567 575 577
440 537 576
440 576 438
577 559 568
577 568 567
442 555 443
568 558 569
560 530 529
560 529 547
541 542 578
579 580 465
579 465 464
466 581 572
466 572 467
469 468 582
469 582 583
470 584 585
470 585 471
586 582 468
585 587 471
574 586 468
587 588 473
573 589 574
473 588 575
576 590 591
576 591 573
592 593 577
592 577 575
537 536 590
537 590 576
593 594 559
593 559 577
469 583 581
469 581 466
580 584 470
580 470 465
571 579 464
571 464 495
594 595 549
594 549 559
537 555 534
543 564 544
540 563 542
557 543 545
558 557 545
558 545 570
568 559 558
541 556 555
541 578 556
588 592 575
436 574 431
573 591 589
518 514 515
518 515 519
523 522 526
525 523 526
520 596 521
561 597 562
453 452 451
449 453 451
549 595 479
367 324 326
367 419 324
355 357 341
469 466 432
470 456 465
434 435 431
574 468 431
473 472 471
471 587 473
589 586 574
434 472 435
355 354 353
410 390 377
313 354 343
389 390 383
411 384 387
412 350 411
412 314 350
554 598 534
534 598 535
442 541 555
569 558 570
599 600 601
599 601 602
602 601 603
602 603 604
604 603 605
604 605 606
607 608 606
607 606 605
599 609 610
599 610 600
609 611 612
609 612 610
613 614 615
613 615 616
614 608 607
614 607 615
617 618 619
619 618 620
620 618 621
621 618 622
623 618 617
624 618 623
625 618 624
622 618 625
626 627 628
626 628 629
629 628 630
629 630 631
632 633 634
632 634 635
635 634 627
635 627 626
627 636 637
627 637 628
628 637 638
628 638 630
633 639 640
633 640 634
634 640 636
634 636 627
636 641 642
636 642 637
637 642 643
637 643 638
639 644 645
639 645 640
640 645 641
640 641 636
641 646 647
641 647 642
642 647 648
642 648 643
644 649 650
644 650 645
645 650 646
645 646 641
651 652 653
651 653 654
652 655 656
652 656 653
655 657 658
655 658 656
657 659 660
657 660 658
651 654 661
651 661 662
662 661 663
662 663 664
665 666 667
665 667 668
668 667 660
668 660 659
669 670 671
670 672 671
672 673 671
673 674 671
675 669 671
676 675 671
677 676 671
674 677 671
678 679 680
678 680 681
681 680 682
681 682 683
683 682 684
683 684 685
686 687 685
686 685 684
678 688 689
678 689 679
688 690 691
688 691 689
692 693 694
692 694 695
693 687 686
693 686 694
696 697 698
698 697 699
699 697 700
700 697 701
702 697 696
703 697 702
704 697 703
701 697 704
705 706 707
705 707 708
708 707 709
708 709 710
711 712 713
711 713 714
714 713 706
714 706 705
706 715 716
706 716 707
707 716 717
707 717 709
712 718 719
712 719 713
713 719 715
713 715 706
715 720 721
715 721 716
716 721 722
716 722 717
718 723 724
718 724 719
719 724 720
719 720 715
720 725 726
720 726 721
721 726 727
721 727 722
723 728 729
723 729 724
724 729 725
724 725 720
730 731 732
730 732 733
731 734 735
731 735 732
734 736 737
734 737 735
736 738 739
736 739 737
730 733 740
730 740 741
741 740 742
741 742 743
744 745 746
744 746 747
747 746 739
747 739 738
748 749 750
749 751 750
751 752 750
752 753 750
754 748 750
755 754 750
756 755 750
753 756 750
757 758 759
757 759 760
760 759 761
760 761 762
762 761 763
762 763 764
765 766 764
765 764 763
757 767 768
757 768 758
767 769 770
767 770 768
771 772 773
771 773 774
772 766 765
772 765 773
775 776 777
777 776 778
778 776 779
779 776 780
781 776 775
782 776 781
783 776 782
780 776 783
784 785 786
784 786 787
787 786 788
787 788 789
790 791 792
790 792 793
793 792 785
793 785 784
785 794 795
785 795 786
786 795 796
786 796 788
791 797 798
791 798 792
792 798 794
792 794 785
794 799 800
794 800 795
795 800 801
795 801 796
797 802 803
797 803 798
798 803 799
798 799 794
799 804 805
799 805 800
800 805 806
800 806 801
802 807 808
802 808 803
803 808 804
803 804 799
809 810 811
809 811 812
810 813 814
810 814 811
813 815 816
813 816 814
815 817 818
815 818 816
809 812 819
809 819 820
820 819 821
820 821 822
823 824 825
823 825 826
826 825 818
826 818 817
827 828 829
828 830 829
830 831 829
831 832 829
833 834 835
836 837 829
838 836 829
832 838 829
839 840 841
839 841 842
840 843 844
840 844 841
843 845 846
843 846 844
845 847 848
845 848 846
839 842 849
839 849 850
850 849 851
850 851 852
853 854 855
853 855 856
856 855 848
856 848 847
857 858 859
858 860 859
860 861 859
861 862 859
863 857 859
864 863 859
865 864 859
862 865 859
866 867 868
866 868 869
867 870 871
867 871 868
872 873 874
872 874 875
873 866 869
873 869 874
869 868 876
869 876 877
868 871 878
868 878 876
875 874 879
875 879 880
874 869 877
874 877 879
877 876 881
877 881 882
876 878 883
876 883 881
880 879 884
880 884 885
879 877 882
879 882 884
882 881 886
882 886 887
881 883 888
881 888 886
885 884 889
885 889 890
884 882 887
884 887 889
891 892 893
891 893 894
894 893 895
894 895 896
896 895 897
896 897 898
899 900 898
899 898 897
891 901 902
891 902 892
901 903 904
901 904 902
905 906 907
905 907 908
906 900 899
906 899 907
909 910 911
911 910 912
912 910 913
913 910 914
915 910 909
916 910 915
917 910 916
914 910 917
918 919 920
918 920 921
919 922 923
919 923 920
922 924 925
922 925 923
924 926 927
924 927 925
918 921 928
918 928 929
929 928 930
929 930 931
932 933 934
932 934 935
935 934 927
935 927 926
936 937 938
937 939 938
939 940 938
940 941 938
942 936 938
943 942 938
944 943 938
941 944 938
945 946 947
945 947 948
946 949 950
946 950 947
951 952 953
951 953 954
952 945 948
952 948 953
948 947 955
948 955 956
947 950 957
947 957 955
954 953 958
954 958 959
953 948 956
953 956 958
956 955 960
956 960 961
955 957 962
955 962 960
959 958 963
959 963 964
958 956 961
958 961 963
961 960 965
961 965 966
960 962 967
960 967 965
964 963 968
964 968 969
963 961 966
963 966 968
970 971 972
970 972 973
973 972 974
973 974 975
975 974 976
975 976 977
978 979 977
978 977 976
970 980 981
970 981 971
980 982 983
980 983 981
984 985 986
984 986 987
985 979 978
985 978 986
988 989 990
990 989 991
991 989 992
992 989 993
994 989 988
995 989 994
996 989 995
993 989 996
997 998 999
997 999 1000
998 1001 1002
998 1002 999
1001 1003 1004
1001 1004 1002
1003 1005 1006
1003 1006 1004
997 1000 1007
997 1007 1008
1008 1007 1009
1008 1009 1010
1011 1012 1013
1011 1013 1014
1014 1013 1006
1014 1006 1005
1015 1016 1017
1016 1018 1017
1018 1019 1017
1019 1020 1017
1021 1015 1017
1022 1021 1017
1023 1022 1017
1020 1023 1017
1024 1025 1026
1024 1026 1027
1025 1028 1029
1025 1029 1026
1030 1031 1032
1030 1032 1033
1031 1024 1027
1031 1027 1032
1027 1026 1034
1027 1034 1035
1026 1029 1036
1026 1036 1034
1033 1032 1037
1033 1037 1038
1032 1027 1035
1032 1035 1037
1035 1034 1039
1035 1039 1040
1034 1036 1041
1034 1041 1039
1038 1037 1042
1038 1042 1043
1037 1035 1040
1037 1040 1042
1040 1039 1044
1040 1044 1045
1039 1041 1046
1039 1046 1044
1043 1042 1047
1043 1047 1048
1042 1040 1045
1042 1045 1047
1049 1050 1051
1049 1051 1052
1052 1051 1053
1052 1053 1054
1054 1053 1055
1054 1055 1056
1057 1058 1056
1057 1056 1055
1049 1059 1060
1049 1060 1050
1059 1061 1062
1059 1062 1060
1063 1064 1065
1063 1065 1066
1064 1058 1057
1064 1057 1065
1067 1068 1069
1069 1068 1070
1070 1068 1071
1071 1068 1072
1073 1068 1067
1074 1068 1073
1075 1068 1074
1072 1068 1075
1076 1077 1078
1076 1078 1079
1080 1081 1077
1080 1077 1076
1082 1083 1084
1082 1084 1085
1085 1084 1081
1085 1081 1080
1086 1087 1088
1086 1088 1089
1090 1091 1087
1090 1087 1086
1092 1093 1094
1092 1094 1095
1095 1094 1091
1095 1091 1090
1096 1097 1098
1099 1100 1101
1100 1099 1083
1100 1083 1082
1097 1096 1093
1097 1093 1092
1102 1079 1078
1102 1078 1103
1104 1102 1103
1104 1103 1105
1106 1107 1108
1106 1108 1109
1107 1104 1105
1107 1105 1108
1110 1089 1088
1110 1088 1111
1112 1110 1111
1112 1111 1113
1114 1115 1116
1114 1116 1117
1115 1112 1113
1115 1113 1116
1118 1119 1120
1121 1122 1123
1122 1106 1109
1122 1109 1123
1119 1114 1117
1119 1117 1120
1124 1125 1126
1124 1126 1127
1128 1124 1127
1128 1127 1129
1130 1131 1132
1130 1132 1133
1131 1128 1129
1131 1129 1132
1134 1135 1136
1134 1136 1137
1138 1134 1137
1138 1137 1139
1140 1141 1142
1140 1142 1143
1141 1138 1139
1141 1139 1142
1144 1145 1146
1147 1148 1149
1149 1130 1133
1149 1133 1147
1146 1140 1143
1146 1143 1144
1150 1151 1126
1150 1126 1125
1152 1153 1151
1152 1151 1150
1154 1155 1156
1154 1156 1157
1157 1156 1153
1157 1153 1152
1158 1159 1136
1158 1136 1135
1160 1161 1159
1160 1159 1158
1162 1163 1164
1162 1164 1165
1165 1164 1161
1165 1161 1160
1166 1167 1168
1169 1170 1171
1171 1170 1155
1171 1155 1154
1168 1167 1163
1168 1163 1162
1172 1173 1174
1172 1174 1175
1176 1177 1178
1176 1178 1179
1180 1181 1182
1180 1182 1183
1184 1185 1186
1184 1186 1187
1188 1189 1190
1191 1192 1190
1193 1194 1195
1193 1195 1196
1195 1194 1197
1195 1197 1198
1192 1188 1190
1199 1200 1201
1199 1201 1202
1203 1204 1205
1203 1205 1206
1207 1208 1209
1207 1209 1210
1211 1212 1213
1211 1213 1214
1215 1216 1217
1218 1216 1219
1220 1221 1222
1220 1222 1223
1224 1221 1220
1224 1220 1225
1219 1216 1215
1226 1227 1228
1226 1228 1229
1230 1226 1229
1230 1229 1231
1232 1233 1234
1232 1234 1235
1236 1237 1238
1236 1238 1239
1240 1241 1242
1240 1242 1243
1241 1239 1244
1241 1244 1242
1245 1246 1228
1245 1228 1227
1247 1248 1249
1247 1249 1250
1241 1240 1251
1241 1251 1252
1253 1254 1255
1253 1255 1256
1228 1246 1257
1228 1257 1258
1259 1260 1261
1262 1263 1264
1262 1264 1265
1248 1266 1267
1248 1267 1249
1268 1269 1270
1268 1270 1271
1272 1273 1274
1272 1274 1275
1276 1277 1278
1276 1278 1279
1280 1281 1282
1280 1282 1283
1284 1285 1286
1287 1286 1285
1288 1289 1290
1288 1290 1291
1292 1293 1294
1292 1294 1295
1296 1284 1297
1298 1299 1300
1298 1300 1301
1302 1280 1283
1302 1283 1303
1293 1292 1304
1293 1304 1305
1306 1305 1304
1306 1304 1307
1295 1294 1308
1295 1308 1309
1310 1298 1311
1312 1313 1314
1312 1314 1315
1279 1316 1317
1279 1317 1276
1318 1302 1303
1318 1303 1319
1320 1321 1322
1320 1322 1323
1261 1324 1266
1261 1266 1248
1317 1275 1325
1317 1325 1267
1275 1317 1316
1275 1316 1272
1299 1318 1319
1299 1319 1300
1239 1241 1252
1239 1252 1236
1326 1327 1328
1326 1328 1329
1330 1252 1251
1330 1251 1329
1330 1331 1332
1330 1332 1333
1334 1335 1333
1334 1333 1332
1281 1336 1337
1281 1337 1282
1337 1336 1338
1265 1264 1339
1265 1339 1340
1258 1341 1229
1258 1229 1228
1342 1343 1344
1342 1344 1345
1305 1285 1284
1305 1284 1293
1296 1294 1293
1296 1293 1284
1308 1294 1296
1299 1298 1273
1299 1273 1272
1318 1299 1272
1318 1272 1316
1302 1318 1316
1302 1316 1279
1280 1302 1279
1280 1279 1278
1281 1280 1278
1281 1278 1346
1306 1347 1348
1306 1349 1285
1350 1233 1351
1350 1351 1352
1232 1353 1351
1232 1351 1233
1255 1323 1353
1255 1353 1232
1354 1260 1355
1341 1356 1231
1341 1231 1229
1357 1326 1329
1357 1329 1251
1331 1330 1329
1331 1329 1328
1333 1236 1252
1333 1252 1330
1351 1237 1335
1351 1335 1352
1350 1352 1358
1350 1358 1359
1233 1350 1360
1233 1360 1234
1361 1362 1354
1363 1360 1350
1363 1350 1359
1307 1364 1347
1307 1347 1306
1364 1365 1342
1366 1258 1257
1227 1331 1328
1227 1328 1245
1367 1368 1369
1367 1369 1370
1368 1367 1371
1368 1371 1372
1371 1373 1374
1371 1374 1372
1375 1376 1254
1375 1254 1253
1373 1321 1377
1373 1377 1374
1378 1320 1254
1378 1254 1376
1379 1380 1381
1379 1381 1382
1383 1384 1324
1383 1324 1385
1267 1266 1276
1267 1276 1317
1386 1387 1388
1386 1388 1340
1389 1325 1275
1389 1275 1274
1378 1390 1391
1378 1391 1377
1374 1392 1393
1374 1393 1372
1367 1370 1394
1367 1394 1243
1395 1269 1396
1315 1389 1397
1267 1325 1314
1267 1314 1249
1372 1393 1312
1372 1312 1368
1376 1355 1390
1375 1398 1355
1391 1259 1247
1391 1247 1392
1250 1393 1392
1250 1392 1247
1393 1250 1313
1393 1313 1312
1243 1242 1371
1243 1371 1367
1242 1244 1373
1242 1373 1371
1256 1255 1232
1256 1232 1235
1323 1322 1238
1323 1238 1353
1323 1255 1254
1323 1254 1320
1243 1394 1399
1243 1399 1240
1237 1351 1353
1237 1353 1238
1259 1261 1248
1259 1248 1247
1321 1373 1244
1321 1244 1322
1237 1236 1333
1237 1333 1335
1321 1320 1378
1321 1378 1377
1377 1391 1392
1377 1392 1374
1259 1391 1390
1259 1390 1260
1322 1244 1239
1322 1239 1238
1313 1250 1249
1313 1249 1314
1368 1312 1315
1368 1315 1369
1324 1261 1362
1324 1362 1385
1400 1401 1402
1400 1402 1403
1404 1405 1406
1404 1406 1407
1408 1409 1410
1408 1410 1411
1412 1413 1414
1412 1414 1415
1411 1410 1415
1411 1415 1414
1403 1402 1409
1403 1409 1408
1412 1405 1404
1412 1404 1413
1416 1417 1418
1416 1418 1419
1420 1421 1422
1420 1422 1423
1424 1425 1426
1424 1426 1427
1428 1429 1421
1428 1421 1430
1431 1432 1433
1431 1433 1434
1434 1433 1435
1434 1435 1436
1437 1438 1434
1437 1434 1436
1438 1439 1431
1438 1431 1434
1438 1437 1440
1438 1440 1441
1442 1443 1444
1442 1444 1445
1433 1445 1446
1433 1446 1435
1440 1447 1448
1440 1448 1441
1449 1441 1448
1449 1448 1450
1451 1452 1453
1451 1453 1454
1454 1453 1455
1454 1455 1456
1430 1421 1420
1430 1420 1457
1429 1431 1439
1429 1439 1458
1459 1460 1461
1459 1461 1462
1463 1464 1418
1463 1418 1417
1465 1466 1467
1465 1467 1468
1469 1470 1471
1469 1471 1472
1473 1474 1475
1473 1475 1476
1477 1478 1479
1477 1479 1480
1481 1482 1483
1481 1483 1484
1485 1400 1403
1485 1403 1486
1487 1404 1407
1487 1407 1488
1408 1411 1489
1408 1489 1490
1413 1491 1492
1413 1492 1414
1493 1494 1470
1493 1470 1469
1495 1496 1497
1495 1497 1498
1499 1500 1501
1499 1501 1502
1484 1503 1504
1484 1504 1481
1474 1505 1506
1474 1506 1475
1507 1508 1509
1507 1509 1510
1511 1512 1513
1511 1513 1514
1515 1479 1478
1515 1478 1516
1500 1499 1517
1500 1517 1518
1514 1519 1520
1514 1520 1511
1510 1509 1521
1510 1521 1522
1523 1497 1496
1523 1496 1524
1525 1526 1465
1525 1465 1468
1474 1473 1480
1474 1480 1479
1414 1492 1489
1414 1489 1411
1509 1508 1512
1509 1512 1511
1505 1474 1479
1505 1479 1515
1521 1509 1511
1521 1511 1520
1472 1471 1485
1472 1485 1486
1476 1490 1489
1476 1489 1473
1477 1480 1492
1477 1492 1491
1487 1488 1483
1487 1483 1482
1473 1489 1492
1473 1492 1480
1452 1451 1459
1452 1459 1462
1527 1422 1458
1527 1458 1528
1466 1529 1530
1466 1530 1531
1527 1528 1532
1527 1532 1533
1521 1468 1467
1521 1467 1522
1525 1534 1535
1525 1535 1526
1536 1537 1461
1536 1461 1460
1496 1510 1522
1496 1522 1524
1507 1510 1496
1507 1496 1495
1506 1493 1469
1506 1469 1475
1476 1475 1469
1476 1469 1472
1472 1486 1490
1472 1490 1476
1408 1490 1486
1408 1486 1403
1432 1431 1429
1432 1429 1428
1458 1422 1421
1458 1421 1429
1426 1425 1443
1426 1443 1442
1458 1439 1449
1458 1449 1528
1449 1450 1419
1449 1419 1528
1538 1420 1423
1538 1423 1529
1539 1457 1420
1539 1420 1538
1464 1467 1466
1464 1466 1531
1535 1534 1424
1535 1424 1427
1465 1538 1529
1465 1529 1466
1465 1526 1539
1465 1539 1538
1535 1540 1539
1535 1539 1526
1532 1418 1464
1532 1464 1531
1528 1419 1418
1528 1418 1532
1540 1541 1457
1540 1457 1539
1426 1542 1541
1426 1541 1427
1542 1426 1428
1542 1428 1430
1442 1432 1428
1442 1428 1426
1445 1433 1432
1445 1432 1442
1439 1438 1441
1439 1441 1449
1543 1446 1445
1543 1445 1444
1424 1460 1459
1424 1459 1425
1454 1444 1443
1454 1443 1451
1456 1543 1444
1456 1444 1454
1481 1478 1477
1481 1477 1482
1487 1491 1413
1487 1413 1404
1500 1514 1513
1500 1513 1501
1481 1504 1516
1481 1516 1478
1519 1514 1500
1519 1500 1518
1534 1519 1518
1534 1518 1536
1491 1487 1482
1491 1482 1477
1459 1451 1443
1459 1443 1425
1424 1534 1536
1424 1536 1460
1419 1450 1544
1419 1544 1416
1544 1450 1448
1544 1448 1545
1545 1448 1447
1545 1447 1546
1542 1430 1457
1542 1457 1541
1423 1422 1527
1423 1527 1533
1530 1529 1423
1530 1423 1533
1540 1535 1427
1540 1427 1541
1532 1531 1530
1532 1530 1533
1523 1524 1464
1523 1464 1463
1467 1464 1524
1467 1524 1522
1519 1534 1525
1519 1525 1520
1537 1536 1518
1537 1518 1517
1520 1525 1468
1520 1468 1521
1547 1447 1440
1547 1440 1548
1437 1549 1548
1437 1548 1440
1436 1550 1549
1436 1549 1437
1436 1435 1551
1436 1551 1550
1456 1455 1552
1456 1552 1553
1554 1553 1555
1554 1555 1365
1555 1553 1552
1555 1552 1556
1548 1295 1309
1548 1309 1547
1549 1292 1295
1549 1295 1548
1292 1549 1550
1292 1550 1304
1304 1550 1551
1304 1551 1307
1551 1557 1364
1551 1364 1307
1557 1551 1435
1557 1435 1446
1557 1554 1365
1557 1365 1364
1554 1557 1446
1554 1446 1543
1553 1554 1543
1553 1543 1456
1447 1547 1558
1447 1558 1546
1402 1401 1559
1402 1559 1560
1561 1562 1406
1561 1406 1405
1409 1563 1564
1409 1564 1410
1410 1564 1565
1410 1565 1415
1415 1565 1566
1415 1566 1412
1402 1560 1563
1402 1563 1409
1561 1405 1412
1561 1412 1566
1399 1357 1251
1399 1251 1240
1567 1369 1397
1384 1276 1266
1384 1266 1324
1384 1383 1277
1384 1277 1276
1568 1569 1570
1568 1570 1571
1572 1573 1574
1572 1574 1575
1576 1577 1571
1576 1571 1570
1572 1575 1401
1572 1401 1400
1577 1576 1578
1577 1578 1579
1573 1569 1568
1573 1568 1574
1580 1581 1582
1580 1582 1583
1417 1416 1584
1417 1584 1585
1580 1583 1586
1580 1586 1587
1588 1589 1590
1588 1590 1591
1592 1593 1594
1592 1594 1595
1545 1546 1596
1545 1596 1597
1597 1598 1544
1597 1544 1545
1599 1600 1601
1599 1601 1602
1599 1603 1604
1599 1604 1605
1606 1607 1608
1606 1608 1609
1603 1599 1602
1603 1602 1610
1611 1612 1613
1611 1613 1614
1615 1616 1614
1615 1614 1613
1617 1463 1417
1617 1417 1585
1585 1589 1618
1585 1618 1617
1619 1580 1587
1619 1587 1620
1621 1471 1470
1621 1470 1622
1623 1621 1622
1623 1622 1624
1625 1626 1627
1625 1627 1628
1629 1630 1628
1629 1628 1627
1630 1629 1631
1630 1631 1632
1633 1570 1569
1633 1569 1634
1573 1572 1635
1573 1635 1636
1637 1576 1570
1637 1570 1633
1485 1635 1572
1485 1572 1400
1637 1638 1578
1637 1578 1576
1639 1640 1641
1639 1641 1642
1643 1644 1627
1643 1627 1626
1622 1645 1646
1622 1646 1624
1647 1648 1649
1647 1649 1650
1642 1651 1652
1642 1652 1639
1653 1629 1627
1653 1627 1644
1622 1470 1494
1622 1494 1645
1650 1649 1498
1650 1498 1497
1654 1652 1651
1654 1651 1655
1656 1631 1629
1656 1629 1653
1651 1657 1658
1651 1658 1655
1651 1642 1659
1651 1659 1657
1660 1659 1642
1660 1642 1641
1661 1662 1647
1661 1647 1650
1661 1650 1497
1661 1497 1523
1663 1664 1592
1663 1592 1581
1635 1485 1471
1635 1471 1621
1621 1623 1636
1621 1636 1635
1628 1633 1634
1628 1634 1625
1633 1628 1630
1633 1630 1637
1637 1630 1632
1637 1632 1638
1583 1582 1610
1583 1610 1602
1593 1588 1591
1593 1591 1594
1665 1611 1614
1665 1614 1609
1609 1614 1616
1609 1616 1606
1626 1624 1646
1626 1646 1643
1624 1626 1625
1624 1625 1623
1623 1625 1634
1623 1634 1636
1569 1573 1636
1569 1636 1634
1647 1641 1640
1647 1640 1648
1641 1647 1662
1641 1662 1660
1608 1666 1665
1608 1665 1609
1666 1608 1597
1666 1597 1596
1608 1607 1598
1608 1598 1597
1584 1598 1607
1584 1607 1590
1584 1590 1589
1584 1589 1585
1600 1599 1605
1600 1605 1667
1416 1544 1598
1416 1598 1584
1586 1583 1602
1586 1602 1601
1607 1606 1591
1607 1591 1590
1595 1594 1616
1595 1616 1615
1606 1616 1594
1606 1594 1591
1603 1613 1612
1603 1612 1604
1613 1603 1610
1613 1610 1615
1595 1615 1610
1595 1610 1582
1592 1595 1582
1592 1582 1581
1661 1523 1463
1661 1463 1617
1668 1618 1589
1668 1589 1588
1593 1592 1664
1593 1664 1669
1657 1619 1620
1657 1620 1658
1588 1593 1669
1588 1669 1668
1670 1671 1666
1670 1666 1596
1672 1673 1612
1672 1612 1611
1673 1674 1604
1673 1604 1612
1611 1665 1675
1611 1675 1672
1665 1666 1671
1665 1671 1675
1674 1676 1605
1674 1605 1604
1667 1605 1676
1667 1676 1677
1337 1678 1677
1337 1677 1676
1676 1674 1282
1676 1282 1337
1673 1283 1282
1673 1282 1674
1303 1283 1673
1303 1673 1672
1319 1303 1672
1319 1672 1675
1675 1671 1300
1675 1300 1319
1301 1300 1671
1301 1671 1670
1662 1668 1660
1669 1664 1659
1669 1659 1660
1659 1664 1663
1657 1663 1619
1662 1661 1618
1571 1679 1680
1571 1680 1568
1401 1575 1681
1401 1681 1559
1682 1577 1579
1682 1579 1683
1679 1571 1577
1679 1577 1682
1574 1568 1680
1574 1680 1684
1684 1681 1575
1684 1575 1574
1493 1495 1498
1493 1498 1494
1502 1501 1504
1502 1504 1503
1505 1508 1507
1505 1507 1506
1512 1515 1516
1512 1516 1513
1508 1505 1515
1508 1515 1512
1495 1493 1506
1495 1506 1507
1513 1516 1504
1513 1504 1501
1640 1639 1644
1640 1644 1643
1645 1649 1648
1645 1648 1646
1639 1652 1653
1639 1653 1644
1494 1498 1649
1494 1649 1645
1652 1654 1656
1652 1656 1653
1643 1646 1648
1643 1648 1640
1563 1685 1686
1563 1686 1564
1687 1565 1564
1687 1564 1686
1565 1687 1688
1565 1688 1566
1689 1681 1684
1689 1684 1690
1560 1691 1685
1560 1685 1563
1692 1693 1694
1692 1694 1691
1693 1692 1695
1686 1685 1696
1686 1696 1697
1698 1699 1700
1698 1700 1695
1701 1702 1703
1701 1703 1704
1704 1703 1705
1706 1707 1708
1706 1708 1705
1709 1710 1711
1709 1711 1712
1713 1687 1686
1713 1686 1697
1714 1688 1687
1714 1687 1713
1715 1716 1717
1715 1717 1718
1719 1720 1721
1719 1721 1722
1723 1724 1725
1723 1725 1726
1727 1728 1729
1727 1729 1730
1730 1729 1731
1730 1731 1732
1728 1727 1733
1728 1733 1734
1693 1735 1736
1693 1736 1694
1737 1711 1710
1737 1710 1734
1738 1739 1740
1738 1740 1741
1742 1743 1744
1742 1744 1745
1719 1724 1746
1719 1746 1743
1747 1748 1737
1747 1737 1734
1749 1750 1751
1749 1751 1752
1753 1750 1754
1753 1754 1755
1741 1740 1756
1741 1756 1757
1757 1756 1758
1757 1758 1759
1760 1761 1762
1760 1762 1763
1708 1707 1726
1708 1726 1725
1700 1716 1735
1700 1735 1693
1697 1696 1764
1697 1764 1731
1729 1713 1697
1729 1697 1731
1728 1714 1713
1728 1713 1729
1765 1708 1725
1765 1725 1722
1766 1765 1722
1766 1722 1721
1716 1700 1699
1716 1699 1717
1694 1736 1764
1694 1764 1696
1735 1767 1768
1735 1768 1736
1769 1764 1736
1769 1736 1768
1691 1694 1696
1691 1696 1685
1701 1766 1699
1701 1699 1698
1717 1699 1766
1717 1766 1721
1718 1717 1721
1718 1721 1720
1720 1742 1738
1720 1738 1718
1770 1732 1731
1770 1731 1764
1771 1753 1755
1771 1755 1772
1734 1710 1714
1734 1714 1728
1773 1769 1768
1773 1768 1759
1702 1680 1679
1702 1679 1703
1692 1559 1681
1692 1681 1689
1560 1559 1692
1560 1692 1691
1709 1712 1562
1709 1562 1561
1709 1561 1566
1709 1566 1688
1705 1682 1683
1705 1683 1706
1703 1679 1682
1703 1682 1705
1690 1684 1680
1690 1680 1702
1688 1714 1710
1688 1710 1709
1764 1769 1770
1767 1735 1716
1767 1716 1715
1725 1724 1719
1725 1719 1722
1774 1747 1775
1774 1775 1776
1724 1723 1777
1724 1777 1746
1778 1748 1747
1778 1747 1774
1747 1734 1733
1779 1396 1269
1779 1269 1268
1779 1268 1780
1781 1782 1783
1781 1783 1784
1785 1786 1787
1785 1787 1788
1789 1790 1791
1789 1791 1792
1793 1790 1789
1298 1310 1794
1670 1558 1795
1670 1795 1301
1547 1309 1796
1357 1797 1798
1799 1797 1399
1394 1800 1799
1370 1801 1394
1370 1369 1567
1802 1803 1346
1804 1805 1806
1804 1807 1382
1804 1382 1381
1361 1379 1385
1361 1385 1362
1354 1355 1398
1354 1398 1808
1246 1245 1809
1810 1811 1809
1812 1810 1809
1798 1812 1327
1813 1379 1361
1813 1361 1814
1815 1386 1340
1815 1340 1339
1265 1816 1817
1265 1817 1262
1340 1388 1816
1340 1816 1265
1818 1819 1820
1818 1820 1821
1385 1379 1382
1385 1382 1383
1807 1277 1383
1807 1383 1382
1346 1278 1277
1346 1277 1807
1361 1354 1822
1325 1389 1315
1325 1315 1314
1823 1824 1825
1823 1825 1751
1769 1773 1826
1769 1826 1827
1771 1772 1828
1771 1828 1829
1830 1831 1832
1830 1832 1833
1833 1832 1824
1833 1824 1823
1815 1363 1359
1815 1359 1386
1387 1386 1359
1387 1359 1358
1245 1328 1327
1245 1327 1809
1331 1227 1226
1331 1226 1332
1332 1226 1230
1332 1230 1334
1334 1358 1352
1334 1352 1335
1387 1230 1231
1387 1231 1388
1388 1231 1356
1388 1356 1816
1358 1334 1230
1358 1230 1387
1546 1558 1670
1546 1670 1596
1395 1270 1269
1718 1738 1741
1718 1741 1715
1743 1742 1720
1743 1720 1719
1743 1746 1834
1743 1834 1744
1715 1741 1757
1715 1757 1767
1767 1757 1759
1767 1759 1768
1763 1762 1829
1763 1829 1828
1738 1742 1745
1738 1745 1739
1835 1773 1759
1835 1759 1758
1836 1774 1776
1836 1776 1837
1746 1777 1838
1746 1838 1834
1839 1778 1774
1839 1774 1836
1826 1773 1835
1826 1835 1840
1830 1841 1842
1830 1842 1831
1824 1733 1727
1824 1727 1825
1730 1754 1825
1730 1825 1727
1732 1755 1754
1732 1754 1730
1826 1763 1828
1826 1828 1827
1772 1755 1732
1772 1732 1770
1772 1770 1827
1772 1827 1828
1776 1775 1832
1776 1832 1831
1832 1775 1733
1832 1733 1824
1840 1760 1763
1840 1763 1826
1837 1776 1831
1837 1831 1842
1343 1342 1365
1288 1343 1555
1338 1336 1803
1338 1803 1843
1844 1845 1787
1844 1787 1784
1846 1847 1783
1846 1783 1848
1396 1849 1850
1395 1396 1850
1395 1851 1852
1395 1852 1270
1271 1270 1852
1271 1852 1853
1286 1268 1271
1286 1271 1297
1780 1268 1286
1780 1286 1287
1854 1855 1856
1854 1856 1848
1297 1271 1853
1297 1853 1857
1395 1850 1858
1856 1855 1859
1856 1859 1860
1858 1851 1395
1861 1862 1863
1861 1863 1864
1865 1866 1867
1865 1867 1868
1864 1863 1866
1864 1866 1865
1868 1867 1859
1869 1870 1871
1869 1871 1872
1873 1874 1875
1873 1875 1876
1874 1877 1878
1874 1878 1875
1862 1861 1873
1862 1873 1876
1879 1880 1812
1879 1812 1798
1881 1882 1797
1881 1797 1799
1883 1881 1799
1883 1799 1800
1883 1800 1801
1883 1801 1884
1885 1567 1397
1885 1397 1886
1884 1801 1567
1884 1567 1885
1798 1797 1882
1798 1882 1879
1887 1810 1812
1887 1812 1880
1817 1816 1356
1888 1817 1356
1366 1888 1341
1366 1341 1258
1889 1257 1246
1887 1890 1811
1887 1811 1810
1246 1809 1889
1891 1892 1893
1892 1822 1893
1380 1379 1813
1894 1895 1896
1894 1896 1897
1898 1899 1900
1901 1900 1902
1901 1902 1903
1897 1896 1904
1897 1904 1905
1906 1907 1895
1906 1895 1894
1908 1909 1910
1908 1910 1911
1912 1913 1906
1912 1906 1894
1914 1915 1916
1914 1916 1917
1918 1919 1911
1920 1897 1905
1920 1905 1909
1897 1920 1912
1897 1912 1894
1921 1922 1923
1921 1923 1924
1925 1924 1915
1925 1915 1914
1908 1925 1920
1908 1920 1909
1920 1925 1914
1920 1914 1912
1912 1914 1917
1912 1917 1913
1910 1909 1926
1913 1917 1927
1913 1927 1903
1901 1928 1929
1901 1929 1898
1930 1931 1932
1930 1932 1933
1905 1904 1934
1905 1934 1926
1900 1935 1936
1900 1936 1902
1903 1902 1906
1903 1906 1913
1903 1927 1928
1903 1928 1901
1902 1936 1907
1902 1907 1906
1937 1938 1939
1937 1939 1940
1908 1921 1924
1908 1924 1925
1941 1932 1931
1942 1943 1944
1945 1916 1915
1945 1915 1946
1919 1947 1922
1919 1922 1921
1918 1948 1947
1918 1947 1919
1949 1948 1918
1927 1944 1950
1927 1950 1928
1944 1927 1917
1944 1917 1916
1942 1944 1916
1942 1916 1945
1931 1930 1951
1931 1951 1929
1950 1931 1929
1950 1929 1928
1946 1915 1924
1946 1924 1923
1911 1919 1921
1911 1921 1908
1898 1900 1901
1898 1940 1939
1898 1939 1899
1929 1951 1940
1929 1940 1898
1937 1940 1951
1937 1951 1952
1953 1949 1954
1955 1956 1957
1955 1957 1958
1953 1958 1957
1953 1957 1959
1948 1953 1959
1948 1959 1960
1961 1947 1948
1961 1948 1960
1922 1947 1961
1922 1961 1962
1923 1922 1962
1923 1962 1963
1923 1963 1964
1923 1964 1946
1946 1964 1965
1946 1965 1945
1945 1965 1966
1945 1966 1942
1943 1942 1966
1943 1966 1967
1941 1943 1967
1941 1967 1968
1933 1932 1969
1933 1969 1970
1971 1972 1956
1971 1956 1955
1973 1971 1955
1974 1973 1954
1968 1969 1932
1968 1932 1941
1941 1931 1950
1941 1950 1943
1944 1943 1950
1343 1288 1291
1343 1291 1344
1793 1274 1273
1793 1273 1975
1958 1973 1955
1976 1381 1380
1976 1380 1977
1976 1978 1804
1976 1804 1381
1802 1806 1979
1805 1804 1978
1807 1802 1346
1804 1802 1807
1288 1555 1556
1288 1556 1289
1343 1365 1555
1337 1338 1678
1952 1951 1930
1980 1952 1930
1970 1981 1980
1970 1980 1933
1813 1982 1977
1813 1977 1380
1900 1899 1935
1893 1983 1984
1893 1984 1891
1814 1891 1984
1814 1984 1985
1814 1985 1986
1814 1892 1891
1813 1986 1982
1814 1986 1813
1814 1361 1892
1361 1822 1892
1822 1354 1808
1987 1988 1989
1798 1327 1326
1812 1809 1327
1877 1871 1870
1877 1870 1878
1869 1990 1991
1869 1991 1870
1397 1369 1315
1397 1389 1792
1274 1789 1792
1274 1792 1389
1792 1791 1886
1792 1886 1397
1980 1930 1933
1809 1811 1889
1992 1993 1994
1992 1995 1996
1992 1997 1998
1992 1998 1999
1992 1994 2000
1992 2000 2001
1992 2002 1995
1992 2003 2002
1992 2004 2005
1992 2006 2007
1992 1996 1997
1992 2001 2008
1992 2008 2009
1992 2007 2003
1992 2010 2011
1992 2012 2013
1992 1999 2014
1992 2014 2015
1992 2011 1993
1992 2005 2016
1992 2015 2017
1992 2009 2004
1992 2013 2010
1992 2016 2006
1992 2017 2012
1690 1698 1695
1690 1695 1689
1701 1704 1765
1701 1765 1766
1702 1701 1698
1702 1698 1690
1704 1708 1765
1704 1705 1708
1695 1692 1689
1693 1695 1700
1580 1619 1663
1580 1663 1581
1617 1618 1661
1662 1618 1668
1659 1663 1657
1660 1668 1669
1953 1948 1949
1958 1953 1954
1954 1973 1958
2018 2019 2020
2018 2020 2021
1910 1926 2021
1910 2021 2022
1911 1910 2022
1911 2022 2023
1911 2023 1918
1888 1356 1341
1934 2021 1926
2018 2021 1934
1770 1769 1827
1747 1733 1775
1926 1909 1905
1355 1260 1390
1261 1260 1362
1375 1355 1376
1376 1390 1378
1354 1362 1260
1793 1789 1274
2024 2025 2026
2024 2026 2027
2028 2029 2025
2028 2025 2024
2030 2031 2032
2030 2032 2033
2033 2032 2029
2033 2029 2028
2034 2035 2036
2034 2036 2037
2038 2039 2035
2038 2035 2034
2040 2041 2042
2041 2040 2039
2041 2039 2038
2043 2044 2045
2046 2047 2048
2047 2046 2031
2047 2031 2030
2043 2049 2044
2050 2027 2026
2050 2026 2051
2052 2050 2051
2052 2051 2053
2054 2055 2056
2054 2056 2057
2055 2052 2053
2055 2053 2056
2058 2037 2036
2058 2036 2059
2060 2058 2059
2060 2059 2061
2062 2063 2064
2062 2064 2065
2063 2060 2061
2063 2061 2064
2066 2067 2068
2069 2070 2071
2070 2054 2057
2070 2057 2071
2067 2065 2072
2073 2074 2075
2075 2074 2076
2076 2074 2077
2077 2074 2078
2078 2074 2079
2079 2074 2080
2080 2074 2081
2081 2074 2073
2082 2073 2083
2083 2073 2075
2084 2075 2076
2084 2076 2085
2085 2076 2077
2086 2077 2078
2086 2078 2087
2087 2078 2079
2088 2079 2080
2088 2080 2089
2089 2080 2081
2082 2081 2073
2090 2044 2049
2042 2044 2090
2090 2040 2042
2068 2067 2072
2062 2065 2067
2091 2089 2081
2092 2079 2088
2092 2087 2079
2093 2077 2086
2091 2081 2082
2094 2083 2075
2094 2075 2084
2093 2085 2077
2095 2096 2097
2095 2097 2098
2099 2100 2096
2099 2096 2095
2101 2102 2103
2101 2103 2104
2104 2103 2100
2104 2100 2099
2105 2106 2107
2105 2107 2108
2109 2110 2106
2109 2106 2105
2111 2112 2113
2112 2111 2110
2112 2110 2109
2114 2115 2116
2117 2118 2119
2118 2117 2102
2118 2102 2101
2114 2120 2115
2121 2098 2097
2121 2097 2122
2123 2121 2122
2123 2122 2124
2125 2126 2127
2125 2127 2128
2126 2123 2124
2126 2124 2127
2129 2108 2107
2129 2107 2130
2131 2129 2130
2131 2130 2132
2133 2134 2135
2133 2135 2136
2134 2131 2132
2134 2132 2135
2137 2138 2139
2140 2141 2142
2141 2125 2128
2141 2128 2142
2138 2136 2143
2144 2145 2146
2146 2145 2147
2147 2145 2148
2148 2145 2149
2149 2145 2150
2150 2145 2151
2151 2145 2152
2152 2145 2144
2153 2144 2154
2154 2144 2146
2155 2146 2147
2155 2147 2156
2156 2147 2148
2157 2148 2149
2157 2149 2158
2158 2149 2150
2159 2150 2151
2159 2151 2160
2160 2151 2152
2153 2152 2144
2161 2115 2120
2113 2115 2161
2161 2111 2113
2139 2138 2143
2133 2136 2138
2162 2160 2152
2163 2150 2159
2163 2158 2150
2164 2148 2157
2162 2152 2153
2165 2154 2146
2165 2146 2155
2164 2156 2148
2166 2167 2168
2166 2168 2169
2170 2171 2167
2170 2167 2166
2172 2173 2174
2172 2174 2175
2175 2174 2171
2175 2171 2170
2176 2177 2178
2176 2178 2179
2180 2181 2177
2180 2177 2176
2182 2183 2184
2183 2182 2181
2183 2181 2180
2185 2186 2187
2188 2189 2190
2189 2188 2173
2189 2173 2172
2185 2191 2186
2192 2169 2168
2192 2168 2193
2194 2192 2193
2194 2193 2195
2196 2197 2198
2196 2198 2199
2197 2194 2195
2197 2195 2198
2200 2179 2178
2200 2178 2201
2202 2200 2201
2202 2201 2203
2204 2205 2206
2204 2206 2207
2205 2202 2203
2205 2203 2206
2208 2209 2210
2211 2212 2213
2212 2196 2199
2212 2199 2213
2209 2207 2214
2215 2216 2217
2217 2216 2218
2218 2216 2219
2219 2216 2220
2220 2216 2221
2221 2216 2222
2222 2216 2223
2223 2216 2215
2224 2215 2225
2225 2215 2217
2226 2217 2218
2226 2218 2227
2227 2218 2219
2228 2219 2220
2228 2220 2229
2229 2220 2221
2230 2221 2222
2230 2222 2231
2231 2222 2223
2224 2223 2215
2232 2186 2191
2184 2186 2232
2232 2182 2184
2210 2209 2214
2204 2207 2209
2233 2231 2223
2234 2221 2230
2234 2229 2221
2235 2219 2228
2233 2223 2224
2236 2225 2217
2236 2217 2226
2235 2227 2219
2237 2238 2239
2237 2239 2240
2241 2237 2240
2241 2240 2242
2243 2244 2245
2243 2245 2246
2244 2241 2242
2244 2242 2245
2247 2248 2249
2247 2249 2250
2251 2247 2250
2251 2250 2252
2253 2254 2255
2255 2251 2252
2255 2252 2253
2256 2257 2258
2259 2260 2261
2261 2243 2246
2261 2246 2259
2256 2258 2262
2263 2264 2239
2263 2239 2238
2265 2266 2264
2265 2264 2263
2267 2268 2269
2267 2269 2270
2270 2269 2266
2270 2266 2265
2271 2272 2249
2271 2249 2248
2273 2274 2272
2273 2272 2271
2275 2276 2277
2275 2277 2278
2278 2277 2274
2278 2274 2273
2279 2280 2281
2282 2283 2284
2284 2283 2268
2284 2268 2267
2281 2285 2276
2286 2287 2288
2287 2289 2288
2289 2290 2288
2290 2291 2288
2291 2292 2288
2292 2293 2288
2293 2294 2288
2294 2286 2288
2295 2296 2286
2296 2287 2286
2297 2289 2287
2297 2298 2289
2298 2290 2289
2299 2291 2290
2299 2300 2291
2300 2292 2291
2301 2293 2292
2301 2302 2293
2302 2294 2293
2295 2286 2294
2303 2262 2258
2254 2303 2258
2303 2254 2253
2280 2285 2281
2275 2281 2276
2304 2294 2302
2305 2301 2292
2305 2292 2300
2306 2299 2290
2304 2295 2294
2307 2287 2296
2307 2297 2287
2306 2290 2298
2308 2309 2310
2308 2310 2311
2312 2308 2311
2312 2311 2313
2314 2315 2316
2314 2316 2317
2315 2312 2313
2315 2313 2316
2318 2319 2320
2318 2320 2321
2322 2318 2321
2322 2321 2323
2324 2325 2326
2326 2322 2323
2326 2323 2324
2327 2328 2329
2330 2331 2332
2332 2314 2317
2332 2317 2330
2327 2329 2333
2334 2335 2310
2334 2310 2309
2336 2337 2335
2336 2335 2334
2338 2339 2340
2338 2340 2341
2341 2340 2337
2341 2337 2336
2342 2343 2320
2342 2320 2319
2344 2345 2343
2344 2343 2342
2346 2347 2348
2346 2348 2349
2349 2348 2345
2349 2345 2344
2350 2351 2352
2353 2354 2355
2355 2354 2339
2355 2339 2338
2352 2356 2347
2357 2358 2359
2358 2360 2359
2360 2361 2359
2361 2362 2359
2362 2363 2359
2363 2364 2359
2364 2365 2359
2365 2357 2359
2366 2367 2357
2367 2358 2357
2368 2360 2358
2368 2369 2360
2369 2361 2360
2370 2362 2361
2370 2371 2362
2371 2363 2362
2372 2364 2363
2372 2373 2364
2373 2365 2364
2366 2357 2365
2374 2333 2329
2325 2374 2329
2374 2325 2324
2351 2356 2352
2346 2352 2347
2375 2365 2373
2376 2372 2363
2376 2363 2371
2377 2370 2361
2375 2366 2365
2378 2358 2367
2378 2368 2358
2377 2361 2369
2379 2380 2381
2379 2381 2382
2383 2379 2382
2383 2382 2384
2385 2386 2387
2385 2387 2388
2386 2383 2384
2386 2384 2387
2389 2390 2391
2389 2391 2392
2393 2389 2392
2393 2392 2394
2395 2396 2397
2397 2393 2394
2397 2394 2395
2398 2399 2400
2401 2402 2403
2403 2385 2388
2403 2388 2401
2398 2400 2404
2405 2406 2381
2405 2381 2380
2407 2408 2406
2407 2406 2405
2409 2410 2411
2409 2411 2412
2412 2411 2408
2412 2408 2407
2413 2414 2391
2413 2391 2390
2415 2416 2414
2415 2414 2413
2417 2418 2419
2417 2419 2420
2420 2419 2416
2420 2416 2415
2421 2422 2423
2424 2425 2426
2426 2425 2410
2426 2410 2409
2423 2427 2418
2428 2429 2430
2429 2431 2430
2431 2432 2430
2432 2433 2430
2433 2434 2430
2434 2435 2430
2435 2436 2430
2436 2428 2430
2437 2438 2428
2438 2429 2428
2439 2431 2429
2439 2440 2431
2440 2432 2431
2441 2433 2432
2441 2442 2433
2442 2434 2433
2443 2435 2434
2443 2444 2435
2444 2436 2435
2437 2428 2436
2445 2404 2400
2396 2445 2400
2445 2396 2395
2422 2427 2423
2417 2423 2418
2446 2436 2444
2447 2443 2434
2447 2434 2442
2448 2441 2432
2446 2437 2436
2449 2429 2438
2449 2439 2429
2448 2432 2440
1273 2450 1975
1796 1819 1818
1311 1301 2451
1311 1298 1301
1298 1794 2450
1298 2450 1273
2452 1821 2453
1821 1820 1990
1821 1990 1869
1821 2454 2455
1872 2454 1821
1872 1821 1869
2451 1301 1795
1345 1348 1347
1845 1844 1349
1845 1349 1348
1844 1847 1287
1844 1287 1349
1847 1846 1780
1847 1780 1287
1846 2456 1779
1846 1779 1780
2456 1396 1779
2457 2458 2459
2457 2459 1788
2459 2458 2460
2459 2460 2461
2461 2460 2462
2461 2462 2463
2464 2465 2466
2464 2466 1979
1348 1345 2457
1348 2457 1845
1306 1348 1349
2460 1291 1290
2460 1290 2462
1843 1803 2466
1344 1291 2460
1344 2460 2458
1345 1344 2458
1345 2458 2457
1803 1802 2466
1281 1803 1336
1346 1803 1281
1345 1347 1342
1306 1285 1305
1287 1285 1349
1364 1342 1347
1843 2466 2465
2467 2468 2469
2467 2469 2470
2471 2472 2468
2471 2468 2467
2473 2474 2475
2473 2475 2476
2477 2478 2479
2477 2479 2480
2481 2482 2483
2481 2483 2484
2484 2483 2485
2484 2485 2478
2486 2470 2469
2486 2469 2487
2488 2489 2490
2488 2490 2491
2484 2492 2493
2484 2493 2481
2494 2495 2496
2494 2496 2497
2469 2498 2499
2469 2499 2487
2500 2501 2502
2503 2504 2505
2503 2505 2506
2491 2490 2507
2491 2507 2508
2509 2510 2511
2509 2511 2512
2513 2514 2515
2513 2515 2516
2517 2518 2519
2517 2519 2520
2521 2522 2523
2521 2523 2524
2525 2526 2527
2525 2527 2528
2529 2528 2527
2530 2531 2532
2530 2532 2533
2534 2535 2536
2534 2536 2537
2538 2526 2525
2539 2540 2541
2539 2541 2542
2543 2544 2522
2543 2522 2521
2537 2545 2546
2537 2546 2534
2547 2548 2546
2547 2546 2545
2535 2549 2550
2535 2550 2536
2551 2552 2539
2553 2554 2555
2553 2555 2556
2518 2517 2557
2518 2557 2558
2559 2560 2544
2559 2544 2543
2561 2562 2563
2561 2563 2564
2501 2491 2508
2501 2508 2565
2557 2507 2566
2557 2566 2514
2514 2513 2558
2514 2558 2557
2542 2541 2560
2542 2560 2559
2478 2477 2492
2478 2492 2484
2567 2568 2569
2567 2569 2570
2571 2568 2493
2571 2493 2492
2571 2572 2573
2571 2573 2574
2575 2573 2572
2575 2572 2576
2524 2523 2577
2524 2577 2578
2577 2579 2578
2504 2580 2581
2504 2581 2505
2498 2469 2468
2498 2468 2582
2583 2584 2585
2583 2585 2586
2545 2537 2525
2545 2525 2528
2538 2525 2537
2538 2537 2536
2550 2538 2536
2542 2513 2516
2542 2516 2539
2559 2558 2513
2559 2513 2542
2543 2518 2558
2543 2558 2559
2521 2519 2518
2521 2518 2543
2524 2587 2519
2524 2519 2521
2547 2588 2589
2547 2528 2590
2591 2474 2592
2591 2592 2593
2475 2474 2591
2475 2591 2594
2496 2475 2594
2496 2594 2562
2595 2596 2502
2582 2468 2472
2582 2472 2597
2598 2493 2568
2598 2568 2567
2574 2569 2568
2574 2568 2571
2572 2571 2492
2572 2492 2477
2591 2593 2576
2591 2576 2480
2592 2599 2600
2592 2600 2593
2474 2473 2601
2474 2601 2592
2602 2595 2603
2592 2601 2604
2592 2604 2599
2589 2605 2548
2589 2548 2547
2605 2583 2606
2607 2499 2498
2470 2486 2569
2470 2569 2574
2608 2609 2610
2608 2610 2611
2612 2610 2609
2612 2609 2613
2612 2613 2614
2612 2614 2615
2616 2494 2497
2616 2497 2617
2615 2614 2618
2615 2618 2564
2619 2617 2497
2619 2497 2561
2620 2621 2622
2620 2622 2623
2624 2625 2565
2624 2565 2626
2507 2557 2517
2507 2517 2508
2627 2580 2628
2627 2628 2629
2630 2515 2514
2630 2514 2566
2619 2618 2631
2619 2631 2632
2614 2613 2633
2614 2633 2634
2610 2482 2635
2610 2635 2611
2636 2637 2512
2554 2638 2630
2507 2490 2555
2507 2555 2566
2613 2609 2553
2613 2553 2633
2617 2632 2596
2616 2596 2639
2631 2634 2488
2631 2488 2500
2489 2488 2634
2489 2634 2633
2633 2553 2556
2633 2556 2489
2482 2610 2612
2482 2612 2483
2483 2612 2615
2483 2615 2485
2495 2476 2475
2495 2475 2496
2562 2594 2479
2562 2479 2563
2562 2561 2497
2562 2497 2496
2482 2481 2640
2482 2640 2635
2480 2479 2594
2480 2594 2591
2500 2488 2491
2500 2491 2501
2564 2563 2485
2564 2485 2615
2480 2576 2572
2480 2572 2477
2564 2618 2619
2564 2619 2561
2618 2614 2634
2618 2634 2631
2500 2502 2632
2500 2632 2631
2563 2479 2478
2563 2478 2485
2556 2555 2490
2556 2490 2489
2554 2553 2609
2554 2609 2608
2565 2625 2603
2565 2603 2501
2641 2642 2643
2641 2643 2644
2645 2646 2647
2645 2647 2648
2649 2650 2651
2649 2651 2652
2653 2654 2655
2653 2655 2656
2652 2655 2654
2652 2654 2649
2650 2641 2644
2650 2644 2651
2645 2648 2653
2645 2653 2656
2657 2658 2659
2657 2659 2660
2661 2662 2663
2661 2663 2664
2665 2666 2667
2665 2667 2668
2669 2670 2664
2669 2664 2671
2672 2673 2674
2672 2674 2675
2673 2676 2677
2673 2677 2674
2678 2676 2673
2678 2673 2679
2679 2673 2672
2679 2672 2680
2679 2681 2682
2679 2682 2678
2683 2684 2685
2683 2685 2686
2674 2677 2687
2674 2687 2684
2682 2681 2688
2682 2688 2689
2690 2691 2688
2690 2688 2681
2692 2693 2694
2692 2694 2695
2693 2696 2697
2693 2697 2694
2670 2698 2661
2670 2661 2664
2671 2699 2680
2671 2680 2672
2700 2701 2702
2700 2702 2703
2704 2660 2659
2704 2659 2705
2706 2707 2708
2706 2708 2709
2710 2711 2712
2710 2712 2713
2714 2715 2716
2714 2716 2717
2718 2719 2720
2718 2720 2721
2722 2723 2724
2722 2724 2725
2644 2643 2726
2644 2726 2727
2728 2729 2646
2728 2646 2645
2651 2730 2731
2651 2731 2652
2656 2655 2732
2656 2732 2733
2734 2710 2713
2734 2713 2735
2736 2737 2738
2736 2738 2739
2740 2741 2742
2740 2742 2743
2723 2722 2744
2723 2744 2745
2715 2714 2746
2715 2746 2747
2748 2749 2750
2748 2750 2751
2752 2753 2754
2752 2754 2755
2756 2757 2721
2756 2721 2720
2743 2758 2759
2743 2759 2740
2753 2752 2760
2753 2760 2761
2762 2748 2751
2762 2751 2763
2764 2765 2739
2764 2739 2738
2766 2707 2706
2766 2706 2767
2715 2720 2719
2715 2719 2716
2655 2652 2731
2655 2731 2732
2748 2752 2755
2748 2755 2749
2747 2756 2720
2747 2720 2715
2762 2760 2752
2762 2752 2748
2711 2727 2726
2711 2726 2712
2731 2730 2717
2731 2717 2716
2732 2719 2718
2732 2718 2733
2724 2729 2728
2724 2728 2725
2716 2719 2732
2716 2732 2731
2695 2701 2700
2695 2700 2692
2768 2769 2699
2768 2699 2663
2709 2770 2771
2709 2771 2772
2768 2773 2774
2768 2774 2769
2762 2763 2708
2762 2708 2707
2766 2767 2775
2766 2775 2776
2777 2703 2702
2777 2702 2778
2739 2765 2763
2739 2763 2751
2750 2736 2739
2750 2739 2751
2746 2714 2710
2746 2710 2734
2710 2714 2717
2710 2717 2711
2730 2727 2711
2730 2711 2717
2727 2730 2651
2727 2651 2644
2675 2669 2671
2675 2671 2672
2699 2671 2664
2699 2664 2663
2665 2683 2686
2665 2686 2666
2699 2769 2690
2699 2690 2680
2658 2691 2690
2658 2690 2769
2662 2661 2779
2662 2779 2772
2780 2779 2661
2780 2661 2698
2709 2708 2705
2709 2705 2770
2775 2668 2667
2775 2667 2776
2772 2779 2706
2772 2706 2709
2780 2767 2706
2780 2706 2779
2775 2767 2780
2775 2780 2781
2705 2659 2774
2705 2774 2770
2659 2658 2769
2659 2769 2774
2781 2780 2698
2781 2698 2782
2782 2783 2665
2782 2665 2668
2783 2670 2669
2783 2669 2665
2683 2665 2669
2683 2669 2675
2684 2683 2675
2684 2675 2674
2680 2690 2681
2680 2681 2679
2784 2685 2684
2784 2684 2687
2667 2666 2700
2667 2700 2703
2693 2692 2686
2693 2686 2685
2696 2693 2685
2696 2685 2784
2718 2721 2722
2718 2722 2725
2656 2733 2728
2656 2728 2645
2743 2742 2754
2743 2754 2753
2722 2721 2757
2722 2757 2744
2761 2758 2743
2761 2743 2753
2776 2777 2758
2776 2758 2761
2725 2728 2733
2725 2733 2718
2686 2692 2700
2686 2700 2666
2667 2703 2777
2667 2777 2776
2658 2657 2785
2658 2785 2691
2785 2786 2688
2785 2688 2691
2786 2787 2689
2786 2689 2688
2783 2782 2698
2783 2698 2670
2662 2773 2768
2662 2768 2663
2771 2773 2662
2771 2662 2772
2781 2782 2668
2781 2668 2775
2774 2773 2771
2774 2771 2770
2764 2704 2705
2764 2705 2765
2708 2763 2765
2708 2765 2705
2761 2760 2766
2761 2766 2776
2778 2759 2758
2778 2758 2777
2760 2762 2707
2760 2707 2766
2788 2789 2682
2788 2682 2689
2678 2682 2789
2678 2789 2790
2676 2678 2790
2676 2790 2791
2676 2791 2792
2676 2792 2677
2696 2793 2794
2696 2794 2697
2795 2606 2796
2795 2796 2793
2796 2797 2794
2796 2794 2793
2789 2788 2549
2789 2549 2535
2790 2789 2535
2790 2535 2534
2534 2546 2791
2534 2791 2790
2546 2548 2792
2546 2792 2791
2792 2548 2605
2792 2605 2798
2798 2687 2677
2798 2677 2792
2798 2605 2606
2798 2606 2795
2795 2784 2687
2795 2687 2798
2793 2696 2784
2793 2784 2795
2689 2787 2799
2689 2799 2788
2641 2800 2801
2641 2801 2642
2647 2802 2803
2647 2803 2648
2804 2805 2650
2804 2650 2649
2649 2654 2806
2649 2806 2804
2654 2653 2807
2654 2807 2806
2805 2800 2641
2805 2641 2650
2803 2807 2653
2803 2653 2648
2640 2481 2493
2640 2493 2598
2808 2638 2608
2626 2565 2508
2626 2508 2517
2626 2517 2520
2626 2520 2624
2809 2810 2811
2809 2811 2812
2813 2814 2815
2813 2815 2816
2817 2811 2810
2817 2810 2818
2642 2814 2813
2642 2813 2643
2818 2819 2820
2818 2820 2817
2816 2815 2809
2816 2809 2812
2821 2822 2823
2821 2823 2824
2660 2825 2826
2660 2826 2657
2821 2827 2828
2821 2828 2822
2829 2830 2831
2829 2831 2832
2833 2834 2835
2833 2835 2836
2786 2837 2838
2786 2838 2787
2837 2786 2785
2837 2785 2839
2840 2841 2842
2840 2842 2843
2840 2844 2845
2840 2845 2846
2847 2848 2849
2847 2849 2850
2846 2851 2841
2846 2841 2840
2852 2853 2854
2852 2854 2855
2856 2854 2853
2856 2853 2857
2660 2704 2858
2660 2858 2825
2825 2858 2859
2825 2859 2832
2860 2861 2827
2860 2827 2821
2862 2863 2713
2862 2713 2712
2864 2865 2863
2864 2863 2862
2866 2867 2868
2866 2868 2869
2870 2868 2867
2870 2867 2871
2871 2872 2873
2871 2873 2870
2874 2875 2812
2874 2812 2811
2816 2876 2877
2816 2877 2813
2878 2874 2811
2878 2811 2817
2726 2643 2813
2726 2813 2877
2820 2879 2878
2820 2878 2817
2880 2881 2882
2880 2882 2883
2884 2869 2868
2884 2868 2885
2863 2865 2886
2863 2886 2887
2888 2889 2890
2888 2890 2891
2881 2880 2892
2881 2892 2893
2894 2885 2868
2894 2868 2870
2863 2887 2735
2863 2735 2713
2889 2738 2737
2889 2737 2890
2895 2896 2893
2895 2893 2892
2897 2894 2870
2897 2870 2873
2898 2899 2893
2898 2893 2896
2893 2899 2900
2893 2900 2881
2901 2882 2881
2901 2881 2900
2902 2889 2888
2902 2888 2903
2902 2764 2738
2902 2738 2889
2904 2824 2833
2904 2833 2905
2877 2862 2712
2877 2712 2726
2862 2877 2876
2862 2876 2864
2867 2866 2875
2867 2875 2874
2874 2878 2871
2874 2871 2867
2878 2879 2872
2878 2872 2871
2822 2841 2851
2822 2851 2823
2836 2835 2830
2836 2830 2829
2906 2850 2853
2906 2853 2852
2850 2849 2857
2850 2857 2853
2869 2884 2886
2869 2886 2865
2865 2864 2866
2865 2866 2869
2864 2876 2875
2864 2875 2866
2812 2875 2876
2812 2876 2816
2888 2891 2883
2888 2883 2882
2882 2901 2903
2882 2903 2888
2847 2850 2906
2847 2906 2907
2907 2838 2837
2907 2837 2847
2847 2837 2839
2847 2839 2848
2826 2831 2848
2826 2848 2839
2826 2825 2832
2826 2832 2831
2843 2908 2844
2843 2844 2840
2657 2826 2839
2657 2839 2785
2828 2842 2841
2828 2841 2822
2848 2831 2830
2848 2830 2849
2834 2856 2857
2834 2857 2835
2849 2830 2835
2849 2835 2857
2846 2845 2855
2846 2855 2854
2854 2856 2851
2854 2851 2846
2851 2856 2834
2851 2834 2823
2833 2824 2823
2833 2823 2834
2902 2858 2704
2902 2704 2764
2909 2829 2832
2909 2832 2859
2836 2910 2905
2836 2905 2833
2861 2860 2899
2861 2899 2898
2829 2909 2910
2829 2910 2836
2911 2838 2907
2911 2907 2912
2913 2852 2855
2913 2855 2914
2914 2855 2845
2914 2845 2915
2852 2913 2916
2852 2916 2906
2906 2916 2912
2906 2912 2907
2915 2845 2844
2915 2844 2917
2908 2918 2917
2908 2917 2844
2577 2917 2918
2577 2918 2919
2917 2577 2523
2917 2523 2915
2523 2522 2914
2523 2914 2915
2544 2913 2914
2544 2914 2522
2560 2916 2913
2560 2913 2544
2916 2560 2541
2916 2541 2912
2540 2911 2912
2540 2912 2541
2903 2901 2909
2910 2901 2900
2910 2900 2905
2900 2904 2905
2899 2860 2904
2903 2859 2902
2810 2809 2920
2810 2920 2921
2642 2801 2922
2642 2922 2814
2923 2924 2819
2923 2819 2818
2921 2923 2818
2921 2818 2810
2815 2925 2920
2815 2920 2809
2925 2815 2814
2925 2814 2922
2734 2735 2737
2734 2737 2736
2741 2745 2744
2741 2744 2742
2747 2746 2750
2747 2750 2749
2755 2754 2757
2755 2757 2756
2749 2755 2756
2749 2756 2747
2736 2750 2746
2736 2746 2734
2754 2742 2744
2754 2744 2757
2883 2884 2885
2883 2885 2880
2887 2886 2891
2887 2891 2890
2880 2885 2894
2880 2894 2892
2735 2887 2890
2735 2890 2737
2892 2894 2897
2892 2897 2895
2884 2883 2891
2884 2891 2886
2926 2927 2805
2926 2805 2804
2928 2926 2804
2928 2804 2806
2806 2807 2929
2806 2929 2928
2930 2931 2925
2930 2925 2922
2927 2932 2800
2927 2800 2805
2933 2932 2934
2933 2934 2935
2935 2936 2933
2926 2937 2938
2926 2938 2927
2939 2936 2940
2939 2940 2941
2942 2943 2944
2942 2944 2945
2943 2946 2944
2947 2946 2948
2947 2948 2949
2950 2951 2952
2950 2952 2953
2954 2937 2926
2954 2926 2928
2955 2954 2928
2955 2928 2929
2956 2957 2958
2956 2958 2959
2960 2961 2962
2960 2962 2963
2964 2965 2966
2964 2966 2967
2968 2969 2970
2968 2970 2971
2969 2972 2973
2969 2973 2970
2971 2974 2975
2971 2975 2968
2935 2934 2976
2935 2976 2977
2978 2974 2953
2978 2953 2952
2979 2980 2981
2979 2981 2982
2983 2984 2985
2983 2985 2986
2960 2986 2987
2960 2987 2967
2978 2988 2989
2978 2989 2974
2990 2991 2992
2990 2992 2993
2994 2995 2996
2994 2996 2991
2980 2997 2998
2980 2998 2981
2997 2999 3000
2997 3000 2998
3001 3002 3003
3001 3003 3004
2948 2966 2965
2948 2965 2949
2940 2935 2977
2940 2977 2959
2937 2973 3005
2937 3005 2938
2970 2973 2937
2970 2937 2954
2971 2970 2954
2971 2954 2955
3006 2961 2966
3006 2966 2948
3007 2962 2961
3007 2961 3006
2959 2958 2941
2959 2941 2940
2934 2938 3005
2934 3005 2976
2977 2976 3008
2977 3008 3009
3010 3008 2976
3010 2976 3005
2932 2927 2938
2932 2938 2934
2942 2939 2941
2942 2941 3007
2958 2962 3007
2958 3007 2941
2957 2963 2962
2957 2962 2958
2963 2957 2979
2963 2979 2983
3011 3005 2973
3011 2973 2972
3012 3013 2995
3012 2995 2994
2974 2971 2955
2974 2955 2953
3014 2999 3008
3014 3008 3010
2945 2944 2921
2945 2921 2920
2933 2930 2922
2933 2922 2801
2800 2932 2933
2800 2933 2801
2802 2951 2950
2802 2950 2803
2950 2929 2807
2950 2807 2803
2946 2947 2924
2946 2924 2923
2944 2946 2923
2944 2923 2921
2931 2945 2920
2931 2920 2925
2929 2950 2953
2929 2953 2955
3005 3011 3010
3009 2956 2959
3009 2959 2977
2960 2967 2966
2960 2966 2961
3015 3016 3017
3015 3017 2989
2967 2987 3018
2967 3018 2964
3019 3015 2989
3019 2989 2988
2989 2975 2974
3020 2512 2637
3020 3021 2509
3020 2509 2512
3022 3023 3024
3022 3024 3025
3026 3027 3028
3026 3028 3029
3030 3031 3032
3030 3032 3033
3034 3030 3033
2539 3035 2551
2911 2540 3036
2911 3036 2799
2788 2799 3037
2788 3037 2549
2598 2567 3038
2640 2598 3039
2635 2640 3040
2635 3041 3042
2808 2611 3042
3043 2587 3044
3045 3043 3046
3045 2622 2621
3045 2621 3047
2602 2603 2625
2602 2625 2620
2595 3048 2639
2595 2639 2596
2487 3049 2486
3050 3049 3051
3052 3049 3050
3038 2570 3052
3053 3054 2602
3053 2602 2620
3055 2581 2580
3055 2580 2627
2504 2503 3056
2504 3056 3057
2580 2504 3057
2580 3057 2628
2550 2549 3058
2550 3058 3059
2625 2624 2621
2625 2621 2620
3047 2621 2624
3047 2624 2520
2587 3047 2520
2587 2520 2519
2602 3060 2595
2554 2630 2566
2554 2566 2555
3061 2990 3062
3061 3062 3063
3064 3014 3010
3064 3010 3065
3012 3066 3067
3012 3067 3013
3068 3069 3070
3068 3070 3071
3063 3068 3071
3063 3071 3061
3055 2627 2599
3055 2599 2604
2629 2600 2599
2629 2599 2627
2486 3049 2570
2486 2570 2569
2574 2573 2467
2574 2467 2470
2573 2575 2471
2573 2471 2467
2575 2576 2593
2575 2593 2600
2629 2628 2472
2629 2472 2471
2628 3057 2597
2628 2597 2472
2600 2629 2471
2600 2471 2575
2787 2838 2911
2787 2911 2799
2636 2512 2511
2957 2956 2980
2957 2980 2979
2986 2960 2963
2986 2963 2983
2986 2985 3072
2986 3072 2987
2956 3009 2997
2956 2997 2980
3009 3008 2999
3009 2999 2997
3002 3067 3066
3002 3066 3003
2979 2982 2984
2979 2984 2983
3073 3000 2999
3073 2999 3014
3074 3075 3016
3074 3016 3015
2987 3072 3076
2987 3076 3018
3077 3074 3015
3077 3015 3019
3064 3078 3073
3064 3073 3014
3070 3069 3079
3070 3079 3080
3063 3062 2968
3063 2968 2975
3062 2996 2969
3062 2969 2968
2972 2969 2996
2972 2996 2995
3064 3065 3067
3064 3067 3002
3013 3011 2972
3013 2972 2995
3013 3067 3065
3013 3065 3011
3016 3069 3068
3016 3068 3017
2975 3017 3068
2975 3068 3063
3078 3064 3002
3078 3002 3001
3075 3079 3069
3075 3069 3016
2586 2606 2583
2530 2796 2586
2579 3081 3044
2579 3044 2578
3023 3022 3029
3023 3029 3028
3082 3083 3025
3082 3025 3024
2637 3084 3085
2636 3086 2637
3087 3088 2636
3087 2636 2511
2510 3089 3087
2510 3087 2511
2527 2526 2510
2527 2510 2509
3021 2529 2527
3021 2527 2509
3083 3082 3090
3083 3090 3091
2526 3092 3089
2526 3089 2510
2538 3093 2526
3094 3095 2538
2636 3096 3086
3091 3090 3085
3088 3096 2636
3086 3084 2637
3097 3098 3096
3097 3096 3088
3099 3100 3084
3099 3084 3086
3098 3099 3086
3098 3086 3096
3100 3085 3084
3095 3101 3102
3095 3102 3093
3103 3087 3089
3103 3089 3104
3104 3089 3092
3104 3092 3105
3088 3087 3103
3088 3103 3097
3106 3038 3052
3106 3052 3107
3108 3040 3039
3108 3039 3109
3110 3041 3040
3110 3040 3108
3110 3111 3042
3110 3042 3041
3112 3113 2638
3112 2638 2808
3111 3112 2808
3111 2808 3042
3038 3106 3109
3038 3109 3039
3114 3107 3052
3114 3052 3050
3056 2597 3057
3115 2597 3056
2607 2498 2582
2607 2582 3115
3116 2487 2499
3114 3050 3051
3114 3051 3117
2487 3116 3049
3118 3119 3120
3120 3119 3060
2623 3053 2620
3121 3122 3123
3121 3123 3124
3125 3126 3127
3128 3129 3130
3128 3130 3126
3122 3131 3132
3122 3132 3123
3133 3121 3124
3133 3124 3134
3135 3136 3137
3135 3137 3138
3133 3139 3140
3133 3140 3121
3141 3142 3143
3141 3143 3144
3145 3136 3146
3147 3138 3131
3147 3131 3122
3122 3121 3140
3122 3140 3147
3148 3149 3150
3148 3150 3151
3152 3141 3144
3152 3144 3149
3147 3152 3135
3147 3135 3138
3147 3140 3141
3147 3141 3152
3140 3139 3142
3140 3142 3141
3137 3153 3138
3139 3129 3154
3139 3154 3142
3128 3125 3155
3128 3155 3156
3157 3158 3159
3157 3159 3160
3131 3153 3161
3131 3161 3132
3126 3130 3162
3126 3162 3163
3129 3139 3133
3129 3133 3130
3129 3128 3156
3129 3156 3154
3130 3133 3134
3130 3134 3162
3164 3165 3166
3164 3166 3167
3135 3152 3149
3135 3149 3148
3168 3160 3159
3169 3170 3171
3172 3173 3144
3172 3144 3143
3151 3174 3146
3151 3146 3148
3174 3175 3145
3174 3145 3146
3176 3145 3175
3154 3156 3177
3154 3177 3170
3170 3143 3142
3170 3142 3154
3169 3172 3143
3169 3143 3170
3160 3155 3178
3160 3178 3157
3177 3156 3155
3177 3155 3160
3173 3150 3149
3173 3149 3144
3148 3146 3136
3148 3136 3135
3125 3128 3126
3125 3127 3164
3125 3164 3167
3155 3125 3167
3155 3167 3178
3166 3179 3178
3166 3178 3167
3180 3181 3176
3182 3183 3184
3182 3184 3185
3180 3186 3184
3180 3184 3183
3175 3187 3186
3175 3186 3180
3175 3174 3188
3175 3188 3187
3151 3189 3188
3151 3188 3174
3150 3190 3189
3150 3189 3151
3150 3173 3191
3150 3191 3190
3173 3172 3192
3173 3192 3191
3172 3169 3193
3172 3193 3192
3171 3194 3193
3171 3193 3169
3168 3195 3194
3168 3194 3171
3158 3196 3197
3158 3197 3159
3198 3182 3185
3198 3185 3199
3200 3182 3198
3201 3181 3200
3195 3168 3159
3195 3159 3197
3168 3177 3160
3168 3171 3177
3170 3177 3171
2586 2585 2531
2586 2531 2530
3034 2516 2515
3034 3202 2516
3094 3203 3101
3094 3101 3095
3183 3182 3200
3204 3205 2623
3204 2623 2622
3204 2622 3045
3204 3045 3206
3043 3207 3046
3046 3206 3045
3047 2587 3043
3045 3047 3043
2530 2797 2796
2530 2533 2797
2586 2796 2606
2577 2919 2579
3179 3157 3178
3208 3157 3179
3196 3158 3208
3196 3208 3209
3053 2623 3205
3053 3205 3210
3126 3163 3127
3119 3118 3211
3119 3211 3212
3054 3213 3211
3054 3211 3118
3054 3214 3213
3054 3118 3120
3053 3210 3214
3054 3053 3214
3054 3120 2602
2602 3120 3060
3060 3048 2595
3215 3216 3217
3038 2567 2570
3052 2570 3049
3105 3092 3093
3105 3093 3102
2538 3095 3093
3093 3092 2526
2638 2554 2608
2638 3031 2630
2515 2630 3031
2515 3031 3030
3031 2638 3113
3031 3113 3032
3208 3158 3157
3049 3116 3051
3218 3219 3220
3218 3221 3222
3218 3223 3224
3218 3225 3223
3218 3226 3219
3218 3227 3226
3218 3222 3228
3218 3228 3229
3218 3230 3231
3218 3232 3233
3218 3224 3221
3218 3234 3227
3218 3235 3234
3218 3229 3232
3218 3236 3237
3218 3238 3239
3218 3240 3225
3218 3241 3240
3218 3220 3236
3218 3242 3230
3218 3243 3241
3218 3231 3235
3218 3237 3238
3218 3233 3242
3218 3239 3243
2931 2930 2936
2931 2936 2939
2942 3007 3006
2942 3006 2943
2945 2931 2939
2945 2939 2942
2943 3006 2948
2943 2948 2946
2936 2930 2933
2935 2940 2936
2904 2860 2821
2904 2821 2824
2858 2902 2859
2903 2909 2859
2900 2899 2904
2901 2910 2909
3180 3176 3175
3183 3181 3180
3181 3183 3200
3244 3245 3246
3244 3247 3245
3137 3247 3153
3137 3248 3247
3136 3249 3248
3136 3248 3137
3136 3145 3249
3115 2582 2597
3161 3153 3247
3244 3161 3247
3011 3065 3010
2989 3017 2975
3153 3131 3138
2596 2632 2502
2501 2603 2502
2616 2617 2596
2617 2619 2632
2595 2502 2603
3034 2515 3030
3250 3251 3252
3250 3252 3253
3254 3250 3253
3254 3253 3255
3256 3257 3258
3256 3258 3259
3257 3254 3255
3257 3255 3258
3260 3261 3262
3260 3262 3263
3264 3260 3263
3264 3263 3265
3266 3267 3268
3268 3264 3265
3268 3265 3266
3269 3270 3271
3272 3273 3274
3274 3256 3259
3274 3259 3272
3269 3271 3275
3276 3277 3252
3276 3252 3251
3278 3279 3277
3278 3277 3276
3280 3281 3282
3280 3282 3283
3283 3282 3279
3283 3279 3278
3284 3285 3262
3284 3262 3261
3286 3287 3285
3286 3285 3284
3288 3289 3290
3288 3290 3291
3291 3290 3287
3291 3287 3286
3292 3293 3294
3295 3296 3297
3297 3296 3281
3297 3281 3280
3294 3298 3289
3299 3300 3301
3300 3302 3301
3302 3303 3301
3303 3304 3301
3304 3305 3301
3305 3306 3301
3306 3307 3301
3307 3299 3301
3308 3309 3299
3309 3300 3299
3310 3302 3300
3310 3311 3302
3311 3303 3302
3312 3304 3303
3312 3313 3304
3313 3305 3304
3314 3306 3305
3314 3315 3306
3315 3307 3306
3308 3299 3307
3316 3275 3271
3267 3316 3271
3316 3267 3266
3293 3298 3294
3288 3294 3289
3317 3307 3315
3318 3314 3305
3318 3305 3313
3319 3312 3303
3317 3308 3307
3320 3300 3309
3320 3310 3300
3319 3303 3311
3321 3322 3323
3321 3323 3324
3325 3321 3324
3325 3324 3326
3327 3328 3329
3327 3329 3330
3328 3325 3326
3328 3326 3329
3331 3332 3333
3331 3333 3334
3335 3331 3334
3335 3334 3336
3337 3338 3339
3339 3335 3336
3339 3336 3337
3340 3341 3342
3343 3344 3345
3345 3327 3330
3345 3330 3343
3340 3342 3346
3347 3348 3323
3347 3323 3322
3349 3350 3348
3349 3348 3347
3351 3352 3353
3351 3353 3354
3354 3353 3350
3354 3350 3349
3355 3356 3333
3355 3333 3332
3357 3358 3356
3357 3356 3355
3359 3360 3361
3359 3361 3362
3362 3361 3358
3362 3358 3357
3363 3364 3365
3366 3367 3368
3368 3367 3352
3368 3352 3351
3365 3369 3360
3370 3371 3372
3371 3373 3372
3373 3374 3372
3374 3375 3372
3375 3376 3372
3376 3377 3372
3377 3378 3372
3378 3370 3372
3379 3380 3370
3380 3371 3370
3381 3373 3371
3381 3382 3373
3382 3374 3373
3383 3375 3374
3383 3384 3375
3384 3376 3375
3385 3377 3376
3385 3386 3377
3386 3378 3377
3379 3370 3378
3387 3346 3342
3338 3387 3342
3387 3338 3337
3364 3369 3365
3359 3365 3360
3388 3378 3386
3389 3385 3376
3389 3376 3384
3390 3383 3374
3388 3379 3378
3391 3371 3380
3391 3381 3371
3390 3374 3382
3392 3393 3394
3392 3394 3395
3396 3392 3395
3396 3395 3397
3398 3399 3400
3398 3400 3401
3399 3396 3397
3399 3397 3400
3402 3403 3404
3402 3404 3405
3406 3402 3405
3406 3405 3407
3408 3409 3410
3410 3406 3407
3410 3407 3408
3411 3412 3413
3414 3415 3416
3416 3398 3401
3416 3401 3414
3411 3413 3417
3418 3419 3394
3418 3394 3393
3420 3421 3419
3420 3419 3418
3422 3423 3424
3422 3424 3425
3425 3424 3421
3425 3421 3420
3426 3427 3404
3426 3404 3403
3428 3429 3427
3428 3427 3426
3430 3431 3432
3430 3432 3433
3433 3432 3429
3433 3429 3428
3434 3435 3436
3437 3438 3439
3439 3438 3423
3439 3423 3422
3436 3440 3431
3441 3442 3443
3442 3444 3443
3444 3445 3443
3445 3446 3443
3446 3447 3443
3447 3448 3443
3448 3449 3443
3449 3441 3443
3450 3451 3441
3451 3442 3441
3452 3444 3442
3452 3453 3444
3453 3445 3444
3454 3446 3445
3454 3455 3446
3455 3447 3446
3456 3448 3447
3456 3457 3448
3457 3449 3448
3450 3441 3449
3458 3417 3413
3409 3458 3413
3458 3409 3408
3435 3440 3436
3430 3436 3431
3459 3449 3457
3460 3456 3447
3460 3447 3455
3461 3454 3445
3459 3450 3449
3462 3442 3451
3462 3452 3442
3461 3445 3453
3463 3464 3465
3463 3465 3466
3467 3468 3464
3467 3464 3463
3469 3470 3471
3469 3471 3472
3472 3471 3468
3472 3468 3467
3473 3474 3475
3473 3475 3476
3477 3478 3474
3477 3474 3473
3479 3480 3481
3480 3479 3478
3480 3478 3477
3482 3483 3484
3485 3486 3487
3486 3485 3470
3486 3470 3469
3482 3488 3483
3489 3466 3465
3489 3465 3490
3491 3489 3490
3491 3490 3492
3493 3494 3495
3493 3495 3496
3494 3491 3492
3494 3492 3495
3497 3476 3475
3497 3475 3498
3499 3497 3498
3499 3498 3500
3501 3502 3503
3501 3503 3504
3502 3499 3500
3502 3500 3503
3505 3506 3507
3508 3509 3510
3509 3493 3496
3509 3496 3510
3506 3504 3511
3512 3513 3514
3514 3513 3515
3515 3513 3516
3516 3513 3517
3517 3513 3518
3518 3513 3519
3519 3513 3520
3520 3513 3512
3521 3512 3522
3522 3512 3514
3523 3514 3515
3523 3515 3524
3524 3515 3516
3525 3516 3517
3525 3517 3526
3526 3517 3518
3527 3518 3519
3527 3519 3528
3528 3519 3520
3521 3520 3512
3529 3483 3488
3481 3483 3529
3529 3479 3481
3507 3506 3511
3501 3504 3506
3530 3528 3520
3531 3518 3527
3531 3526 3518
3532 3516 3525
3530 3520 3521
3533 3522 3514
3533 3514 3523
3532 3524 3516
3534 3535 3536
3534 3536 3537
3538 3539 3535
3538 3535 3534
3540 3541 3542
3540 3542 3543
3543 3542 3539
3543 3539 3538
3544 3545 3546
3544 3546 3547
3548 3549 3545
3548 3545 3544
3550 3551 3552
3551 3550 3549
3551 3549 3548
3553 3554 3555
3556 3557 3558
3557 3556 3541
3557 3541 3540
3553 3559 3554
3560 3537 3536
3560 3536 3561
3562 3560 3561
3562 3561 3563
3564 3565 3566
3564 3566 3567
3565 3562 3563
3565 3563 3566
3568 3547 3546
3568 3546 3569
3570 3568 3569
3570 3569 3571
3572 3573 3574
3572 3574 3575
3573 3570 3571
3573 3571 3574
3576 3577 3578
3579 3580 3581
3580 3564 3567
3580 3567 3581
3577 3575 3582
3583 3584 3585
3585 3584 3586
3586 3584 3587
3587 3584 3588
3588 3584 3589
3589 3584 3590
3590 3584 3591
3591 3584 3583
3592 3583 3593
3593 3583 3585
3594 3585 3586
3594 3586 3595
3595 3586 3587
3596 3587 3588
3596 3588 3597
3597 3588 3589
3598 3589 3590
3598 3590 3599
3599 3590 3591
3592 3591 3583
3600 3554 3559
3552 3554 3600
3600 3550 3552
3578 3577 3582
3572 3575 3577
3601 3599 3591
3602 3589 3598
3602 3597 3589
3603 3587 3596
3601 3591 3592
3604 3593 3585
3604 3585 3594
3603 3595 3587
3605 3606 3607
3605 3607 3608
3609 3610 3606
3609 3606 3605
3611 3612 3613
3611 3613 3614
3614 3613 3610
3614 3610 3609
3615 3616 3617
3615 3617 3618
3619 3620 3616
3619 3616 3615
3621 3622 3623
3622 3621 3620
3622 3620 3619
3624 3625 3626
3627 3628 3629
3628 3627 3612
3628 3612 3611
3624 3630 3625
3631 3608 3607
3631 3607 3632
3633 3631 3632
3633 3632 3634
3635 3636 3637
3635 3637 3638
3636 3633 3634
3636 3634 3637
3639 3618 3617
3639 3617 3640
3641 3639 3640
3641 3640 3642
3643 3644 3645
3643 3645 3646
3644 3641 3642
3644 3642 3645
3647 3648 3649
3650 3651 3652
3651 3635 3638
3651 3638 3652
3648 3646 3653
3654 3655 3656
3656 3655 3657
3657 3655 3658
3658 3655 3659
3659 3655 3660
3660 3655 3661
3661 3655 3662
3662 3655 3654
3663 3654 3664
3664 3654 3656
3665 3656 3657
3665 3657 3666
3666 3657 3658
3667 3658 3659
3667 3659 3668
3668 3659 3660
3669 3660 3661
3669 3661 3670
3670 3661 3662
3663 3662 3654
3671 3625 3630
3623 3625 3671
3671 3621 3623
3649 3648 3653
3643 3646 3648
3672 3670 3662
3673 3660 3669
3673 3668 3660
3674 3658 3667
3672 3662 3663
3675 3664 3656
3675 3656 3665
3674 3666 3658
2516 3202 3676
2549 3037 3677
2552 3678 2540
2552 2540 2539
2539 2516 3676
2539 3676 3035
2550 3679 3680
3679 3681 3682
3682 3683 3680
3682 3680 3679
2550 3681 3679
2549 3677 3058
3059 3681 2550
3094 2538 2550
3094 2550 3684
3684 3680 3683
3684 3683 3685
3684 3685 3203
3684 3203 3094
2550 3680 3684
3678 3036 2540
2584 2589 2588
3028 2588 2590
3028 2590 3023
3023 2590 2529
3023 2529 3024
3024 2529 3021
3024 3021 3082
3082 3021 3020
3082 3020 3090
3090 3020 2637
3090 2637 3085
3027 3026 3686
3027 3686 3687
3688 3687 3686
3688 3686 3689
3690 3688 3689
3690 3689 3691
3692 3693 3694
3692 3694 3207
3207 3694 3046
2588 3028 3027
2588 3027 2584
2547 2590 2588
2532 2531 3688
2532 3688 3690
3081 3207 3044
2585 3687 3688
2585 3688 2531
2584 3027 3687
2584 3687 2585
3044 3207 3043
2524 2578 3044
2587 2524 3044
2584 2583 2589
2547 2545 2528
2529 2590 2528
2605 2589 2583
3081 3692 3207
2456 1856 1860
2456 1860 1849
1867 1860 1859
2456 1849 1396
1784 1783 1847
1784 1847 1844
1788 1787 1845
1788 1845 2457
1784 1787 1786
1784 1786 1781
1848 1783 1782
1848 1782 1854
1788 2459 3695
1788 3695 1785
3695 2459 2461
3695 2461 3696
3696 2461 2463
3696 2463 3697
3698 2464 1979
3698 1979 3699
1848 1856 2456
1848 2456 1846
1979 1805 3699
1802 1979 2466
1804 1806 1802
1979 1806 1805
1857 1853 1875
1857 1875 1878
1853 1852 1876
1853 1876 1875
1857 1991 1297
1991 1296 1297
1991 1990 1296
1296 1990 1820
1296 1820 1308
2453 1821 2455
1308 1820 1819
1308 1819 1309
1819 1796 1309
1547 1796 1558
1558 1796 3700
1876 1852 1851
1876 1851 1862
1862 1851 1858
1862 1858 1863
1863 1858 1850
1863 1850 1866
1857 1878 1870
1857 1870 1991
1860 1867 1850
1860 1850 1849
1867 1866 1850
3701 1818 1821
3701 1821 2452
3700 1818 3701
1796 1818 3700
1284 1286 1297
3702 3703 3704
3705 3706 3707
3708 3709 3710
3708 3710 3704
3711 3712 3713
3711 3713 3714
3715 3716 3717
3715 3717 3718
3719 3712 3720
3719 3720 3721
3722 3723 3715
3722 3715 3721
3724 3725 3726
3724 3726 3727
3728 3729 3730
3728 3730 3731
3732 3733 3734
3732 3734 3730
3735 3736 3737
3735 3737 3738
3739 3740 3741
3742 3743 3744
3742 3744 3745
3746 3747 3732
3748 3749 3702
3748 3702 3750
3751 3752 3753
3754 3755 3703
3754 3703 3702
3756 3757 3758
3756 3758 3759
3760 3761 3759
3737 3762 3763
3737 3763 3764
3765 3766 3767
3765 3767 3768
3769 3741 3770
3771 3772 3743
3771 3743 3742
3773 3754 3749
3774 3775 3776
3774 3776 3777
3778 3779 3775
3778 3775 3774
3768 3767 3780
3768 3780 3781
3722 3782 3783
3784 3785 3786
3784 3786 3787
3788 3789 3790
3712 3711 3791
3712 3791 3720
3738 3792 3793
3738 3793 3794
3795 3793 3796
3795 3796 3797
3798 3799 3797
3798 3797 3796
3800 3719 3801
3712 3719 3802
3712 3802 3713
3803 3735 3738
3803 3738 3794
3724 3804 3805
3724 3805 3806
3710 3750 3704
3704 3750 3702
3807 3808 3809
3807 3809 3810
3811 3713 3731
3789 3786 3785
3789 3785 3812
3813 3796 3793
3813 3793 3792
3798 3814 3815
3798 3815 3816
3817 3802 3818
3789 3819 3786
3715 3723 3820
3715 3820 3716
3782 3722 3720
3721 3715 3801
3721 3801 3719
3708 3784 3787
3821 3797 3799
3821 3799 3716
3784 3703 3755
3784 3755 3791
3822 3823 3810
3822 3810 3824
3776 3775 3781
3776 3781 3780
3825 3799 3816
3783 3782 3773
3826 3722 3783
3821 3716 3820
3795 3797 3821
3768 3827 3828
3768 3828 3765
3781 3827 3768
3757 3756 3829
3757 3829 3736
3828 3762 3829
3828 3829 3744
3743 3772 3766
3743 3766 3765
3806 3805 3735
3806 3735 3803
3744 3829 3756
3744 3756 3745
3830 3831 3832
3827 3763 3762
3827 3762 3828
3827 3781 3779
3827 3779 3763
3744 3743 3765
3744 3765 3828
3833 3834 3835
3736 3829 3762
3736 3762 3737
3757 3805 3804
3757 3804 3758
3737 3764 3792
3737 3792 3738
3778 3813 3792
3778 3792 3764
3736 3735 3805
3736 3805 3757
3794 3836 3837
3794 3837 3803
3806 3725 3724
3803 3837 3838
3803 3838 3806
3793 3795 3839
3777 3815 3814
3777 3814 3774
3839 3794 3793
3826 3723 3722
3703 3708 3704
3755 3782 3720
3840 3841 3842
3840 3842 3843
3844 3845 3846
3806 3838 3725
3727 3804 3724
3847 3804 3727
3848 3759 3758
3848 3758 3847
3760 3759 3848
3849 3850 3761
3849 3761 3760
3771 3850 3849
3850 3742 3745
3850 3745 3761
3761 3745 3756
3761 3756 3759
3825 3717 3799
3729 3851 3732
3729 3732 3730
3800 3802 3719
3718 3801 3715
3728 3713 3802
3819 3808 3786
3819 3852 3706
3819 3706 3853
3847 3758 3804
3714 3812 3785
3714 3785 3711
3734 3854 3790
3734 3790 3811
3733 3855 3854
3733 3854 3734
3791 3711 3785
3791 3785 3784
3811 3790 3812
3811 3812 3714
3754 3782 3755
3755 3720 3791
3773 3782 3754
3754 3702 3749
3708 3703 3784
3709 3823 3856
3709 3856 3710
3787 3808 3807
3709 3708 3787
3709 3787 3807
3710 3752 3750
3819 3789 3852
3857 3858 3809
3857 3809 3853
3852 3788 3859
3852 3789 3788
3800 3818 3802
3860 3746 3851
3764 3763 3779
3764 3779 3778
3774 3814 3813
3774 3813 3778
3814 3798 3796
3814 3796 3813
3781 3775 3779
3798 3816 3799
3839 3836 3794
3747 3861 3831
3830 3862 3831
3746 3861 3747
3747 3733 3732
3845 3863 3846
3722 3721 3720
3789 3812 3790
3811 3714 3713
3861 3832 3831
3771 3742 3850
3864 3707 3859
3740 3862 3741
3865 3854 3855
3865 3855 3862
3740 3864 3862
3859 3788 3865
3859 3865 3864
3788 3790 3854
3788 3854 3865
3747 3831 3855
3747 3855 3733
3864 3865 3862
3864 3739 3707
3862 3855 3831
3862 3830 3741
3739 3864 3740
3734 3811 3731
3734 3731 3730
3716 3799 3717
3866 3867 3868
3866 3868 3869
3870 3871 3872
3870 3872 3873
3874 3875 3876
3874 3876 3877
3878 3879 3876
3878 3876 3875
3880 3881 3873
3880 3873 3872
3882 3883 3867
3882 3867 3866
3834 3884 3885
3834 3885 3886
3834 3833 3887
3888 3889 3890
3770 3888 3891
3741 3830 3770
3810 3809 3858
3810 3858 3824
3810 3823 3709
3810 3709 3807
3853 3706 3705
3853 3705 3857
3823 3822 3892
3823 3892 3856
3853 3809 3808
3853 3808 3819
3856 3892 3753
3706 3859 3707
3706 3852 3859
3856 3753 3752
3710 3856 3752
3748 3750 3752
3751 3748 3752
3787 3786 3808
3891 3893 3894
3895 3896 3897
3897 3898 3895
3899 3896 3900
3900 3896 3901
3834 3886 3902
3834 3902 3835
3903 3904 3905
3903 3905 3906
3889 3903 3906
3889 3906 3890
3834 3887 3884
3904 3899 3905
3893 3907 3894
3907 3900 3901
3907 3901 3894
3885 3884 3904
3885 3904 3903
3887 3908 3904
3887 3904 3884
3885 3889 3909
3889 3888 3909
3885 3903 3889
3910 3842 3911
3841 3840 3912
3841 3912 3898
3912 3913 3895
3912 3895 3898
3897 3914 3841
3897 3841 3898
3904 3908 3899
3915 3861 3746
3915 3746 3916
3917 3902 3886
3917 3886 3918
3919 3915 3918
3918 3916 3917
3841 3914 3842
3842 3920 3843
3832 3861 3915
3885 3909 3886
3906 3905 3900
3906 3900 3907
3899 3900 3905
3890 3906 3907
3890 3907 3893
3890 3893 3891
3918 3915 3916
3910 3920 3842
3843 3863 3845
3843 3845 3840
3840 3845 3912
3920 3863 3843
3912 3844 3913
3845 3844 3912
3896 3899 3897
3921 3914 3897
3802 3817 3728
3729 3728 3817
3729 3817 3922
3729 3922 3851
3851 3922 3860
3746 3732 3851
3728 3731 3713
3888 3890 3891
3923 3924 3925
3923 3925 3926
3927 3928 3929
3927 3929 3930
3931 3932 3928
3931 3928 3927
3932 3931 3933
3932 3933 3934
3934 3933 3935
3934 3935 3936
3933 3937 3938
3933 3938 3935
3939 3931 3927
3939 3927 3940
3925 3941 3942
3925 3942 3930
3924 3943 3941
3924 3941 3925
3931 3939 3937
3931 3937 3933
3930 3929 3926
3930 3926 3925
3930 3942 3940
3930 3940 3927
3769 3891 3894
3769 3770 3891
3832 3915 3919
3871 3868 3867
3871 3867 3872
3872 3867 3883
3872 3883 3880
3910 3911 3944
3911 3842 3914
3911 3833 3944
3887 3833 3911
3874 3870 3873
3874 3873 3875
3875 3873 3881
3875 3881 3878
3945 3946 3947
3945 3947 3948
3947 3949 3950
3947 3950 3948
3951 3952 3950
3951 3950 3949
3953 3954 3952
3953 3952 3951
3954 3953 3955
3954 3955 3956
3957 3958 3955
3957 3955 3953
3959 3957 3953
3959 3953 3951
3960 3959 3951
3960 3951 3949
3960 3949 3947
3960 3947 3961
3961 3947 3946
3961 3946 3962
3963 3964 3965
3963 3965 3966
3967 3968 3969
3967 3969 3970
3971 3972 3970
3971 3970 3969
3973 3974 3972
3973 3972 3971
3975 3976 3973
3975 3973 3971
3969 3977 3975
3969 3975 3971
3969 3968 3978
3969 3978 3977
3978 3968 3965
3978 3965 3979
3911 3914 3921
3966 3965 3968
3966 3968 3967
3979 3965 3964
3979 3964 3980
3981 3982 3983
3984 3985 3986
3987 3982 3988
3987 3988 3989
3990 3991 3992
3990 3992 3993
3994 3995 3996
3994 3996 3997
3998 3999 4000
3998 4000 3993
4001 3999 3994
4001 3994 4002
4003 4004 4005
4003 4005 4006
4007 4008 4009
4007 4009 4010
4011 4007 4012
4011 4012 4013
4014 4015 4016
4014 4016 4017
4018 4019 4020
4021 4022 4023
4021 4023 4024
4025 4011 4026
4027 4028 3981
4027 3981 4029
4030 4031 4032
4033 3981 3983
4033 3983 4034
4035 4036 4037
4035 4037 4038
4039 4036 4040
4016 4041 4042
4016 4042 4043
4044 4045 4046
4044 4046 4047
4048 4049 4019
4050 4021 4024
4050 4024 4051
4052 4029 4033
4053 4054 4055
4053 4055 4056
4057 4053 4056
4057 4056 4058
4045 4059 4060
4045 4060 4046
4001 4061 4062
4063 4064 4065
4063 4065 4066
4067 4068 4069
3993 4000 4070
3993 4070 3990
4071 4072 4015
4071 4015 4073
4074 4075 4076
4074 4076 4071
4077 4076 4075
4077 4075 4078
4079 4080 3998
3993 3992 4081
3993 4081 3998
4082 4073 4015
4082 4015 4014
4003 4083 4084
4003 4084 4085
3988 3982 4028
3982 3981 4028
4086 4087 4088
4086 4088 4089
4090 4010 3992
4069 4091 4066
4069 4066 4065
4092 4072 4071
4092 4071 4076
4077 4093 4094
4077 4094 4095
4096 4097 4081
4069 4065 4098
3994 3997 4099
3994 4099 4002
4062 4000 4001
3999 3998 4080
3999 4080 3994
3987 4064 4063
4100 3997 4078
4100 4078 4075
4063 4070 4034
4063 4034 3983
4101 4102 4087
4101 4087 4103
4055 4060 4059
4055 4059 4056
4104 4093 4078
4061 4052 4062
4105 4061 4001
4100 4099 3997
4074 4100 4075
4045 4044 4106
4045 4106 4107
4059 4045 4107
4038 4017 4108
4038 4108 4035
4106 4023 4108
4106 4108 4043
4024 4044 4047
4024 4047 4051
4083 4082 4014
4083 4014 4084
4023 4022 4035
4023 4035 4108
4109 4110 4111
4107 4106 4043
4107 4043 4042
4058 4059 4107
4058 4107 4042
4023 4106 4044
4023 4044 4024
4112 4113 4114
4017 4016 4043
4017 4043 4108
4038 4037 4085
4038 4085 4084
4072 4041 4016
4072 4016 4015
4057 4041 4072
4057 4072 4092
4017 4038 4084
4017 4084 4014
4073 4082 4115
4073 4115 4116
4083 4003 4006
4082 4083 4117
4082 4117 4115
4071 4118 4074
4054 4053 4095
4054 4095 4094
4118 4071 4073
4105 4001 4002
3983 3982 3987
4034 4000 4062
4119 4120 4121
4119 4121 4122
4123 4124 4125
4083 4006 4117
4004 4003 4085
4126 4004 4085
4127 4126 4037
4127 4037 4036
4039 4127 4036
4128 4039 4040
4128 4040 4129
4050 4128 4129
4129 4040 4022
4129 4022 4021
4040 4036 4035
4040 4035 4022
4104 4078 3996
4011 4130 4008
4011 4008 4007
4079 3998 4081
3995 3994 4080
4009 4081 3992
4098 4065 4089
4098 4131 3986
4098 3986 4132
4126 4085 4037
3991 3990 4066
3991 4066 4091
4012 4090 4068
4012 4068 4133
4013 4012 4133
4013 4133 4134
4070 4063 4066
4070 4066 3990
4090 3991 4091
4090 4091 4068
4033 4034 4062
4034 4070 4000
4052 4033 4062
4033 4029 3981
3987 4063 3983
3989 3988 4135
3989 4135 4103
4064 4086 4089
4064 3987 3989
4064 3989 4086
3988 4028 4032
4098 4132 4069
4136 4131 4088
4136 4088 4137
4132 4138 4067
4132 4067 4069
4079 4081 4097
4139 4130 4025
4041 4057 4058
4041 4058 4042
4053 4057 4092
4053 4092 4095
4095 4092 4076
4095 4076 4077
4059 4058 4056
4077 4078 4093
4118 4073 4116
4026 4111 4140
4109 4111 4141
4025 4026 4140
4026 4011 4013
4125 4124 4142
4001 4000 3999
4069 4068 4091
4090 3992 3991
4140 4111 4110
4050 4129 4021
4143 4138 3985
4020 4019 4141
4144 4141 4134
4144 4134 4133
4020 4141 4143
4138 4143 4144
4138 4144 4067
4067 4144 4133
4067 4133 4068
4026 4013 4134
4026 4134 4111
4143 4141 4144
4143 3985 4018
4141 4111 4134
4141 4019 4109
4018 4020 4143
4012 4007 4010
4012 4010 4090
3997 3996 4078
4145 4146 4147
4145 4147 4148
4149 4150 4151
4149 4151 4152
4153 4154 4155
4153 4155 4156
4157 4156 4155
4157 4155 4158
4152 4159 4160
4152 4160 4149
4161 4145 4148
4161 4148 4162
4114 4163 4164
4114 4164 4165
4114 4166 4112
4167 4168 4169
4049 4170 4167
4019 4049 4109
4137 4088 4087
4137 4087 4102
3989 4103 4087
3989 4087 4086
3984 3986 4131
3984 4131 4136
4103 4135 4171
4103 4171 4101
4089 4088 4131
4089 4131 4098
4135 4031 4171
3986 3985 4138
3986 4138 4132
4135 4032 4031
3988 4032 4135
4027 4032 4028
4030 4032 4027
4064 4089 4065
4170 4172 4173
4174 4175 4176
4175 4174 4177
4178 4179 4176
4179 4180 4176
4163 4114 4113
4163 4113 4181
4182 4183 4184
4182 4184 4185
4169 4168 4183
4169 4183 4182
4114 4165 4166
4185 4184 4178
4173 4172 4186
4186 4180 4179
4186 4172 4180
4185 4165 4164
4185 4164 4182
4166 4165 4185
4166 4185 4187
4164 4188 4169
4169 4188 4167
4164 4169 4182
4189 4190 4119
4120 4177 4191
4120 4191 4121
4174 4192 4191
4174 4191 4177
4175 4177 4120
4175 4120 4193
4185 4178 4187
4140 4194 4025
4194 4181 4025
4120 4119 4193
4119 4122 4189
4110 4195 4140
4164 4163 4188
4179 4184 4183
4179 4183 4186
4178 4184 4179
4186 4183 4168
4186 4168 4173
4168 4170 4173
4122 4121 4125
4122 4125 4142
4121 4191 4125
4189 4122 4142
4191 4192 4123
4125 4191 4123
4176 4175 4178
4196 4175 4193
4081 4009 4096
4096 4009 4008
4096 4008 4197
4008 4130 4197
4130 4139 4197
4025 4130 4011
4009 3992 4010
4167 4170 4168
4198 4199 4200
4198 4200 4201
4202 4203 4204
4202 4204 4205
4206 4202 4205
4206 4205 4207
4207 4208 4209
4207 4209 4206
4208 4210 4211
4208 4211 4209
4209 4211 4212
4209 4212 4213
4214 4215 4202
4214 4202 4206
4200 4203 4216
4200 4216 4217
4201 4200 4217
4201 4217 4218
4206 4209 4213
4206 4213 4214
4199 4204 4203
4199 4203 4200
4215 4216 4203
4215 4203 4202
4048 4172 4170
4048 4170 4049
4148 4147 4150
4148 4150 4149
4162 4148 4149
4162 4149 4160
4189 4219 4190
4190 4193 4119
4190 4219 4112
4166 4190 4112
4152 4151 4153
4152 4153 4156
4159 4152 4156
4159 4156 4157
4220 4221 4222
4220 4222 4223
4222 4221 4224
4222 4224 4225
4224 4226 4227
4224 4227 4225
4228 4227 4226
4228 4226 4229
4229 4230 4231
4229 4231 4228
4232 4228 4231
4232 4231 4233
4234 4227 4228
4234 4228 4232
4227 4234 4235
4227 4235 4225
4222 4225 4235
4222 4235 4236
4223 4222 4236
4223 4236 4237
4238 4239 4240
4238 4240 4241
4242 4243 4244
4242 4244 4245
4246 4244 4243
4246 4243 4247
4248 4246 4247
4248 4247 4249
4250 4246 4248
4250 4248 4251
4244 4246 4250
4244 4250 4252
4253 4245 4244
4253 4244 4252
4238 4245 4253
4238 4253 4254
4190 4196 4193
4241 4242 4245
4241 4245 4238
4254 4255 4239
4254 4239 4238
4163 4181 4194
4140 4195 4194
4256 4257 4258
4257 4256 4259
4260 4261 4262
4263 4264 4265
4263 4265 4266
4258 4257 4261
4258 4261 4267
4261 4260 4267
4268 4269 4270
4269 4256 4258
4271 4260 4272
4269 4268 4273
4274 4271 4272
4264 4263 4275
4264 4275 4276
4277 4278 4276
4277 4276 4275
4269 4258 4270
4260 4271 4267
4271 4274 4279
4256 4269 4273
4280 4268 4270
4281 4274 4282
4280 4283 4284
4285 4281 4282
4278 4277 4286
4278 4286 4287
4288 4289 4287
4288 4287 4286
4274 4281 4279
4268 4280 4284
4290 4291 4292
4291 4283 4293
4280 4270 4293
4294 4285 4295
4291 4290 4296
4297 4294 4295
4289 4288 4298
4289 4298 4299
4300 4301 4299
4300 4299 4298
4291 4293 4292
4283 4280 4293
4281 4285 4302
4285 4294 4302
4294 4297 4303
4283 4291 4296
4304 4305 4306
4305 4290 4292
4307 4297 4308
4305 4304 4309
4310 4307 4308
4301 4300 4311
4301 4311 4312
4313 4314 4312
4313 4312 4311
4305 4292 4306
4297 4307 4303
4307 4310 4315
4290 4305 4309
4316 4304 4306
4317 4310 4318
4316 4319 4320
4321 4317 4318
4314 4313 4322
4314 4322 4323
4324 4325 4323
4324 4323 4322
4310 4317 4315
4304 4316 4320
4326 4327 4328
4327 4319 4329
4316 4306 4329
4330 4321 4331
4327 4326 4332
4333 4330 4331
4325 4324 4334
4325 4334 4335
4336 4337 4335
4336 4335 4334
4327 4329 4328
4319 4316 4329
4317 4321 4338
4321 4330 4338
4330 4333 4339
4319 4327 4332
4340 4341 4342
4341 4326 4328
4343 4333 4344
4341 4340 4345
4346 4343 4344
4337 4336 4347
4337 4347 4348
4349 4350 4348
4349 4348 4347
4341 4328 4342
4333 4343 4339
4343 4346 4351
4326 4341 4345
4352 4340 4342
4353 4346 4354
4352 4355 4356
4357 4353 4354
4350 4349 4358
4350 4358 4359
4360 4361 4359
4360 4359 4358
4346 4353 4351
4340 4352 4356
4362 4363 4364
4363 4355 4365
4352 4342 4365
4366 4357 4367
4363 4362 4368
4369 4366 4367
4361 4360 4370
4361 4370 4371
4372 4373 4371
4372 4371 4370
4363 4365 4364
4355 4352 4365
4353 4357 4374
4357 4366 4374
4366 4369 4375
4355 4363 4368
4376 4377 4378
4377 4362 4364
4379 4369 4380
4377 4376 4381
4382 4379 4380
4373 4372 4383
4373 4383 4384
4385 4386 4384
4385 4384 4383
4369 4379 4375
4362 4377 4381
4387 4388 4389
4388 4376 4378
4390 4382 4391
4388 4387 4392
4393 4390 4391
4386 4385 4394
4386 4394 4395
4396 4397 4395
4396 4395 4394
4388 4378 4389
4398 4379 4382
4382 4390 4398
4376 4388 4392
4399 4400 4401
4400 4387 4389
4402 4393 4403
4400 4399 4404
4405 4402 4403
4397 4396 4406
4397 4406 4407
4408 4409 4407
4408 4407 4406
4400 4389 4401
4390 4393 4410
4393 4402 4410
4402 4405 4411
4387 4400 4404
4412 4413 4414
4413 4399 4401
4415 4405 4416
4413 4412 4417
4418 4415 4416
4409 4408 4419
4409 4419 4420
4421 4422 4420
4421 4420 4419
4413 4401 4414
4405 4415 4411
4415 4418 4423
4399 4413 4417
4424 4412 4414
4425 4418 4426
4424 4427 4428
4425 4426 4429
4422 4421 4430
4422 4430 4431
4432 4433 4431
4432 4431 4430
4418 4425 4423
4412 4424 4428
4434 4435 4436
4435 4427 4437
4424 4414 4437
4438 4429 4439
4435 4434 4440
4438 4439 4441
4433 4432 4442
4433 4442 4443
4444 4445 4443
4444 4443 4442
4435 4437 4436
4427 4424 4437
4425 4429 4446
4429 4438 4446
4438 4441 4447
4427 4435 4440
4448 4449 4450
4449 4434 4436
4451 4441 4452
4449 4448 4453
4454 4451 4452
4445 4444 4455
4445 4455 4456
4457 4458 4456
4457 4456 4455
4449 4436 4450
4441 4451 4447
4434 4449 4453
4459 4460 4461
4460 4448 4450
4462 4454 4463
4460 4459 4464
4465 4462 4463
4458 4457 4466
4458 4466 4467
4468 4469 4467
4468 4467 4466
4460 4450 4461
4451 4454 4470
4454 4462 4470
4448 4460 4464
4471 4472 4473
4472 4459 4461
4474 4465 4475
4472 4471 4476
4474 4475 4477
4469 4468 4478
4469 4478 4479
4480 4481 4479
4480 4479 4478
4472 4461 4473
4462 4465 4482
4465 4474 4482
4474 4477 4483
4459 4472 4476
4484 4485 4486
4485 4471 4473
4487 4477 4488
4485 4484 4489
4487 4488 4490
4481 4480 4491
4481 4491 4492
4493 4494 4492
4493 4492 4491
4485 4473 4486
4477 4487 4483
4471 4485 4489
4495 4496 4497
4496 4484 4486
4498 4490 4499
4496 4495 4500
4501 4498 4499
4494 4493 4502
4494 4502 4503
4504 4505 4503
4504 4503 4502
4496 4486 4497
4487 4490 4506
4490 4498 4506
4484 4496 4500
4507 4508 4509
4508 4495 4497
4510 4501 4511
4508 4507 4512
4510 4511 4513
4505 4504 4514
4505 4514 4515
4516 4517 4515
4516 4515 4514
4508 4497 4509
4498 4501 4518
4501 4510 4518
4510 4513 4519
4495 4508 4512
4520 4521 4522
4521 4507 4509
4523 4513 4524
4521 4520 4525
4526 4523 4524
4517 4516 4527
4517 4527 4528
4529 4530 4528
4529 4528 4527
4521 4509 4522
4513 4523 4519
4507 4521 4525
4531 4532 4533
4532 4520 4522
4534 4526 4535
4532 4531 4536
4534 4535 4537
4530 4529 4538
4530 4538 4539
4540 4541 4539
4540 4539 4538
4532 4522 4533
4523 4526 4542
4526 4534 4542
4520 4532 4536
4543 4531 4533
4544 4537 4545
4541 4540 4546
4541 4546 4547
4548 4549 4547
4548 4547 4546
4534 4537 4550
4537 4544 4550
4531 4543 4551
4543 4533 4552
4553 4551 4543
4553 4543 4552
4554 4544 4545
4554 4545 4555
4414 4401 4411
4414 4411 4423
4411 4415 4423
4423 4425 4446
4437 4414 4423
4437 4423 4446
4410 4402 4411
4401 4389 4410
4401 4410 4411
4389 4378 4398
4389 4398 4410
4398 4390 4410
4378 4377 4364
4375 4398 4378
4375 4378 4364
4374 4366 4375
4364 4365 4374
4364 4374 4375
4365 4342 4351
4365 4351 4374
4351 4353 4374
4339 4343 4351
4342 4328 4339
4342 4339 4351
4338 4330 4339
4328 4329 4338
4328 4338 4339
4315 4317 4338
4329 4306 4315
4329 4315 4338
4303 4307 4315
4306 4292 4303
4306 4303 4315
4302 4294 4303
4292 4293 4302
4292 4302 4303
4279 4281 4302
4293 4270 4279
4293 4279 4302
4267 4271 4279
4270 4258 4267
4270 4267 4279
4446 4438 4447
4436 4437 4446
4436 4446 4447
4447 4451 4470
4450 4436 4447
4450 4447 4470
4470 4462 4482
4461 4450 4470
4461 4470 4482
4482 4474 4483
4473 4461 4482
4473 4482 4483
4483 4487 4506
4486 4473 4483
4486 4483 4506
4506 4498 4518
4497 4486 4506
4497 4506 4518
4518 4510 4519
4509 4497 4518
4509 4518 4519
4519 4523 4542
4522 4509 4519
4522 4519 4542
4542 4534 4550
4533 4522 4542
4533 4542 4550
4550 4544 4554
4552 4533 4550
4552 4550 4554
4398 4375 4379
1183 1182 4556
1183 4556 4557
4558 1209 1208
4558 1208 4559
1179 1178 4560
1179 4560 4561
4562 1205 1204
4562 1204 4563
4557 4556 4561
4557 4561 4560
4563 4558 4559
4563 4559 4562
1173 1193 1196
1173 1196 1174
1192 1198 1197
1192 1197 1188
1199 1223 1222
1199 1222 1200
1215 1224 1225
1215 1225 1219
4564 1172 1175
4564 1175 4565
4566 1202 1201
4566 1201 4567
4568 4569 4570
4571 4572 4573
4573 4574 4575
4573 4572 4574
4575 4574 4576
4576 4577 4578
4576 4578 4579
4579 4578 4570
4576 4574 4577
4577 4574 4572
4579 4570 4569
4580 2 1
4580 1 4581
4582 7 2
4582 2 4580
10 4583 1
10 1 0
4584 13 12
4584 12 4585
4586 4587 12
4586 12 11
4588 4587 4586
4588 4586 4589
4590 4591 4592
4590 4592 4585
4593 4594 4591
4593 4591 4590
4583 4595 4581
4583 4581 1
4596 4584 4585
4596 4585 4592
4587 4590 4585
4587 4585 12
4593 4590 4587
4593 4587 4588
4597 4598 4599
4597 4599 4600
4597 4601 4602
4597 4602 4598
4599 4598 4603
4599 4603 4604
4602 4605 4603
4602 4603 4598
4597 4606 4607
4597 4607 4601
4608 4609 4610
4608 4610 4611
4612 4613 4614
4615 4616 4617
4616 4618 4619
4616 4619 4617
4618 4620 4619
4620 4621 4622
4620 4622 4623
4621 4614 4622
4620 4623 4619
4623 4617 4619
4621 4624 4614
4600 4599 4625
4600 4625 4626
4599 4604 4627
4599 4627 4625
4600 4628 4606
4600 4606 4597
4611 4610 4629
4611 4629 4630
4611 4631 4632
4611 4632 4608
4633 4634 4632
4633 4632 4631
4635 4636 4637
4635 4637 4630
4636 4638 4639
4636 4639 4637
4626 4640 4628
4626 4628 4600
4630 4629 4641
4630 4641 4635
4630 4637 4631
4630 4631 4611
4639 4633 4631
4639 4631 4637
4568 4570 4642
4612 4614 4624
1326 1357 1798
3039 2598 3038
1797 1357 1399
3040 2640 3039
1394 1799 1399
2635 3040 3041
1370 1567 1801
2808 2608 2611
1801 1800 1394
2611 2635 3042
