byte offset: 0
first index: 0
index count: 2256
topology: trianglelist
format: DXGI_FORMAT_R16_UINT

0 1 2
0 3 1
0 2 4
5 0 4
4 2 6
0 7 3
5 7 0
8 3 7
4 6 9
9 6 10
5 4 11
11 4 9
9 10 12
12 10 13
11 9 14
14 9 12
12 13 15
15 13 16
14 12 17
17 12 15
15 16 18
18 16 19
17 15 20
20 15 18
18 19 21
21 19 22
23 18 21
20 18 23
21 22 24
23 21 24
22 25 24
23 24 25
22 26 25
23 25 27
27 25 26
27 20 23
27 26 28
27 29 20
28 29 27
17 20 29
28 30 29
17 29 31
31 29 30
31 14 17
31 30 32
31 33 14
32 33 31
11 14 33
32 34 33
11 33 35
35 33 34
35 34 36
5 11 35
37 35 36
5 35 37
37 36 38
39 37 38
39 40 37
40 5 37
41 40 39
40 42 5
40 43 42
5 42 7
43 7 42
41 44 40
40 44 43
45 44 41
45 43 44
45 41 46
47 45 46
43 48 7
43 49 48
8 7 48
49 8 48
49 50 8
51 50 49
47 52 45
45 52 53
52 47 54
45 55 43
43 55 49
45 53 55
53 49 55
51 49 56
53 56 49
57 51 56
52 54 58
58 53 52
58 54 59
57 56 60
60 56 53
61 57 60
58 62 53
60 53 62
58 59 63
63 62 58
61 60 64
64 60 62
65 63 59
65 59 66
65 66 67
63 68 62
64 62 68
68 63 65
61 64 69
68 69 64
61 69 70
69 67 70
68 65 71
68 71 69
71 67 69
71 65 67
72 73 74
72 74 75
72 76 73
77 73 76
77 78 73
79 78 77
77 80 79
81 79 80
79 82 78
82 79 81
82 81 83
81 84 83
76 85 77
77 85 80
86 76 72
76 86 85
87 72 75
86 72 87
87 75 88
86 87 88
88 75 89
90 88 89
86 88 91
91 85 86
90 91 88
91 92 85
90 92 91
92 80 85
90 93 92
93 94 92
92 94 80
80 94 95
93 96 94
96 95 94
96 97 95
95 97 98
80 95 99
100 99 95
81 80 99
81 99 100
95 98 101
100 95 101
98 102 101
100 101 102
98 103 102
81 100 104
81 104 84
84 104 105
105 104 100
84 105 106
107 102 103
108 102 107
107 103 109
107 109 110
100 102 111
105 100 111
108 111 102
105 111 108
106 105 112
105 108 112
106 112 113
112 114 113
107 110 115
108 107 115
115 110 116
112 117 114
108 117 112
117 118 114
108 115 119
108 119 117
115 116 120
119 115 120
120 116 121
117 122 118
119 122 117
123 118 122
120 121 124
124 121 125
119 120 126
119 126 122
126 120 124
123 122 127
127 122 126
127 128 123
124 125 129
129 125 130
126 124 131
127 126 131
131 124 129
127 132 128
131 132 127
133 128 132
129 130 134
134 130 135
131 129 136
131 136 132
136 129 134
133 132 137
137 132 136
137 138 133
134 135 139
139 135 140
136 134 141
137 136 141
141 134 139
137 142 138
140 138 142
141 142 137
139 140 143
141 139 143
140 142 143
141 143 142
144 145 146
144 147 145
144 146 148
149 144 148
148 146 150
144 151 147
149 151 144
152 147 151
148 150 153
153 150 154
149 148 155
155 148 153
153 154 156
156 154 157
155 153 158
158 153 156
156 157 159
159 157 160
158 156 161
161 156 159
159 160 162
162 160 163
161 159 164
164 159 162
162 163 165
165 163 166
167 162 165
164 162 167
165 166 168
167 165 168
166 169 168
167 168 169
166 170 169
167 169 171
171 169 170
171 164 167
171 170 172
171 173 164
172 173 171
161 164 173
172 174 173
161 173 175
175 173 174
175 158 161
175 174 176
175 177 158
176 177 175
155 158 177
176 178 177
155 177 179
179 177 178
179 178 180
149 155 179
181 179 180
149 179 181
181 180 182
183 181 182
183 184 181
184 149 181
185 184 183
184 186 149
184 187 186
149 186 151
187 151 186
185 188 184
184 188 187
189 188 185
189 187 188
189 185 190
191 189 190
187 192 151
187 193 192
152 151 192
193 152 192
193 194 152
195 194 193
191 196 189
189 196 197
196 191 198
189 199 187
187 199 193
189 197 199
197 193 199
195 193 200
197 200 193
201 195 200
196 198 202
202 197 196
202 198 203
201 200 204
204 200 197
205 201 204
202 206 197
204 197 206
202 203 207
207 206 202
205 204 208
208 204 206
209 207 203
209 203 210
209 210 211
207 212 206
208 206 212
212 207 209
205 208 213
212 213 208
205 213 214
213 211 214
212 209 215
212 215 213
215 211 213
215 209 211
216 217 218
216 219 217
216 218 220
221 216 220
220 218 222
216 223 219
221 223 216
224 219 223
220 222 225
225 222 226
221 220 227
227 220 225
225 226 228
228 226 229
227 225 230
230 225 228
228 229 231
231 229 232
230 228 233
233 228 231
231 232 234
234 232 235
233 231 236
236 231 234
234 235 237
237 235 238
239 234 237
236 234 239
237 238 240
239 237 240
238 241 240
239 240 241
238 242 241
239 241 243
243 241 242
243 236 239
243 242 244
243 245 236
244 245 243
233 236 245
244 246 245
233 245 247
247 245 246
247 230 233
247 246 248
247 249 230
248 249 247
227 230 249
248 250 249
227 249 251
251 249 250
251 250 252
221 227 251
253 251 252
221 251 253
253 252 254
255 253 254
255 256 253
256 221 253
257 256 255
256 258 221
256 259 258
221 258 223
259 223 258
257 260 256
256 260 259
261 260 257
261 259 260
261 257 262
263 261 262
259 264 223
259 265 264
224 223 264
265 224 264
265 266 224
267 266 265
263 268 261
261 268 269
268 263 270
261 271 259
259 271 265
261 269 271
269 265 271
267 265 272
269 272 265
273 267 272
268 270 274
274 269 268
274 270 275
273 272 276
276 272 269
277 273 276
274 278 269
276 269 278
274 275 279
279 278 274
277 276 280
280 276 278
281 279 275
281 275 282
281 282 283
279 284 278
280 278 284
284 279 281
277 280 285
284 285 280
277 285 286
285 283 286
284 281 287
284 287 285
287 283 285
287 281 283
288 289 290
289 291 290
290 291 292
291 293 292
294 292 293
295 292 294
296 295 294
297 295 296
290 292 298
295 298 292
288 290 299
299 290 298
297 300 295
300 298 295
288 299 301
288 301 302
299 298 303
300 303 298
299 303 304
300 304 303
299 304 301
305 301 304
297 306 300
300 306 304
305 304 306
297 307 306
308 302 301
305 308 301
308 309 302
310 309 308
311 306 307
305 306 311
311 307 312
313 311 312
310 308 314
314 308 305
315 310 314
313 316 311
316 305 311
317 316 313
314 305 318
316 318 305
315 314 319
319 314 318
317 320 316
320 318 316
315 319 321
319 322 321
315 321 323
324 323 321
319 318 325
320 325 318
319 325 322
320 322 325
317 326 320
320 326 322
317 327 326
326 327 328
324 321 329
329 321 322
326 328 330
330 322 326
324 329 331
324 331 332
331 333 332
329 322 334
330 334 322
329 335 331
329 334 335
331 335 333
335 334 330
336 330 328
335 330 336
333 335 336
336 328 337
333 336 337
338 339 340
339 341 340
340 341 342
341 343 342
344 342 343
345 342 344
346 345 344
347 345 346
340 342 348
345 348 342
338 340 349
349 340 348
347 350 345
350 348 345
338 349 351
338 351 352
349 348 353
350 353 348
349 353 354
350 354 353
349 354 351
355 351 354
347 356 350
350 356 354
355 354 356
347 357 356
358 352 351
355 358 351
358 359 352
360 359 358
361 356 357
355 356 361
361 357 362
363 361 362
360 358 364
364 358 355
365 360 364
363 366 361
366 355 361
367 366 363
364 355 368
366 368 355
365 364 369
369 364 368
367 370 366
370 368 366
365 369 371
369 372 371
365 371 373
374 373 371
369 368 375
370 375 368
369 375 372
370 372 375
367 376 370
370 376 372
367 377 376
376 377 378
374 371 379
379 371 372
376 378 380
380 372 376
374 379 381
374 381 382
381 383 382
379 372 384
380 384 372
379 385 381
379 384 385
381 385 383
385 384 380
386 380 378
385 380 386
383 385 386
386 378 387
383 386 387
388 389 390
389 391 390
390 391 392
391 393 392
394 392 393
395 392 394
396 395 394
397 395 396
390 392 398
395 398 392
388 390 399
399 390 398
397 400 395
400 398 395
388 399 401
388 401 402
399 398 403
400 403 398
399 403 404
400 404 403
399 404 401
405 401 404
397 406 400
400 406 404
405 404 406
397 407 406
408 402 401
405 408 401
408 409 402
410 409 408
411 406 407
405 406 411
411 407 412
413 411 412
410 408 414
414 408 405
415 410 414
413 416 411
416 405 411
417 416 413
414 405 418
416 418 405
415 414 419
419 414 418
417 420 416
420 418 416
415 419 421
419 422 421
415 421 423
424 423 421
419 418 425
420 425 418
419 425 422
420 422 425
417 426 420
420 426 422
417 427 426
426 427 428
424 421 429
429 421 422
426 428 430
430 422 426
424 429 431
424 431 432
431 433 432
429 422 434
430 434 422
429 435 431
429 434 435
431 435 433
435 434 430
436 430 428
435 430 436
433 435 436
436 428 437
433 436 437
438 439 440
439 441 440
440 441 442
441 443 442
444 442 443
445 442 444
446 445 444
447 445 446
440 442 448
445 448 442
438 440 449
449 440 448
447 450 445
450 448 445
438 449 451
438 451 452
449 448 453
450 453 448
449 453 454
450 454 453
449 454 451
455 451 454
447 456 450
450 456 454
455 454 456
447 457 456
458 452 451
455 458 451
458 459 452
460 459 458
461 456 457
455 456 461
461 457 462
463 461 462
460 458 464
464 458 455
465 460 464
463 466 461
466 455 461
467 466 463
464 455 468
466 468 455
465 464 469
469 464 468
467 470 466
470 468 466
465 469 471
469 472 471
465 471 473
474 473 471
469 468 475
470 475 468
469 475 472
470 472 475
467 476 470
470 476 472
467 477 476
476 477 478
474 471 479
479 471 472
476 478 480
480 472 476
474 479 481
474 481 482
481 483 482
479 472 484
480 484 472
479 485 481
479 484 485
481 485 483
485 484 480
486 480 478
485 480 486
483 485 486
486 478 487
483 486 487
