byte offset: 0
first index: 42759
index count: 288
topology: trianglelist
format: DXGI_FORMAT_R16_UINT

12191 12192 12193
12191 12193 12194
12195 12196 12197
12198 12199 12200
12198 12200 12201
12202 12199 12203
12204 12205 12206
12204 12206 12207
12205 12208 12206
12209 12210 12211
12209 12211 12212
12201 12200 12213
12201 12213 12214
12215 12216 12195
12217 12213 12218
12217 12218 12219
12220 12211 12221
12220 12221 12222
12221 12204 12207
12221 12207 12222
12223 12224 12225
12226 12227 12228
12229 12230 12231
12232 12233 12234
12232 12234 12235
12236 12237 12238
12236 12238 12239
12240 12241 12242
12240 12242 12243
12244 12240 12243
12244 12243 12245
12246 12247 12244
12246 12244 12245
12248 12249 12250
12248 12250 12251
12252 12253 12254
12252 12254 12255
12256 12257 12258
12256 12258 12259
12260 12257 12256
12261 12262 12256
12261 12256 12259
12263 12264 12252
12263 12252 12255
12265 12266 12248
12265 12248 12251
12267 12268 12246
12267 12246 12245
12269 12267 12245
12269 12245 12243
12270 12271 12269
12270 12269 12243
12238 12272 12273
12238 12273 12239
12274 12275 12276
12274 12276 12277
12278 12279 12275
12278 12275 12280
12281 12282 12283
12284 12285 12193
12286 12287 12201
12286 12201 12214
12288 12286 12217
12288 12217 12219
12289 12290 12209
12289 12209 12291
12292 12293 12220
12292 12220 12222
12294 12292 12222
12294 12222 12207
12206 12295 12294
12206 12294 12207
12208 12295 12206
12203 12199 12198
12296 12297 12202
12296 12202 12203
12298 12299 12300
12298 12300 12198
12287 12298 12198
12287 12198 12201
12260 12256 12262
12301 12194 12302
12303 12194 12301
12215 12195 12197
12233 12304 12234
12305 12306 12302
12305 12302 12194
12281 12283 12307
12282 12308 12283
12309 12279 12302
12310 12304 12311
12285 12194 12193
12203 12198 12300
12312 12203 12300
12225 12224 12313
12227 12279 12228
