byte offset: 0
first index: 22296
index count: 1164
topology: trianglelist
format: DXGI_FORMAT_R16_UINT

5523 5524 5525
5523 5525 5526
5527 5528 5529
5527 5529 5530
5529 5528 5531
5532 5533 5534
5532 5534 5535
5536 5532 5535
5536 5535 5537
5538 5539 5540
5538 5540 5541
5538 5542 5543
5538 5543 5539
5544 5545 5546
5544 5546 5547
5548 5549 5550
5548 5550 5551
5526 5552 5530
5526 5530 5523
5553 5554 5524
5553 5524 5523
5555 5556 5554
5555 5554 5553
5557 5558 5559
5557 5559 5560
5561 5562 5558
5561 5558 5557
5526 5539 5563
5526 5563 5552
5539 5543 5547
5539 5547 5563
5564 5565 5566
5564 5566 5567
5568 5569 5548
5568 5548 5570
5571 5572 5573
5567 5574 5575
5576 5577 5578
5576 5578 5579
5580 5581 5579
5580 5579 5582
5583 5584 5581
5583 5581 5580
5585 5586 5587
5585 5587 5588
5589 5590 5586
5589 5586 5585
5591 5592 5593
5591 5593 5594
5595 5596 5597
5597 5596 5598
5597 5598 5599
5600 5601 5602
5600 5602 5603
5603 5602 5604
5603 5604 5605
5606 5607 5608
5606 5608 5609
5569 5610 5549
5569 5549 5548
5611 5612 5607
5611 5607 5606
5613 5607 5612
5613 5612 5614
5615 5616 5593
5615 5593 5592
5551 5550 5562
5551 5562 5561
5617 5551 5561
5617 5561 5618
5619 5620 5590
5619 5590 5589
5529 5553 5523
5529 5523 5530
5531 5621 5529
5560 5622 5623
5560 5623 5557
5557 5623 5618
5624 5564 5567
5624 5567 5575
5530 5552 5625
5530 5625 5527
5625 5552 5563
5547 5546 5626
5547 5626 5563
5627 5628 5629
5570 5548 5551
5570 5551 5617
5630 5631 5632
5630 5632 5633
5634 5608 5607
5634 5607 5613
5610 5569 5612
5610 5612 5611
5569 5568 5614
5569 5614 5612
5635 5636 5637
5635 5637 5638
5635 5638 5639
5635 5639 5640
5560 5559 5556
5560 5556 5555
5531 5533 5641
5531 5641 5621
5588 5587 5584
5588 5584 5583
5534 5533 5531
5534 5531 5642
5564 5543 5542
5564 5542 5565
5599 5598 5601
5599 5601 5600
5544 5547 5543
5544 5543 5643
5545 5544 5644
5645 5646 5647
5645 5647 5648
5648 5649 5650
5648 5650 5645
5650 5649 5651
5650 5651 5652
5652 5651 5653
5652 5653 5654
5655 5656 5657
5658 5659 5660
5661 5662 5663
5664 5665 5666
5664 5666 5667
5668 5669 5648
5668 5648 5647
5670 5647 5646
5670 5646 5671
5671 5672 5673
5671 5673 5670
5674 5675 5676
5674 5676 5677
5676 5678 5679
5676 5679 5677
5680 5681 5682
5680 5682 5683
5684 5680 5683
5684 5683 5685
5686 5687 5688
5686 5688 5665
5689 5690 5666
5689 5666 5691
5692 5693 5694
5692 5694 5695
5696 5668 5647
5696 5647 5670
5670 5673 5697
5670 5697 5698
5665 5688 5691
5665 5691 5666
5663 5688 5687
5663 5687 5661
5685 5689 5691
5685 5691 5684
5688 5663 5684
5688 5684 5691
5690 5699 5667
5690 5667 5666
5700 5686 5665
5700 5665 5664
5672 5675 5674
5673 5674 5701
5673 5701 5697
5654 5653 5656
5654 5656 5655
5702 5703 5704
5702 5705 5703
5704 5706 5658
5704 5658 5707
5708 5709 5651
5708 5651 5649
5669 5649 5648
5669 5708 5649
5709 5710 5653
5656 5710 5657
5709 5653 5651
5653 5710 5656
5633 5632 5711
5633 5711 5712
5713 5714 5715
5713 5715 5716
5717 5718 5719
5717 5719 5720
5721 5719 5718
5721 5718 5722
5723 5718 5717
5723 5717 5724
5722 5718 5723
5722 5723 5725
5719 5632 5631
5719 5631 5720
5719 5721 5711
5719 5711 5632
5726 5727 5728
5726 5728 5729
5727 5726 5730
5727 5730 5731
5557 5618 5561
5732 5733 5734
5732 5734 5735
5736 5732 5735
5736 5735 5737
5738 5739 5740
5738 5740 5741
5742 5743 5744
5745 5735 5734
5745 5734 5746
5747 5737 5735
5747 5735 5745
5748 5749 5740
5748 5740 5739
5744 5743 5750
5751 5715 5714
5751 5714 5752
5753 5716 5715
5753 5715 5751
5742 5754 5755
5742 5755 5743
5755 5756 5750
5755 5750 5743
5757 5758 5591
5757 5591 5594
5759 5760 5761
5759 5761 5762
5763 5764 5609
5763 5609 5608
5765 5763 5608
5765 5608 5634
5664 5667 5766
5664 5766 5767
5768 5766 5667
5768 5667 5699
5664 5767 5769
5664 5769 5700
5629 5570 5617
5629 5617 5770
5661 5771 5662
5625 5563 5626
5727 5723 5724
5727 5724 5728
5725 5723 5727
5725 5727 5731
5749 5736 5737
5749 5737 5740
5737 5747 5741
5737 5741 5740
5618 5772 5770
5618 5770 5617
5768 5773 5774
5768 5774 5766
5767 5775 5776
5767 5776 5769
5777 5778 5758
5777 5758 5757
5779 5780 5760
5779 5760 5759
5781 5782 5764
5781 5764 5763
5783 5781 5763
5783 5763 5765
5775 5767 5766
5775 5766 5774
5663 5662 5680
5693 5734 5733
5693 5733 5694
5640 5639 5784
5785 5786 5787
5785 5787 5788
5789 5786 5790
5789 5790 5791
5791 5790 5628
5791 5628 5627
5792 5793 5794
5792 5794 5795
5796 5797 5798
5799 5787 5786
5799 5786 5789
5800 5790 5786
5800 5786 5785
5568 5628 5790
5568 5790 5800
5795 5794 5801
5795 5801 5802
5798 5797 5803
5570 5628 5568
5629 5628 5570
5762 5761 5804
5762 5804 5805
5806 5807 5808
5806 5808 5809
5810 5811 5812
5810 5812 5813
5814 5815 5816
5663 5680 5684
5679 5678 5682
5679 5682 5681
5670 5698 5696
5801 5794 5817
5801 5817 5818
5794 5793 5819
5794 5819 5817
5813 5812 5820
5813 5820 5821
5620 5619 5822
5620 5822 5823
5824 5823 5822
5824 5822 5825
5824 5825 5616
5824 5616 5615
5536 5826 5827
5536 5827 5532
5532 5827 5641
5532 5641 5533
5662 5828 5681
5662 5681 5680
5828 5829 5679
5828 5679 5681
5829 5830 5677
5829 5677 5679
5830 5701 5674
5830 5674 5677
5734 5693 5831
5734 5831 5746
5832 5831 5693
5832 5693 5692
5833 5660 5659
5833 5659 5834
5835 5836 5660
5835 5660 5833
5837 5660 5836
5837 5836 5838
5828 5662 5771
5828 5771 5839
5701 5830 5840
5701 5840 5841
5830 5829 5842
5830 5842 5840
5828 5839 5842
5828 5842 5829
5618 5623 5772
5672 5674 5673
5555 5621 5622
5555 5622 5560
5843 5659 5658
5843 5658 5706
5841 5844 5697
5841 5697 5701
5834 5659 5843
5834 5843 5845
5788 5787 5795
5788 5795 5802
5792 5795 5787
5792 5787 5799
5808 5807 5811
5808 5811 5810
5796 5798 5817
5796 5817 5819
5798 5803 5818
5798 5818 5817
5815 5814 5821
5815 5821 5820
5553 5621 5555
5529 5621 5553
5692 5695 5838
5692 5838 5836
5630 5633 5536
5630 5536 5537
5826 5536 5633
5826 5633 5712
5832 5692 5836
5832 5836 5835
5658 5837 5707
5658 5660 5837
5843 5706 5703
5706 5704 5703
5531 5528 5642
5726 5729 5753
5726 5753 5751
5730 5726 5751
5730 5751 5752
5739 5738 5756
5739 5756 5755
5748 5739 5755
5748 5755 5754
