byte offset: 0
first index: 21237
index count: 1560
topology: trianglelist
format: DXGI_FORMAT_R16_UINT

6495 6496 6497
6495 6497 6498
6499 6500 6501
6499 6501 6502
6503 6504 6498
6503 6498 6497
6501 6505 6506
6501 6506 6502
6505 6501 6507
6502 6506 6503
6502 6503 6497
6496 6499 6502
6496 6502 6497
6508 6498 6504
6495 6498 6508
6509 6510 6511
6509 6511 6512
6513 6514 6510
6513 6510 6509
6515 6516 6514
6515 6514 6513
6516 6515 6517
6516 6517 6518
6510 6505 6519
6510 6519 6511
6514 6506 6505
6514 6505 6510
6516 6503 6506
6516 6506 6514
6518 6504 6503
6518 6503 6516
6508 6504 6518
6520 6508 6518
6520 6518 6517
6521 6522 6501
6521 6501 6500
6509 6523 6524
6509 6524 6513
6513 6524 6525
6513 6525 6515
6515 6525 6526
6515 6526 6517
6517 6526 6527
6495 6528 6529
6495 6529 6496
6499 6530 6531
6499 6531 6500
6532 6533 6534
6532 6534 6535
6536 6537 6538
6539 6540 6533
6539 6533 6532
6496 6529 6530
6496 6530 6499
6495 6541 6528
6542 6543 6544
6542 6544 6545
6546 6542 6545
6546 6545 6547
6548 6546 6547
6548 6547 6549
6549 6550 6551
6549 6551 6548
6539 6537 6552
6539 6552 6540
6541 6535 6534
6553 6551 6550
6553 6550 6541
6521 6500 6531
6521 6531 6554
6543 6542 6555
6543 6555 6556
6542 6546 6557
6542 6557 6555
6546 6548 6558
6546 6558 6557
6548 6551 6559
6548 6559 6558
6551 6553 6560
6495 6508 6561
6495 6561 6541
6562 6563 6564
6562 6564 6565
6566 6563 6562
6566 6562 6567
6568 6569 6570
6568 6570 6571
6571 6570 6572
6571 6572 6573
6574 6575 6565
6574 6565 6564
6576 6577 6578
6563 6566 6507
6563 6507 6522
6570 6569 6579
6570 6579 6580
6511 6519 6568
6511 6568 6571
6581 6572 6570
6581 6570 6580
6512 6511 6571
6512 6571 6582
6563 6522 6521
6563 6521 6564
6562 6565 6583
6562 6583 6584
6585 6586 6587
6588 6574 6554
6588 6554 6589
6543 6576 6590
6543 6590 6544
6574 6564 6521
6574 6521 6554
6575 6591 6583
6575 6583 6565
6592 6593 6594
6592 6594 6595
6576 6543 6556
6576 6556 6577
6596 6597 6579
6596 6579 6569
6598 6596 6569
6598 6569 6568
6598 6568 6519
6598 6519 6507
6519 6505 6507
6599 6600 6601
6599 6601 6602
6582 6573 6603
6582 6603 6602
6571 6573 6582
6604 6605 6606
6604 6606 6607
6586 6604 6607
6586 6607 6587
6591 6575 6608
6608 6575 6574
6609 6610 6611
6609 6611 6612
6613 6614 6544
6613 6544 6590
6615 6616 6613
6615 6613 6590
6611 6617 6618
6611 6618 6619
6536 6618 6617
6536 6617 6620
6615 6621 6622
6615 6622 6616
6615 6590 6576
6615 6576 6623
6623 6624 6625
6623 6625 6615
6626 6627 6567
6626 6567 6562
6628 6608 6629
6628 6629 6630
6588 6589 6620
6588 6620 6617
6623 6576 6578
6623 6578 6631
6631 6632 6624
6631 6624 6623
6512 6585 6523
6512 6523 6509
6608 6588 6629
6633 6612 6611
6633 6611 6619
6617 6611 6610
6617 6610 6588
6554 6531 6552
6554 6552 6589
6531 6530 6540
6531 6540 6552
6530 6529 6533
6530 6533 6540
6534 6533 6529
6534 6529 6528
6541 6534 6528
6537 6620 6589
6537 6589 6552
6614 6545 6544
6547 6545 6538
6549 6547 6539
6549 6539 6532
6535 6550 6549
6535 6549 6532
6541 6550 6535
6599 6602 6603
6599 6603 6634
6582 6602 6601
6582 6601 6586
6578 6577 6594
6578 6594 6593
6608 6574 6588
6536 6620 6537
6507 6501 6522
6512 6582 6586
6512 6586 6585
6635 6636 6637
6635 6637 6638
6639 6640 6641
6639 6641 6642
6643 6637 6636
6643 6636 6644
6641 6640 6645
6641 6645 6646
6646 6647 6641
6640 6637 6643
6640 6643 6645
6638 6637 6640
6638 6640 6639
6648 6644 6636
6635 6648 6636
6649 6650 6651
6649 6651 6652
6653 6649 6652
6653 6652 6654
6655 6653 6654
6655 6654 6656
6656 6657 6658
6656 6658 6655
6652 6651 6659
6652 6659 6646
6654 6652 6646
6654 6646 6645
6656 6654 6645
6656 6645 6643
6657 6656 6643
6657 6643 6644
6648 6657 6644
6660 6657 6648
6661 6642 6641
6661 6641 6662
6649 6653 6663
6649 6663 6664
6653 6655 6665
6653 6665 6663
6655 6658 6666
6655 6666 6665
6658 6660 6667
6635 6638 6668
6635 6668 6669
6639 6642 6670
6639 6670 6671
6672 6673 6674
6638 6639 6671
6638 6671 6668
6635 6669 6675
6676 6673 6677
6676 6677 6678
6679 6680 6673
6679 6673 6676
6681 6682 6680
6681 6680 6679
6682 6681 6683
6682 6683 6684
6685 6675 6684
6661 6686 6670
6661 6670 6642
6678 6687 6688
6678 6688 6676
6676 6688 6689
6676 6689 6679
6679 6689 6690
6679 6690 6681
6681 6690 6691
6681 6691 6683
6683 6691 6692
6635 6693 6648
6635 6675 6693
6694 6695 6696
6694 6696 6697
6698 6699 6694
6698 6694 6697
6700 6701 6702
6700 6702 6703
6701 6704 6705
6701 6705 6702
6706 6696 6695
6706 6695 6707
6708 6709 6710
6697 6662 6647
6697 6647 6698
6702 6711 6712
6702 6712 6703
6651 6701 6700
6651 6700 6659
6713 6711 6702
6713 6702 6705
6650 6714 6701
6650 6701 6651
6697 6696 6661
6697 6661 6662
6694 6715 6716
6694 6716 6695
6717 6718 6719
6720 6721 6686
6720 6686 6706
6678 6677 6722
6678 6722 6708
6706 6686 6661
6706 6661 6696
6707 6695 6716
6707 6716 6723
6724 6725 6726
6724 6726 6727
6708 6710 6687
6708 6687 6678
6728 6703 6712
6728 6712 6729
6730 6700 6703
6730 6703 6728
6730 6647 6659
6730 6659 6700
6659 6647 6646
6731 6732 6733
6731 6733 6734
6714 6732 6735
6714 6735 6704
6701 6714 6704
6736 6737 6738
6736 6738 6739
6719 6718 6737
6719 6737 6736
6723 6740 6707
6740 6706 6707
6741 6742 6743
6741 6743 6744
6745 6722 6677
6745 6677 6672
6746 6722 6745
6746 6745 6747
6743 6748 6749
6743 6749 6750
6751 6721 6750
6746 6747 6752
6746 6752 6753
6746 6754 6708
6746 6708 6722
6754 6746 6755
6754 6755 6756
6757 6694 6699
6757 6699 6758
6759 6760 6761
6759 6761 6740
6720 6750 6721
6754 6762 6709
6754 6709 6708
6762 6754 6756
6762 6756 6763
6650 6649 6664
6650 6664 6717
6740 6761 6720
6764 6748 6743
6764 6743 6742
6750 6720 6744
6750 6744 6743
6686 6721 6765
6686 6765 6670
6670 6765 6766
6670 6766 6671
6671 6766 6767
6671 6767 6668
6768 6669 6668
6768 6668 6767
6675 6669 6768
6672 6677 6673
6680 6766 6674
6682 6767 6766
6682 6766 6680
6767 6682 6684
6767 6684 6768
6675 6768 6684
6731 6769 6735
6731 6735 6732
6714 6719 6733
6714 6733 6732
6709 6727 6726
6709 6726 6710
6740 6720 6706
6751 6765 6721
6647 6662 6641
6650 6719 6714
6650 6717 6719
6770 6771 6772
6770 6772 6773
6774 6775 6776
6774 6776 6777
6778 6774 6777
6778 6777 6779
6780 6781 6782
6780 6782 6783
6784 6785 6786
6784 6786 6787
6781 6788 6789
6781 6789 6782
6790 6791 6792
6790 6792 6793
6794 6784 6787
6794 6787 6795
6791 6796 6797
6791 6797 6792
6798 6799 6800
6798 6800 6801
6802 6803 6804
6802 6804 6805
6806 6807 6808
6806 6808 6809
6810 6798 6801
6810 6801 6811
6812 6813 6814
6812 6814 6815
6816 6817 6818
6816 6818 6819
6820 6821 6822
6820 6822 6823
6775 6824 6825
6775 6825 6776
6826 6827 6828
6826 6828 6829
6830 6790 6793
6830 6793 6831
6832 6826 6829
6832 6829 6833
6834 6832 6833
6834 6833 6835
6836 6837 6838
6836 6838 6839
6840 6841 6842
6840 6842 6843
6844 6845 6846
6844 6846 6847
6848 6849 6850
6848 6850 6851
6852 6853 6854
6855 6856 6857
6858 6848 6851
6858 6851 6859
6856 6806 6809
6856 6809 6857
6860 6861 6862
6860 6862 6863
6864 6865 6866
6864 6866 6867
6868 6869 6870
6868 6870 6871
6872 6873 6874
6872 6874 6875
6876 6872 6875
6876 6875 6877
6878 6879 6880
6878 6880 6881
6882 6878 6881
6882 6881 6883
6884 6885 6886
6884 6886 6887
6888 6889 6890
6888 6890 6891
6892 6876 6877
6892 6877 6893
6894 6895 6896
6894 6896 6897
6898 6884 6887
6898 6887 6899
6900 6901 6902
6900 6902 6903
6904 6780 6783
6904 6783 6905
6906 6907 6908
6906 6908 6909
6910 6911 6912
6910 6912 6913
6914 6915 6916
6914 6916 6917
6918 6919 6920
6918 6920 6921
6922 6923 6924
6922 6924 6925
6923 6926 6927
6923 6927 6924
6928 6894 6897
6928 6897 6929
6807 6770 6773
6807 6773 6808
6930 6914 6917
6930 6917 6931
6932 6868 6871
6932 6871 6933
6879 6934 6935
6879 6935 6880
6865 6936 6937
6865 6937 6866
6845 6938 6939
6845 6939 6846
6940 6836 6839
6940 6839 6941
6841 6942 6943
6841 6943 6842
6824 6816 6819
6824 6819 6825
6813 6922 6925
6813 6925 6814
6685 6684 6683
6660 6658 6657
6658 6667 6666
6683 6692 6685
6751 6750 6749
6751 6674 6765
6614 6538 6545
6547 6538 6539
6680 6674 6673
6674 6766 6765
6539 6538 6537
6883 6944 6945
6883 6945 6882
6873 6946 6947
6873 6947 6874
6551 6560 6559
6517 6527 6520
