byte offset: 0
first index: 55002
index count: 2964
topology: trianglelist
format: DXGI_FORMAT_R16_UINT

14317 14318 14319
14317 14319 14320
14321 14322 14318
14321 14318 14317
14323 14324 14322
14323 14322 14321
14325 14326 14324
14325 14324 14323
14327 14328 14326
14327 14326 14325
14329 14330 14328
14329 14328 14327
14331 14332 14333
14331 14333 14334
14335 14336 14332
14335 14332 14331
14337 14338 14336
14337 14336 14335
14320 14319 14338
14320 14338 14337
14339 14340 14341
14339 14341 14342
14343 14344 14340
14343 14340 14339
14345 14346 14344
14345 14344 14343
14347 14348 14346
14347 14346 14345
14349 14350 14351
14349 14351 14352
14353 14354 14350
14353 14350 14349
14355 14356 14354
14355 14354 14353
14357 14358 14356
14357 14356 14355
14359 14360 14358
14359 14358 14357
14342 14341 14360
14342 14360 14359
14361 14362 14363
14361 14363 14364
14365 14366 14362
14365 14362 14361
14367 14368 14366
14367 14366 14365
14369 14370 14368
14369 14368 14367
14371 14372 14370
14371 14370 14369
14373 14374 14372
14373 14372 14371
14375 14376 14374
14375 14374 14373
14377 14378 14376
14377 14376 14375
14379 14380 14378
14379 14378 14377
14381 14382 14380
14381 14380 14379
14383 14384 14385
14383 14385 14386
14387 14388 14384
14387 14384 14383
14389 14390 14388
14389 14388 14387
14391 14392 14390
14391 14390 14389
14393 14394 14392
14393 14392 14391
14395 14396 14394
14395 14394 14393
14397 14398 14396
14397 14396 14395
14399 14400 14398
14399 14398 14397
14401 14402 14400
14401 14400 14399
14403 14404 14402
14403 14402 14401
14405 14406 14407
14405 14407 14408
14409 14405 14408
14409 14408 14410
14411 14409 14410
14411 14410 14412
14413 14411 14412
14413 14412 14414
14415 14413 14414
14415 14414 14416
14417 14415 14416
14417 14416 14418
14419 14420 14421
14419 14421 14422
14423 14419 14422
14423 14422 14424
14425 14423 14424
14425 14424 14426
14406 14425 14426
14406 14426 14407
14427 14428 14429
14427 14429 14430
14431 14427 14430
14431 14430 14432
14433 14431 14432
14433 14432 14434
14435 14433 14434
14435 14434 14436
14437 14438 14439
14437 14439 14440
14441 14437 14440
14441 14440 14442
14443 14441 14442
14443 14442 14444
14445 14443 14444
14445 14444 14446
14447 14445 14446
14447 14446 14448
14428 14447 14448
14428 14448 14429
14449 14450 14451
14449 14451 14452
14452 14451 14453
14452 14453 14454
14454 14453 14455
14454 14455 14456
14456 14455 14457
14456 14457 14458
14458 14457 14459
14458 14459 14460
14460 14459 14461
14460 14461 14462
14462 14461 14463
14462 14463 14464
14463 14465 14466
14463 14466 14464
14466 14465 14467
14466 14467 14468
14468 14467 14469
14468 14469 14470
14471 14472 14473
14471 14473 14474
14474 14473 14475
14474 14475 14476
14476 14475 14477
14476 14477 14478
14478 14477 14479
14478 14479 14480
14480 14479 14481
14480 14481 14482
14481 14483 14484
14481 14484 14482
14484 14483 14485
14484 14485 14486
14486 14485 14487
14486 14487 14488
14488 14487 14489
14488 14489 14490
14490 14489 14491
14490 14491 14492
14485 14493 14494
14485 14494 14487
14483 14495 14493
14483 14493 14485
14481 14496 14495
14481 14495 14483
14479 14497 14496
14479 14496 14481
14477 14498 14497
14477 14497 14479
14475 14499 14498
14475 14498 14477
14473 14500 14499
14473 14499 14475
14472 14501 14500
14472 14500 14473
14384 14502 14503
14384 14503 14385
14388 14504 14502
14388 14502 14384
14390 14505 14504
14390 14504 14388
14392 14506 14505
14392 14505 14390
14394 14507 14506
14394 14506 14392
14396 14508 14507
14396 14507 14394
14398 14509 14508
14398 14508 14396
14400 14510 14509
14400 14509 14398
14402 14511 14510
14402 14510 14400
14404 14512 14511
14404 14511 14402
14489 14513 14514
14489 14514 14491
14494 14513 14489
14494 14489 14487
14515 14516 14517
14515 14517 14518
14519 14516 14515
14519 14515 14520
14521 14522 14519
14521 14519 14520
14523 14524 14522
14523 14522 14521
14525 14526 14524
14525 14524 14523
14527 14528 14526
14527 14526 14525
14529 14530 14528
14529 14528 14527
14531 14532 14530
14531 14530 14529
14533 14534 14535
14533 14535 14536
14537 14538 14534
14537 14534 14533
14539 14540 14538
14539 14538 14537
14541 14542 14540
14541 14540 14539
14543 14544 14542
14543 14542 14541
14545 14546 14544
14545 14544 14543
14547 14548 14546
14547 14546 14545
14549 14550 14548
14549 14548 14547
14551 14552 14550
14551 14550 14549
14553 14554 14552
14553 14552 14551
14555 14556 14557
14555 14557 14558
14518 14517 14556
14518 14556 14555
14559 14560 14513
14559 14513 14494
14493 14561 14559
14493 14559 14494
14495 14562 14561
14495 14561 14493
14496 14563 14562
14496 14562 14495
14497 14564 14563
14497 14563 14496
14498 14565 14564
14498 14564 14497
14499 14566 14565
14499 14565 14498
14500 14567 14566
14500 14566 14499
14501 14568 14567
14501 14567 14500
14502 14569 14570
14502 14570 14503
14504 14571 14569
14504 14569 14502
14505 14572 14571
14505 14571 14504
14506 14573 14572
14506 14572 14505
14507 14574 14573
14507 14573 14506
14508 14575 14574
14508 14574 14507
14509 14576 14575
14509 14575 14508
14510 14577 14576
14510 14576 14509
14511 14578 14577
14511 14577 14510
14512 14579 14578
14512 14578 14511
14513 14560 14580
14513 14580 14514
14465 14518 14555
14465 14555 14467
14515 14518 14465
14515 14465 14463
14461 14520 14515
14461 14515 14463
14459 14521 14520
14459 14520 14461
14457 14523 14521
14457 14521 14459
14455 14525 14523
14455 14523 14457
14453 14527 14525
14453 14525 14455
14451 14529 14527
14451 14527 14453
14450 14531 14529
14450 14529 14451
14362 14533 14536
14362 14536 14363
14366 14537 14533
14366 14533 14362
14368 14539 14537
14368 14537 14366
14370 14541 14539
14370 14539 14368
14372 14543 14541
14372 14541 14370
14374 14545 14543
14374 14543 14372
14376 14547 14545
14376 14545 14374
14378 14549 14547
14378 14547 14376
14380 14551 14549
14380 14549 14378
14382 14553 14551
14382 14551 14380
14467 14555 14558
14467 14558 14469
14581 14582 14583
14581 14584 14585
14586 14581 14585
14587 14588 14589
14590 14589 14588
14591 14592 14593
14594 14595 14596
14597 14598 14599
14600 14601 14602
14594 14596 14597
14603 14604 14605
14593 14604 14606
14593 14606 14607
14582 14581 14608
14582 14608 14609
14598 14596 14610
14598 14610 14611
14612 14589 14613
14612 14613 14614
14589 14590 14615
14589 14615 14613
14603 14616 14604
14617 14618 14619
14617 14619 14620
14618 14621 14619
14586 14622 14608
14586 14608 14581
14623 14591 14593
14623 14593 14607
14624 14625 14626
14624 14627 14625
14628 14629 14630
14628 14631 14629
14628 14632 14631
14628 14633 14634
14628 14634 14632
14635 14624 14636
14635 14636 14637
14624 14626 14636
14638 14639 14640
14641 14642 14643
14641 14644 14645
14641 14645 14642
14646 14638 14640
14646 14640 14647
14641 14648 14649
14638 14650 14651
14624 14652 14627
14628 14630 14653
14638 14651 14639
14648 14641 14643
14624 14654 14655
14624 14655 14652
14656 14628 14653
14656 14653 14657
14623 14607 14628
14623 14628 14656
14607 14606 14633
14607 14633 14628
14617 14620 14658
14617 14658 14659
14609 14608 14624
14609 14624 14635
14608 14622 14654
14608 14654 14624
14614 14613 14638
14614 14638 14646
14613 14615 14650
14613 14650 14638
14611 14610 14644
14611 14644 14641
14660 14661 14662
14660 14662 14663
14662 14664 14665
14662 14665 14663
14664 14666 14667
14664 14667 14665
14666 14668 14669
14666 14669 14667
14668 14670 14671
14668 14671 14669
14670 14672 14673
14670 14673 14671
14672 14674 14675
14672 14675 14673
14674 14676 14675
14677 14678 14679
14677 14679 14680
14678 14681 14682
14678 14682 14679
14681 14683 14684
14681 14684 14682
14683 14685 14686
14683 14686 14684
14685 14687 14688
14685 14688 14686
14687 14689 14690
14687 14690 14688
14689 14691 14692
14689 14692 14690
14691 14693 14694
14691 14694 14692
14693 14695 14696
14693 14696 14694
14695 14659 14658
14695 14658 14696
14697 14677 14680
14594 14591 14595
14698 14699 14700
14701 14702 14703
14704 14618 14705
14704 14705 14706
14707 14600 14602
14698 14674 14699
14703 14702 14677
14618 14704 14621
14581 14708 14584
14703 14677 14697
14674 14698 14676
14612 14709 14589
14589 14709 14587
14710 14599 14598
14611 14711 14710
14611 14710 14598
14649 14712 14641
14641 14712 14711
14641 14711 14611
14585 14584 14707
14651 14650 14713
14714 14715 14716
14583 14714 14708
14583 14708 14581
14708 14714 14716
14707 14584 14600
14600 14709 14601
14587 14709 14600
14605 14593 14592
14594 14592 14591
14605 14604 14593
14597 14596 14598
14717 14718 14719
14717 14720 14721
14722 14720 14717
14723 14724 14725
14726 14725 14724
14727 14728 14729
14730 14731 14732
14733 14734 14735
14736 14737 14738
14730 14733 14731
14603 14739 14740
14728 14741 14742
14728 14742 14740
14719 14743 14744
14719 14744 14717
14735 14745 14746
14735 14746 14731
14747 14748 14749
14747 14749 14724
14724 14749 14750
14724 14750 14726
14603 14740 14616
14751 14752 14753
14751 14753 14754
14754 14753 14755
14722 14717 14744
14722 14744 14756
14757 14741 14728
14757 14728 14727
14758 14759 14760
14758 14760 14761
14762 14763 14764
14762 14764 14765
14762 14765 14766
14762 14766 14767
14762 14767 14768
14769 14770 14771
14769 14771 14758
14758 14771 14759
14772 14773 14774
14775 14776 14777
14775 14777 14778
14775 14778 14779
14780 14781 14773
14780 14773 14772
14775 14782 14783
14772 14784 14785
14758 14761 14786
14762 14787 14763
14772 14774 14784
14783 14776 14775
14758 14786 14788
14758 14788 14789
14790 14791 14787
14790 14787 14762
14792 14793 14785
14757 14790 14762
14757 14762 14741
14741 14762 14768
14741 14768 14742
14751 14794 14795
14751 14795 14752
14743 14769 14758
14743 14758 14744
14744 14758 14789
14744 14789 14756
14748 14780 14772
14748 14772 14749
14749 14772 14785
14749 14785 14750
14745 14775 14779
14745 14779 14746
14796 14797 14798
14796 14798 14799
14798 14797 14800
14798 14800 14801
14801 14800 14802
14801 14802 14803
14803 14802 14804
14803 14804 14805
14805 14804 14806
14805 14806 14807
14807 14806 14808
14807 14808 14809
14809 14808 14810
14809 14810 14811
14811 14810 14812
14813 14814 14815
14813 14815 14816
14816 14815 14817
14816 14817 14818
14818 14817 14819
14818 14819 14820
14820 14819 14821
14820 14821 14822
14822 14821 14823
14822 14823 14824
14824 14823 14825
14824 14825 14826
14826 14825 14827
14826 14827 14828
14828 14827 14829
14828 14829 14830
14830 14829 14831
14830 14831 14832
14832 14831 14795
14832 14795 14794
14833 14814 14813
14730 14732 14727
14834 14835 14836
14837 14838 14839
14840 14841 14754
14840 14842 14841
14843 14737 14736
14834 14836 14811
14838 14813 14839
14754 14755 14840
14717 14721 14844
14838 14833 14813
14811 14812 14834
14747 14724 14845
14724 14723 14845
14720 14843 14721
14784 14792 14785
14846 14716 14715
14718 14844 14846
14718 14717 14844
14844 14716 14846
14843 14736 14721
14736 14738 14845
14723 14736 14845
14739 14729 14728
14730 14727 14729
14739 14728 14740
14733 14735 14731
14782 14775 14847
14775 14745 14848
14775 14848 14847
14745 14735 14849
14745 14849 14848
14734 14849 14735
14713 14650 14850
14851 14852 14853
14851 14854 14855
14856 14854 14851
14857 14858 14859
14860 14859 14858
14861 14862 14863
14864 14865 14866
14867 14868 14869
14870 14871 14872
14864 14867 14865
14873 14874 14875
14862 14876 14877
14862 14877 14875
14853 14878 14879
14853 14879 14851
14869 14880 14881
14869 14881 14865
14882 14883 14884
14882 14884 14858
14858 14884 14885
14858 14885 14860
14873 14875 14886
14887 14888 14889
14887 14889 14890
14890 14889 14891
14856 14851 14879
14856 14879 14892
14893 14876 14862
14893 14862 14861
14894 14895 14896
14894 14896 14897
14898 14899 14900
14898 14900 14901
14898 14901 14902
14898 14902 14903
14898 14903 14904
14905 14906 14907
14905 14907 14894
14894 14907 14895
14908 14909 14910
14911 14912 14913
14911 14913 14914
14911 14914 14915
14916 14917 14909
14916 14909 14908
14911 14918 14919
14908 14920 14921
14894 14897 14922
14898 14923 14899
14908 14910 14920
14919 14912 14911
14894 14922 14924
14894 14924 14925
14926 14927 14923
14926 14923 14898
14893 14926 14898
14893 14898 14876
14876 14898 14904
14876 14904 14877
14887 14928 14929
14887 14929 14888
14878 14905 14894
14878 14894 14879
14879 14894 14925
14879 14925 14892
14883 14916 14908
14883 14908 14884
14884 14908 14921
14884 14921 14885
14880 14911 14915
14880 14915 14881
14660 14930 14931
14660 14931 14661
14931 14930 14932
14931 14932 14933
14933 14932 14934
14933 14934 14935
14935 14934 14936
14935 14936 14937
14937 14936 14938
14937 14938 14939
14939 14938 14940
14939 14940 14941
14941 14940 14942
14941 14942 14943
14943 14942 14944
14945 14946 14947
14945 14947 14948
14948 14947 14949
14948 14949 14950
14950 14949 14951
14950 14951 14952
14952 14951 14953
14952 14953 14954
14954 14953 14955
14954 14955 14956
14956 14955 14957
14956 14957 14958
14958 14957 14959
14958 14959 14960
14960 14959 14961
14960 14961 14962
14962 14961 14963
14962 14963 14964
14964 14963 14929
14964 14929 14928
14965 14946 14945
14864 14866 14861
14966 14967 14968
14969 14970 14971
14972 14973 14890
14972 14974 14973
14975 14871 14870
14966 14968 14943
14970 14945 14971
14890 14891 14972
14851 14855 14976
14970 14965 14945
14943 14944 14966
14882 14858 14977
14858 14857 14977
14978 14869 14868
14880 14869 14978
14880 14978 14979
14918 14911 14980
14911 14880 14979
14911 14979 14980
14854 14975 14855
14920 14981 14921
14982 14983 14984
14852 14976 14982
14852 14851 14976
14976 14983 14982
14975 14870 14855
14870 14872 14977
14857 14870 14977
14874 14863 14862
14864 14861 14863
14874 14862 14875
14867 14869 14865
14985 14986 14987
14985 14988 14989
14990 14985 14989
14991 14992 14993
14994 14993 14992
14995 14996 14997
14998 14999 15000
15001 15002 15003
15004 15005 15006
14998 15000 15001
14873 15007 15008
14997 15007 15009
14997 15009 15010
14986 14985 15011
14986 15011 15012
15002 15000 15013
15002 15013 15014
15015 14993 15016
15015 15016 15017
14993 14994 15018
14993 15018 15016
14873 14886 15007
15019 15020 15021
15019 15021 15022
15020 15023 15021
14990 15024 15011
14990 15011 14985
15025 14995 14997
15025 14997 15010
15026 15027 15028
15026 15029 15027
15030 15031 15032
15030 15033 15031
15030 15034 15033
15030 15035 15036
15030 15036 15034
15037 15026 15038
15037 15038 15039
15026 15028 15038
15040 15041 15042
15043 15044 15045
15043 15046 15047
15043 15047 15044
15048 15040 15042
15048 15042 15049
15043 15050 15051
15040 15052 15053
15026 15054 15029
15030 15032 15055
15040 15053 15041
15050 15043 15045
15026 15056 15057
15026 15057 15054
15058 15030 15055
15058 15055 15059
15060 15052 15061
15025 15010 15030
15025 15030 15058
15010 15009 15035
15010 15035 15030
15019 15022 15062
15019 15062 15063
15012 15011 15026
15012 15026 15037
15011 15024 15056
15011 15056 15026
15017 15016 15040
15017 15040 15048
15016 15018 15052
15016 15052 15040
15014 15013 15046
15014 15046 15043
14796 14799 15064
14796 15064 15065
15064 15066 15067
15064 15067 15065
15066 15068 15069
15066 15069 15067
15068 15070 15071
15068 15071 15069
15070 15072 15073
15070 15073 15071
15072 15074 15075
15072 15075 15073
15074 15076 15077
15074 15077 15075
15076 15078 15077
15079 15080 15081
15079 15081 15082
15080 15083 15084
15080 15084 15081
15083 15085 15086
15083 15086 15084
15085 15087 15088
15085 15088 15086
15087 15089 15090
15087 15090 15088
15089 15091 15092
15089 15092 15090
15091 15093 15094
15091 15094 15092
15093 15095 15096
15093 15096 15094
15095 15097 15098
15095 15098 15096
15097 15063 15062
15097 15062 15098
15099 15079 15082
14998 14995 14999
15100 15101 15102
15103 15104 15105
15106 15020 15107
15106 15107 15108
15109 15004 15006
15100 15076 15101
15105 15104 15079
15020 15106 15023
14985 15110 14988
15105 15079 15099
15076 15100 15078
15015 15111 14993
14993 15111 14991
14989 14988 15109
15053 15052 15060
15112 14984 14983
14987 15112 15110
14987 15110 14985
15110 15112 14983
15109 14988 15004
15004 15111 15005
14991 15111 15004
15008 14997 14996
14998 14996 14995
15008 15007 14997
15001 15000 15002
15051 15113 15043
15043 15113 15114
15043 15114 15014
15014 15114 15115
15014 15115 15002
15003 15002 15115
14981 15116 14921
15117 15118 15119
15117 15119 15120
15117 15120 15121
15117 15121 15122
15123 15122 15121
15123 15121 15124
15125 15124 15126
15127 15128 15129
15127 15129 15125
15130 15131 15132
15130 15133 15131
15130 15134 15135
15130 15135 15133
15136 15137 15138
15136 15138 15139
15135 15134 15137
15135 15137 15136
15140 15141 15142
15140 15142 15143
15144 15145 15146
15144 15146 15147
15144 15148 15149
15144 15147 15148
15150 15151 15152
15150 15153 15151
15148 15150 15152
15148 15152 15149
15154 15155 15156
15157 15158 15159
15157 15159 15154
15160 15161 15158
15160 15158 15157
15162 15163 15161
15162 15161 15160
15164 15165 15163
15164 15163 15162
15166 15167 15165
15166 15165 15164
15127 15125 15126
15119 15118 15168
15119 15168 15169
15170 15171 15141
15170 15141 15140
15171 15170 15172
15171 15172 15173
15174 15175 15173
15174 15173 15172
15176 15177 15127
15178 15179 15180
15178 15180 15181
15178 15182 15183
15178 15183 15179
15184 15185 15183
15184 15183 15182
15184 15186 15185
15187 15186 15188
15187 15188 15189
15190 15191 15192
15190 15192 15193
15190 15194 15195
15190 15193 15194
15196 15197 15198
15196 15199 15197
15194 15196 15198
15194 15198 15195
15200 15143 15142
15200 15142 15201
15202 15203 15204
15202 15205 15203
15202 15206 15207
15202 15207 15205
15208 15209 15210
15208 15210 15211
15207 15206 15209
15207 15209 15208
15212 15213 15214
15215 15212 15214
15215 15214 15216
15217 15215 15216
15217 15216 15218
15219 15217 15218
15219 15218 15220
15221 15219 15220
15221 15220 15222
15223 15221 15222
15223 15222 15224
15187 15225 15186
15180 15169 15168
15180 15168 15181
15226 15200 15201
15226 15201 15227
15227 15228 15229
15227 15229 15226
15230 15229 15228
15230 15228 15231
15232 15225 15187
15123 15124 15125
15176 15127 15126
15185 15186 15225
15232 15187 15233
15155 15159 15234
15154 15159 15155
15212 15235 15213
15214 15213 15236
