byte offset: 0
first index: 0
index count: 13680
topology: trianglelist
format: DXGI_FORMAT_R16_UINT

0 1 2
0 2 3
4 5 6
4 6 7
8 9 10
8 10 11
12 13 14
12 14 15
16 17 18
16 18 19
20 21 22
20 22 23
23 22 24
23 24 25
26 25 24
26 24 27
28 29 30
28 30 31
31 30 32
31 32 33
33 32 34
33 34 35
35 34 21
35 21 20
21 36 37
21 37 22
22 37 38
22 38 24
27 24 38
27 38 39
29 40 41
29 41 30
30 41 42
30 42 32
32 42 43
32 43 34
34 43 36
34 36 21
36 44 45
36 45 37
37 45 46
37 46 38
39 38 46
39 46 47
41 40 48
41 48 49
41 49 50
41 50 42
42 50 51
42 51 43
43 51 44
43 44 36
44 52 53
44 53 45
45 53 54
45 54 46
47 46 54
47 54 55
49 48 56
49 56 57
49 57 58
49 58 50
50 58 59
50 59 51
51 59 52
51 52 44
60 61 62
63 64 65
66 61 60
63 67 64
68 61 66
63 69 67
62 61 68
63 65 69
70 71 72
70 72 73
74 71 70
74 70 75
71 76 77
71 77 72
78 76 71
78 71 74
79 80 77
79 77 76
78 81 79
78 79 76
82 83 80
82 80 79
81 84 82
81 82 79
85 86 87
85 87 88
89 85 88
89 88 90
89 90 91
89 91 92
93 94 95
93 95 96
97 93 96
97 96 98
99 97 98
99 98 100
86 99 100
86 100 87
101 102 86
101 86 85
103 101 85
103 85 89
103 89 92
103 92 104
105 106 94
105 94 93
107 105 93
107 93 97
108 107 97
108 97 99
102 108 99
102 99 86
109 110 102
109 102 101
111 109 101
111 101 103
111 103 104
111 104 112
105 113 114
105 114 106
115 113 105
115 105 107
116 115 107
116 107 108
110 116 108
110 108 102
117 118 110
117 110 109
119 117 109
119 109 111
119 111 112
119 112 120
113 121 122
113 122 114
123 121 113
123 113 115
124 123 115
124 115 116
118 124 116
118 116 110
125 126 127
125 127 128
125 129 130
125 130 126
129 131 132
129 132 130
131 133 134
131 134 132
135 136 137
135 137 138
136 139 140
136 140 137
139 141 142
139 142 140
141 143 144
141 144 142
143 145 146
143 146 144
145 128 127
145 127 146
147 148 149
150 151 152
153 154 148
155 150 152
156 157 148
150 158 151
157 159 148
150 160 158
159 153 148
150 161 160
162 156 148
155 163 150
164 162 148
163 165 150
147 164 148
165 166 150
167 168 169
168 170 169
169 170 171
170 172 171
171 172 173
172 174 173
173 174 175
174 176 175
177 178 179
178 180 179
179 180 181
180 182 181
181 182 183
182 184 183
183 184 185
184 186 185
185 186 187
186 188 187
187 188 167
188 168 167
189 190 191
192 193 194
193 195 194
193 196 195
196 197 195
196 198 197
198 199 197
198 200 199
200 201 199
202 203 204
203 205 204
203 206 205
206 207 205
206 208 207
208 209 207
208 210 209
210 211 209
210 212 211
212 213 211
212 192 213
192 194 213
214 215 216
214 216 217
218 189 191
189 219 190
214 217 220
189 221 219
214 220 222
189 223 221
224 214 222
189 225 223
224 226 214
189 227 225
226 228 214
189 229 227
228 230 214
189 231 229
230 232 214
233 234 235
235 234 236
234 237 236
236 237 238
237 239 238
238 239 240
239 241 240
240 241 242
241 243 242
242 243 244
243 245 244
244 245 246
245 247 246
246 247 248
247 249 248
248 249 250
249 251 250
250 251 252
251 253 252
252 253 254
253 255 254
254 255 256
255 257 256
256 257 258
257 259 258
258 259 260
259 261 260
260 261 262
263 264 265
265 264 266
264 267 266
266 267 268
267 269 268
268 269 270
269 271 270
270 271 272
271 273 272
272 273 274
273 233 274
274 233 235
275 276 277
277 276 278
233 275 234
234 275 277
277 278 279
279 278 280
234 277 237
237 277 279
279 280 281
281 280 282
237 279 239
239 279 281
281 282 283
283 282 284
239 281 241
241 281 283
283 284 285
285 284 286
241 283 243
243 283 285
285 286 287
287 286 288
243 285 245
245 285 287
287 288 289
289 288 290
245 287 247
247 287 289
289 290 291
291 290 292
247 289 249
249 289 291
291 292 293
293 292 294
249 291 251
251 291 293
293 294 295
295 294 296
251 293 253
253 293 295
295 296 297
297 296 298
253 295 255
255 295 297
297 298 299
299 298 300
255 297 257
257 297 299
299 300 301
301 300 302
257 299 259
259 299 301
301 302 303
303 302 304
259 301 261
261 301 303
305 306 307
307 306 308
263 305 264
264 305 307
307 308 309
309 308 310
264 307 267
267 307 309
309 310 311
311 310 312
267 309 269
269 309 311
311 312 313
313 312 314
269 311 271
271 311 313
313 314 315
315 314 316
271 313 273
273 313 315
276 275 316
316 275 315
275 233 315
315 233 273
317 318 319
317 319 320
320 319 321
320 321 322
322 321 323
322 323 324
324 323 325
324 325 326
326 325 327
326 327 328
328 327 329
328 329 330
330 329 331
330 331 332
332 331 333
332 333 334
334 333 335
334 335 336
336 335 337
336 337 338
338 337 339
338 339 340
340 339 341
340 341 342
342 341 343
342 343 344
344 343 345
344 345 346
346 345 347
346 347 348
349 350 351
349 351 352
352 351 353
352 353 354
354 353 355
354 355 356
356 355 357
356 357 358
358 357 318
358 318 317
359 360 361
361 360 362
360 363 362
362 363 364
363 365 364
364 365 366
365 367 366
366 367 368
367 369 368
368 369 370
369 371 370
370 371 372
371 373 372
372 373 374
373 375 374
374 375 376
375 377 376
376 377 378
377 379 378
378 379 380
379 381 380
380 381 382
381 383 382
382 383 384
383 385 384
384 385 386
385 387 386
386 387 388
387 389 388
388 389 390
391 392 393
393 392 394
392 395 394
394 395 396
395 397 396
396 397 398
397 399 398
398 399 400
399 359 400
400 359 361
401 402 403
402 404 403
404 405 403
405 406 403
406 407 403
407 408 403
408 409 403
409 410 403
410 411 403
411 412 403
412 413 403
413 414 403
414 415 403
415 416 403
416 417 403
417 418 403
418 419 403
419 420 403
420 421 403
421 401 403
422 423 424
422 424 425
425 424 426
425 426 427
427 426 428
427 428 429
429 428 430
429 430 431
431 430 432
431 432 433
433 432 434
433 434 435
435 434 436
435 436 437
437 436 438
437 438 439
439 438 440
439 440 441
441 440 442
441 442 443
443 442 444
443 444 445
445 444 446
445 446 447
447 446 448
447 448 449
449 448 450
449 450 451
451 450 452
451 452 453
453 452 454
453 454 455
455 454 456
455 456 457
457 456 458
457 458 459
459 458 460
459 460 461
461 460 423
461 423 422
462 443 445
462 445 463
464 441 443
464 443 462
465 439 441
465 441 464
466 437 439
466 439 465
467 435 437
467 437 466
468 433 435
468 435 467
469 431 433
469 433 468
470 429 431
470 431 469
471 427 429
471 429 470
472 425 427
472 427 471
473 422 425
473 425 472
474 461 422
474 422 473
475 459 461
475 461 474
476 457 459
476 459 475
477 455 457
477 457 476
478 453 455
478 455 477
479 451 453
479 453 478
480 449 451
480 451 479
481 447 449
481 449 480
463 445 447
463 447 481
473 472 482
473 482 474
482 472 471
482 471 470
482 470 469
482 469 468
482 468 467
482 467 466
482 466 465
482 465 464
482 464 462
482 462 463
463 481 482
482 481 480
482 480 479
479 478 482
482 478 477
482 477 476
482 476 475
482 475 474
483 484 485
485 484 486
484 487 486
486 487 488
487 489 488
488 489 490
489 491 490
490 491 492
491 493 492
492 493 494
493 495 494
494 495 496
495 497 496
496 497 498
497 499 498
498 499 500
499 501 500
500 501 502
501 503 502
502 503 504
503 505 504
504 505 506
505 507 506
506 507 508
485 486 509
509 486 510
486 488 510
510 488 511
488 490 511
511 490 512
490 492 512
512 492 513
492 494 513
513 494 514
494 496 514
514 496 515
496 498 515
515 498 516
498 500 516
516 500 517
500 502 517
517 502 518
502 504 518
518 504 519
504 506 519
519 506 520
506 508 520
520 508 521
509 510 522
522 510 523
510 511 523
523 511 524
511 512 524
524 512 525
512 513 525
525 513 526
513 514 526
526 514 527
514 515 527
527 515 528
515 516 528
528 516 529
516 517 529
529 517 530
517 518 530
530 518 531
518 519 531
531 519 532
519 520 532
532 520 533
520 521 533
533 521 534
522 523 535
535 523 536
523 524 536
536 524 537
524 525 537
537 525 538
525 526 538
538 526 539
526 527 539
539 527 540
527 528 540
540 528 541
528 529 541
541 529 542
529 530 542
542 530 543
530 531 543
543 531 544
531 532 544
544 532 545
532 533 545
545 533 546
533 534 546
546 534 547
535 536 548
548 536 549
536 537 549
549 537 550
537 538 550
550 538 551
538 539 551
551 539 552
539 540 552
552 540 553
540 541 553
553 541 554
541 542 554
554 542 555
542 543 555
555 543 556
543 544 556
556 544 557
544 545 557
557 545 558
545 546 558
558 546 559
546 547 559
559 547 560
548 549 561
561 549 562
549 550 562
562 550 563
550 551 563
563 551 564
551 552 564
564 552 565
552 553 565
565 553 566
553 554 566
566 554 567
554 555 567
567 555 568
555 556 568
568 556 569
556 557 569
569 557 570
557 558 570
570 558 571
558 559 571
571 559 572
559 560 572
572 560 573
561 562 574
574 562 575
562 563 575
575 563 576
563 564 576
576 564 577
564 565 577
577 565 578
565 566 578
578 566 579
566 567 579
579 567 580
567 568 580
580 568 581
568 569 581
581 569 582
569 570 582
582 570 583
570 571 583
583 571 584
571 572 584
584 572 585
572 573 585
585 573 586
484 483 587
487 484 588
489 487 589
491 489 590
493 491 591
495 493 592
497 495 593
499 497 594
501 499 595
503 501 596
505 503 597
507 505 598
599 600 601
601 600 602
600 603 602
602 603 604
603 605 604
604 605 606
605 607 606
606 607 608
607 609 608
608 609 610
609 611 610
610 611 612
611 613 612
612 613 614
613 615 614
614 615 616
615 617 616
616 617 618
617 619 618
618 619 620
619 621 620
620 621 622
621 623 622
622 623 624
623 625 624
624 625 626
625 627 626
626 627 628
629 630 631
631 630 632
630 633 632
632 633 634
633 635 634
634 635 636
635 637 636
636 637 638
637 639 638
638 639 640
639 599 640
640 599 601
641 642 643
643 642 644
599 641 600
600 641 643
643 644 645
645 644 646
600 643 603
603 643 645
645 646 647
647 646 648
603 645 605
605 645 647
647 648 649
649 648 650
605 647 607
607 647 649
649 650 651
651 650 652
607 649 609
609 649 651
651 652 653
653 652 654
609 651 611
611 651 653
653 654 655
655 654 656
611 653 613
613 653 655
655 656 657
657 656 658
613 655 615
615 655 657
657 658 659
659 658 660
615 657 617
617 657 659
659 660 661
661 660 662
617 659 619
619 659 661
661 662 663
663 662 664
619 661 621
621 661 663
663 664 665
665 664 666
621 663 623
623 663 665
665 666 667
667 666 668
623 665 625
625 665 667
667 668 669
669 668 670
625 667 627
627 667 669
671 672 673
673 672 674
629 671 630
630 671 673
673 674 675
675 674 676
630 673 633
633 673 675
675 676 677
677 676 678
633 675 635
635 675 677
677 678 679
679 678 680
635 677 637
637 677 679
679 680 681
681 680 682
637 679 639
639 679 681
642 641 682
682 641 681
641 599 681
681 599 639
683 684 685
685 684 686
684 687 686
686 687 688
687 689 688
688 689 690
689 691 690
690 691 692
691 693 692
692 693 694
693 695 694
694 695 696
695 697 696
696 697 698
697 699 698
698 699 700
699 701 700
700 701 702
701 703 702
702 703 704
703 705 704
704 705 706
705 707 706
706 707 708
707 709 708
708 709 710
709 711 710
710 711 712
713 714 715
715 714 716
714 717 716
716 717 718
717 719 718
718 719 720
719 721 720
720 721 722
721 723 722
722 723 724
723 683 724
724 683 685
725 726 727
727 726 728
683 725 684
684 725 727
727 728 729
729 728 730
684 727 687
687 727 729
729 730 731
731 730 732
687 729 689
689 729 731
731 732 733
733 732 734
689 731 691
691 731 733
733 734 735
735 734 736
691 733 693
693 733 735
735 736 737
737 736 738
693 735 695
695 735 737
737 738 739
739 738 740
695 737 697
697 737 739
739 740 741
741 740 742
697 739 699
699 739 741
741 742 743
743 742 744
699 741 701
701 741 743
743 744 745
745 744 746
701 743 703
703 743 745
745 746 747
747 746 748
703 745 705
705 745 747
747 748 749
749 748 750
705 747 707
707 747 749
749 750 751
751 750 752
707 749 709
709 749 751
751 752 753
753 752 754
709 751 711
711 751 753
755 756 757
757 756 758
713 755 714
714 755 757
757 758 759
759 758 760
714 757 717
717 757 759
759 760 761
761 760 762
717 759 719
719 759 761
761 762 763
763 762 764
719 761 721
721 761 763
763 764 765
765 764 766
721 763 723
723 763 765
726 725 766
766 725 765
725 683 765
765 683 723
767 768 769
769 768 770
768 771 770
770 771 772
771 773 772
772 773 774
773 775 774
774 775 776
775 777 776
776 777 778
777 779 778
778 779 780
779 781 780
780 781 782
781 783 782
782 783 784
783 785 784
784 785 786
785 787 786
786 787 788
787 789 788
788 789 790
789 791 790
790 791 792
791 793 792
792 793 794
793 795 794
794 795 796
797 798 799
799 798 800
798 801 800
800 801 802
801 803 802
802 803 804
803 805 804
804 805 806
805 807 806
806 807 808
807 767 808
808 767 769
809 810 811
812 809 811
813 812 811
814 813 811
815 814 811
816 815 811
817 816 811
818 817 811
819 818 811
820 819 811
821 820 811
822 821 811
823 822 811
824 823 811
825 824 811
826 825 811
827 826 811
828 827 811
829 828 811
810 829 811
830 831 832
832 831 833
767 830 768
768 830 832
832 833 834
834 833 835
768 832 771
771 832 834
834 835 836
836 835 837
771 834 773
773 834 836
836 837 838
838 837 839
773 836 775
775 836 838
838 839 840
840 839 841
775 838 777
777 838 840
840 841 842
842 841 843
777 840 779
779 840 842
842 843 844
844 843 845
779 842 781
781 842 844
844 845 846
846 845 847
781 844 783
783 844 846
846 847 848
848 847 849
783 846 785
785 846 848
848 849 850
850 849 851
785 848 787
787 848 850
850 851 852
852 851 853
787 850 789
789 850 852
852 853 854
854 853 855
789 852 791
791 852 854
854 855 856
856 855 857
791 854 793
793 854 856
856 857 858
858 857 859
793 856 795
795 856 858
860 861 862
862 861 863
797 860 798
798 860 862
862 863 864
864 863 865
798 862 801
801 862 864
864 865 866
866 865 867
801 864 803
803 864 866
866 867 868
868 867 869
803 866 805
805 866 868
868 869 870
870 869 871
805 868 807
807 868 870
831 830 871
871 830 870
830 767 870
870 767 807
872 873 874
874 873 875
873 876 875
875 876 877
876 878 877
877 878 879
878 880 879
879 880 881
880 882 881
881 882 883
882 884 883
883 884 885
884 886 885
885 886 887
886 888 887
887 888 889
888 890 889
889 890 891
890 892 891
891 892 893
892 894 893
893 894 895
894 896 895
895 896 897
896 898 897
897 898 899
898 900 899
899 900 901
900 902 901
901 902 903
904 905 906
906 905 907
905 908 907
907 908 909
908 910 909
909 910 911
910 912 911
911 912 913
912 872 913
913 872 874
914 915 916
916 915 917
915 918 917
917 918 919
918 920 919
919 920 921
920 922 921
921 922 923
922 924 923
923 924 925
924 926 925
925 926 927
926 928 927
927 928 929
928 930 929
929 930 931
930 932 931
931 932 933
932 934 933
933 934 935
934 936 935
935 936 937
936 938 937
937 938 939
938 940 939
939 940 941
940 942 941
941 942 943
942 944 943
943 944 945
946 947 948
948 947 949
947 950 949
949 950 951
950 952 951
951 952 953
952 954 953
953 954 955
954 914 955
955 914 916
956 957 958
957 959 958
959 960 958
960 961 958
961 962 958
962 963 958
963 964 958
964 965 958
965 966 958
966 967 958
967 968 958
968 969 958
969 970 958
970 971 958
971 972 958
972 973 958
973 974 958
974 975 958
975 976 958
976 956 958
977 978 979
979 978 980
978 981 980
980 981 982
981 983 982
982 983 984
983 985 984
984 985 986
985 987 986
986 987 988
987 989 988
988 989 990
989 991 990
990 991 992
991 993 992
992 993 994
993 995 994
994 995 996
995 997 996
996 997 998
997 999 998
998 999 1000
999 1001 1000
1000 1001 1002
979 980 1003
1003 980 1004
980 982 1004
1004 982 1005
982 984 1005
1005 984 1006
984 986 1006
1006 986 1007
986 988 1007
1007 988 1008
988 990 1008
1008 990 1009
990 992 1009
1009 992 1010
992 994 1010
1010 994 1011
994 996 1011
1011 996 1012
996 998 1012
1012 998 1013
998 1000 1013
1013 1000 1014
1000 1002 1014
1014 1002 1015
1003 1004 1016
1016 1004 1017
1004 1005 1017
1017 1005 1018
1005 1006 1018
1018 1006 1019
1006 1007 1019
1019 1007 1020
1007 1008 1020
1020 1008 1021
1008 1009 1021
1021 1009 1022
1009 1010 1022
1022 1010 1023
1010 1011 1023
1023 1011 1024
1011 1012 1024
1024 1012 1025
1012 1013 1025
1025 1013 1026
1013 1014 1026
1026 1014 1027
1014 1015 1027
1027 1015 1028
1016 1017 1029
1029 1017 1030
1017 1018 1030
1030 1018 1031
1018 1019 1031
1031 1019 1032
1019 1020 1032
1032 1020 1033
1020 1021 1033
1033 1021 1034
1021 1022 1034
1034 1022 1035
1022 1023 1035
1035 1023 1036
1023 1024 1036
1036 1024 1037
1024 1025 1037
1037 1025 1038
1025 1026 1038
1038 1026 1039
1026 1027 1039
1039 1027 1040
1027 1028 1040
1040 1028 1041
978 977 1042
981 978 1043
983 981 1044
985 983 1045
987 985 1046
989 987 1047
991 989 1048
993 991 1049
995 993 1050
997 995 1051
999 997 1052
1001 999 1053
1054 1055 1056
1054 1056 1057
1057 1056 1058
1057 1058 1059
1059 1058 1060
1059 1060 1061
1061 1060 1062
1061 1062 1063
1063 1062 1064
1063 1064 1065
1065 1064 1066
1065 1066 1067
1067 1066 1068
1067 1068 1069
1069 1068 1070
1069 1070 1071
1071 1070 1072
1071 1072 1073
1073 1072 1074
1073 1074 1075
1075 1074 1076
1075 1076 1077
1077 1076 1078
1077 1078 1079
1079 1078 1080
1079 1080 1081
1081 1080 1082
1081 1082 1083
1083 1082 1084
1083 1084 1085
1085 1084 1086
1085 1086 1087
1087 1086 1088
1087 1088 1089
1089 1088 1090
1089 1090 1091
1091 1090 1092
1091 1092 1093
1093 1092 1055
1093 1055 1054
1094 1075 1077
1094 1077 1095
1096 1073 1075
1096 1075 1094
1097 1071 1073
1097 1073 1096
1098 1069 1071
1098 1071 1097
1099 1067 1069
1099 1069 1098
1100 1065 1067
1100 1067 1099
1101 1063 1065
1101 1065 1100
1102 1061 1063
1102 1063 1101
1103 1059 1061
1103 1061 1102
1104 1057 1059
1104 1059 1103
1105 1054 1057
1105 1057 1104
1106 1093 1054
1106 1054 1105
1107 1091 1093
1107 1093 1106
1108 1089 1091
1108 1091 1107
1109 1087 1089
1109 1089 1108
1110 1085 1087
1110 1087 1109
1111 1083 1085
1111 1085 1110
1112 1081 1083
1112 1083 1111
1113 1079 1081
1113 1081 1112
1095 1077 1079
1095 1079 1113
1105 1104 1114
1114 1104 1103
1114 1103 1102
1114 1102 1101
1114 1101 1100
1100 1099 1114
1114 1099 1098
1114 1098 1097
1097 1096 1114
1114 1096 1094
1114 1094 1095
1114 1095 1113
1114 1113 1112
1114 1112 1111
1114 1111 1110
1114 1110 1109
1114 1109 1108
1108 1107 1114
1114 1107 1106
1114 1106 1105
1115 1116 1117
1116 1118 1117
1117 1118 1119
1118 1120 1119
1119 1120 1121
1120 1122 1121
1121 1122 1123
1122 1124 1123
1123 1124 1125
1124 1126 1125
1125 1126 1127
1126 1128 1127
1127 1128 1129
1128 1130 1129
1129 1130 1131
1130 1132 1131
1131 1132 1133
1132 1134 1133
1133 1134 1135
1134 1136 1135
1135 1136 1137
1136 1138 1137
1137 1138 1139
1138 1140 1139
1139 1140 1141
1140 1142 1141
1141 1142 1143
1142 1144 1143
1145 1146 1147
1146 1148 1147
1147 1148 1149
1148 1150 1149
1149 1150 1151
1150 1152 1151
1151 1152 1153
1152 1154 1153
1153 1154 1155
1154 1156 1155
1155 1156 1115
1156 1116 1115
1157 1158 1159
1158 1160 1159
1115 1117 1157
1117 1158 1157
1158 1161 1160
1161 1162 1160
1117 1119 1158
1119 1161 1158
1161 1163 1162
1163 1164 1162
1119 1121 1161
1121 1163 1161
1163 1165 1164
1165 1166 1164
1121 1123 1163
1123 1165 1163
1165 1167 1166
1167 1168 1166
1123 1125 1165
1125 1167 1165
1167 1169 1168
1169 1170 1168
1125 1127 1167
1127 1169 1167
1169 1171 1170
1171 1172 1170
1127 1129 1169
1129 1171 1169
1171 1173 1172
1173 1174 1172
1129 1131 1171
1131 1173 1171
1173 1175 1174
1175 1176 1174
1131 1133 1173
1133 1175 1173
1175 1177 1176
1177 1178 1176
1133 1135 1175
1135 1177 1175
1177 1179 1178
1179 1180 1178
1135 1137 1177
1137 1179 1177
1179 1181 1180
1181 1182 1180
1137 1139 1179
1139 1181 1179
1181 1183 1182
1183 1184 1182
1139 1141 1181
1141 1183 1181
1183 1185 1184
1185 1186 1184
1141 1143 1183
1143 1185 1183
1187 1188 1189
1188 1190 1189
1145 1147 1187
1147 1188 1187
1188 1191 1190
1191 1192 1190
1147 1149 1188
1149 1191 1188
1191 1193 1192
1193 1194 1192
1149 1151 1191
1151 1193 1191
1193 1195 1194
1195 1196 1194
1151 1153 1193
1153 1195 1193
1195 1197 1196
1197 1198 1196
1153 1155 1195
1155 1197 1195
1159 1198 1157
1198 1197 1157
1157 1197 1115
1197 1155 1115
1199 1200 1201
1199 1201 1202
1200 1203 1204
1200 1204 1201
1203 1205 1206
1203 1206 1204
1205 1207 1208
1205 1208 1206
1207 1209 1210
1207 1210 1208
1209 1211 1212
1209 1212 1210
1211 1213 1214
1211 1214 1212
1213 1215 1216
1213 1216 1214
1215 1217 1218
1215 1218 1216
1217 1219 1220
1217 1220 1218
1219 1221 1222
1219 1222 1220
1221 1223 1224
1221 1224 1222
1223 1225 1226
1223 1226 1224
1225 1227 1228
1225 1228 1226
1227 1229 1230
1227 1230 1228
1231 1232 1233
1231 1233 1234
1232 1235 1236
1232 1236 1233
1235 1237 1238
1235 1238 1236
1237 1239 1240
1237 1240 1238
1239 1199 1202
1239 1202 1240
1241 1242 1243
1242 1244 1243
1243 1244 1245
1244 1246 1245
1245 1246 1247
1246 1248 1247
1247 1248 1249
1248 1250 1249
1249 1250 1251
1250 1252 1251
1251 1252 1253
1252 1254 1253
1253 1254 1255
1254 1256 1255
1255 1256 1257
1256 1258 1257
1257 1258 1259
1258 1260 1259
1259 1260 1261
1260 1262 1261
1261 1262 1263
1262 1264 1263
1263 1264 1265
1264 1266 1265
1265 1266 1267
1266 1268 1267
1267 1268 1269
1268 1270 1269
1269 1270 1271
1270 1272 1271
1273 1274 1275
1274 1276 1275
1275 1276 1277
1276 1278 1277
1277 1278 1279
1278 1280 1279
1279 1280 1281
1280 1282 1281
1281 1282 1241
1282 1242 1241
1283 1284 1285
1285 1284 1286
1286 1284 1287
1287 1284 1288
1288 1284 1289
1289 1284 1290
1290 1284 1291
1291 1284 1292
1292 1284 1293
1293 1284 1294
1294 1284 1295
1295 1284 1296
1296 1284 1297
1297 1284 1298
1298 1284 1299
1299 1284 1300
1300 1284 1301
1301 1284 1302
1302 1284 1303
1303 1284 1283
1304 1305 1306
1304 1306 1307
1305 1308 1309
1305 1309 1306
1308 1310 1311
1308 1311 1309
1310 1312 1313
1310 1313 1311
1312 1314 1315
1312 1315 1313
1314 1316 1317
1314 1317 1315
1316 1318 1319
1316 1319 1317
1318 1320 1321
1318 1321 1319
1320 1322 1323
1320 1323 1321
1322 1324 1325
1322 1325 1323
1324 1326 1327
1324 1327 1325
1326 1328 1329
1326 1329 1327
1328 1330 1331
1328 1331 1329
1330 1332 1333
1330 1333 1331
1332 1334 1335
1332 1335 1333
1334 1336 1337
1334 1337 1335
1336 1338 1339
1336 1339 1337
1338 1340 1341
1338 1341 1339
1340 1342 1343
1340 1343 1341
1342 1304 1307
1342 1307 1343
1344 1345 1326
1344 1326 1324
1346 1344 1324
1346 1324 1322
1347 1346 1322
1347 1322 1320
1348 1347 1320
1348 1320 1318
1349 1348 1318
1349 1318 1316
1350 1349 1316
1350 1316 1314
1351 1350 1314
1351 1314 1312
1352 1351 1312
1352 1312 1310
1353 1352 1310
1353 1310 1308
1354 1353 1308
1354 1308 1305
1355 1354 1305
1355 1305 1304
1356 1355 1304
1356 1304 1342
1357 1356 1342
1357 1342 1340
1358 1357 1340
1358 1340 1338
1359 1358 1338
1359 1338 1336
1360 1359 1336
1360 1336 1334
1361 1360 1334
1361 1334 1332
1362 1361 1332
1362 1332 1330
1363 1362 1330
1363 1330 1328
1345 1363 1328
1345 1328 1326
1355 1356 1364
1355 1364 1354
1364 1352 1353
1364 1353 1354
1364 1350 1351
1364 1351 1352
1364 1348 1349
1364 1349 1350
1364 1346 1347
1364 1347 1348
1364 1345 1344
1364 1344 1346
1345 1364 1363
1364 1361 1362
1364 1362 1363
1361 1364 1360
1364 1358 1359
1364 1359 1360
1364 1356 1357
1364 1357 1358
1365 1366 1367
1366 1368 1367
1367 1368 1369
1368 1370 1369
1369 1370 1371
1370 1372 1371
1371 1372 1373
1372 1374 1373
1373 1374 1375
1374 1376 1375
1375 1376 1377
1376 1378 1377
1377 1378 1379
1378 1380 1379
1379 1380 1381
1380 1382 1381
1381 1382 1383
1382 1384 1383
1383 1384 1385
1384 1386 1385
1385 1386 1387
1386 1388 1387
1387 1388 1389
1388 1390 1389
1366 1391 1368
1391 1392 1368
1368 1392 1370
1392 1393 1370
1370 1393 1372
1393 1394 1372
1372 1394 1374
1394 1395 1374
1374 1395 1376
1395 1396 1376
1376 1396 1378
1396 1397 1378
1378 1397 1380
1397 1398 1380
1380 1398 1382
1398 1399 1382
1382 1399 1384
1399 1400 1384
1384 1400 1386
1400 1401 1386
1386 1401 1388
1401 1402 1388
1388 1402 1390
1402 1403 1390
1391 1404 1392
1404 1405 1392
1392 1405 1393
1405 1406 1393
1393 1406 1394
1406 1407 1394
1394 1407 1395
1407 1408 1395
1395 1408 1396
1408 1409 1396
1396 1409 1397
1409 1410 1397
1397 1410 1398
1410 1411 1398
1398 1411 1399
1411 1412 1399
1399 1412 1400
1412 1413 1400
1400 1413 1401
1413 1414 1401
1401 1414 1402
1414 1415 1402
1402 1415 1403
1415 1416 1403
1404 1417 1405
1417 1418 1405
1405 1418 1406
1418 1419 1406
1406 1419 1407
1419 1420 1407
1407 1420 1408
1420 1421 1408
1408 1421 1409
1421 1422 1409
1409 1422 1410
1422 1423 1410
1410 1423 1411
1423 1424 1411
1411 1424 1412
1424 1425 1412
1412 1425 1413
1425 1426 1413
1413 1426 1414
1426 1427 1414
1414 1427 1415
1427 1428 1415
1415 1428 1416
1428 1429 1416
1417 1430 1418
1430 1431 1418
1418 1431 1419
1431 1432 1419
1419 1432 1420
1432 1433 1420
1420 1433 1421
1433 1434 1421
1421 1434 1422
1434 1435 1422
1422 1435 1423
1435 1436 1423
1423 1436 1424
1436 1437 1424
1424 1437 1425
1437 1438 1425
1425 1438 1426
1438 1439 1426
1426 1439 1427
1439 1440 1427
1427 1440 1428
1440 1441 1428
1428 1441 1429
1441 1442 1429
1430 1443 1431
1443 1444 1431
1431 1444 1432
1444 1445 1432
1432 1445 1433
1445 1446 1433
1433 1446 1434
1446 1447 1434
1434 1447 1435
1447 1448 1435
1435 1448 1436
1448 1449 1436
1436 1449 1437
1449 1450 1437
1437 1450 1438
1450 1451 1438
1438 1451 1439
1451 1452 1439
1439 1452 1440
1452 1453 1440
1440 1453 1441
1453 1454 1441
1441 1454 1442
1454 1455 1442
1443 1456 1444
1456 1457 1444
1444 1457 1445
1457 1458 1445
1445 1458 1446
1458 1459 1446
1446 1459 1447
1459 1460 1447
1447 1460 1448
1460 1461 1448
1448 1461 1449
1461 1462 1449
1449 1462 1450
1462 1463 1450
1450 1463 1451
1463 1464 1451
1451 1464 1452
1464 1465 1452
1452 1465 1453
1465 1466 1453
1453 1466 1454
1466 1467 1454
1454 1467 1455
1467 1468 1455
1367 1469 1365
1369 1470 1367
1371 1471 1369
1373 1472 1371
1375 1473 1373
1377 1474 1375
1379 1475 1377
1381 1476 1379
1383 1477 1381
1385 1478 1383
1387 1479 1385
1389 1480 1387
1481 1482 1483
1482 1484 1483
1483 1484 1485
1484 1486 1485
1485 1486 1487
1486 1488 1487
1487 1488 1489
1488 1490 1489
1489 1490 1491
1490 1492 1491
1491 1492 1493
1492 1494 1493
1493 1494 1495
1494 1496 1495
1495 1496 1497
1496 1498 1497
1497 1498 1499
1498 1500 1499
1499 1500 1501
1500 1502 1501
1501 1502 1503
1502 1504 1503
1503 1504 1505
1504 1506 1505
1505 1506 1507
1506 1508 1507
1507 1508 1509
1508 1510 1509
1511 1512 1513
1512 1514 1513
1513 1514 1515
1514 1516 1515
1515 1516 1517
1516 1518 1517
1517 1518 1519
1518 1520 1519
1519 1520 1521
1520 1522 1521
1521 1522 1481
1522 1482 1481
1523 1524 1525
1524 1526 1525
1481 1483 1523
1483 1524 1523
1524 1527 1526
1527 1528 1526
1483 1485 1524
1485 1527 1524
1527 1529 1528
1529 1530 1528
1485 1487 1527
1487 1529 1527
1529 1531 1530
1531 1532 1530
1487 1489 1529
1489 1531 1529
1531 1533 1532
1533 1534 1532
1489 1491 1531
1491 1533 1531
1533 1535 1534
1535 1536 1534
1491 1493 1533
1493 1535 1533
1535 1537 1536
1537 1538 1536
1493 1495 1535
1495 1537 1535
1537 1539 1538
1539 1540 1538
1495 1497 1537
1497 1539 1537
1539 1541 1540
1541 1542 1540
1497 1499 1539
1499 1541 1539
1541 1543 1542
1543 1544 1542
1499 1501 1541
1501 1543 1541
1543 1545 1544
1545 1546 1544
1501 1503 1543
1503 1545 1543
1545 1547 1546
1547 1548 1546
1503 1505 1545
1505 1547 1545
1547 1549 1548
1549 1550 1548
1505 1507 1547
1507 1549 1547
1549 1551 1550
1551 1552 1550
1507 1509 1549
1509 1551 1549
1553 1554 1555
1554 1556 1555
1511 1513 1553
1513 1554 1553
1554 1557 1556
1557 1558 1556
1513 1515 1554
1515 1557 1554
1557 1559 1558
1559 1560 1558
1515 1517 1557
1517 1559 1557
1559 1561 1560
1561 1562 1560
1517 1519 1559
1519 1561 1559
1561 1563 1562
1563 1564 1562
1519 1521 1561
1521 1563 1561
1525 1564 1523
1564 1563 1523
1523 1563 1481
1563 1521 1481
1565 1566 1567
1566 1568 1567
1567 1568 1569
1568 1570 1569
1569 1570 1571
1570 1572 1571
1571 1572 1573
1572 1574 1573
1573 1574 1575
1574 1576 1575
1575 1576 1577
1576 1578 1577
1577 1578 1579
1578 1580 1579
1579 1580 1581
1580 1582 1581
1581 1582 1583
1582 1584 1583
1583 1584 1585
1584 1586 1585
1585 1586 1587
1586 1588 1587
1587 1588 1589
1588 1590 1589
1589 1590 1591
1590 1592 1591
1591 1592 1593
1592 1594 1593
1595 1596 1597
1596 1598 1597
1597 1598 1599
1598 1600 1599
1599 1600 1601
1600 1602 1601
1601 1602 1603
1602 1604 1603
1603 1604 1605
1604 1606 1605
1605 1606 1565
1606 1566 1565
1607 1608 1609
1608 1610 1609
1565 1567 1607
1567 1608 1607
1608 1611 1610
1611 1612 1610
1567 1569 1608
1569 1611 1608
1611 1613 1612
1613 1614 1612
1569 1571 1611
1571 1613 1611
1613 1615 1614
1615 1616 1614
1571 1573 1613
1573 1615 1613
1615 1617 1616
1617 1618 1616
1573 1575 1615
1575 1617 1615
1617 1619 1618
1619 1620 1618
1575 1577 1617
1577 1619 1617
1619 1621 1620
1621 1622 1620
1577 1579 1619
1579 1621 1619
1621 1623 1622
1623 1624 1622
1579 1581 1621
1581 1623 1621
1623 1625 1624
1625 1626 1624
1581 1583 1623
1583 1625 1623
1625 1627 1626
1627 1628 1626
1583 1585 1625
1585 1627 1625
1627 1629 1628
1629 1630 1628
1585 1587 1627
1587 1629 1627
1629 1631 1630
1631 1632 1630
1587 1589 1629
1589 1631 1629
1631 1633 1632
1633 1634 1632
1589 1591 1631
1591 1633 1631
1633 1635 1634
1635 1636 1634
1591 1593 1633
1593 1635 1633
1637 1638 1639
1638 1640 1639
1595 1597 1637
1597 1638 1637
1638 1641 1640
1641 1642 1640
1597 1599 1638
1599 1641 1638
1641 1643 1642
1643 1644 1642
1599 1601 1641
1601 1643 1641
1643 1645 1644
1645 1646 1644
1601 1603 1643
1603 1645 1643
1645 1647 1646
1647 1648 1646
1603 1605 1645
1605 1647 1645
1609 1648 1607
1648 1647 1607
1607 1647 1565
1647 1605 1565
1649 1650 1651
1650 1652 1651
1651 1652 1653
1652 1654 1653
1653 1654 1655
1654 1656 1655
1655 1656 1657
1656 1658 1657
1657 1658 1659
1658 1660 1659
1659 1660 1661
1660 1662 1661
1661 1662 1663
1662 1664 1663
1663 1664 1665
1664 1666 1665
1665 1666 1667
1666 1668 1667
1667 1668 1669
1668 1670 1669
1669 1670 1671
1670 1672 1671
1671 1672 1673
1672 1674 1673
1673 1674 1675
1674 1676 1675
1675 1676 1677
1676 1678 1677
1679 1680 1681
1680 1682 1681
1681 1682 1683
1682 1684 1683
1683 1684 1685
1684 1686 1685
1685 1686 1687
1686 1688 1687
1687 1688 1689
1688 1690 1689
1689 1690 1649
1690 1650 1649
1691 1692 1693
1694 1692 1691
1695 1692 1694
1696 1692 1695
1697 1692 1696
1698 1692 1697
1699 1692 1698
1700 1692 1699
1701 1692 1700
1702 1692 1701
1703 1692 1702
1704 1692 1703
1705 1692 1704
1706 1692 1705
1707 1692 1706
1708 1692 1707
1709 1692 1708
1710 1692 1709
1711 1692 1710
1693 1692 1711
1712 1713 1714
1713 1715 1714
1649 1651 1712
1651 1713 1712
1713 1716 1715
1716 1717 1715
1651 1653 1713
1653 1716 1713
1716 1718 1717
1718 1719 1717
1653 1655 1716
1655 1718 1716
1718 1720 1719
1720 1721 1719
1655 1657 1718
1657 1720 1718
1720 1722 1721
1722 1723 1721
1657 1659 1720
1659 1722 1720
1722 1724 1723
1724 1725 1723
1659 1661 1722
1661 1724 1722
1724 1726 1725
1726 1727 1725
1661 1663 1724
1663 1726 1724
1726 1728 1727
1728 1729 1727
1663 1665 1726
1665 1728 1726
1728 1730 1729
1730 1731 1729
1665 1667 1728
1667 1730 1728
1730 1732 1731
1732 1733 1731
1667 1669 1730
1669 1732 1730
1732 1734 1733
1734 1735 1733
1669 1671 1732
1671 1734 1732
1734 1736 1735
1736 1737 1735
1671 1673 1734
1673 1736 1734
1736 1738 1737
1738 1739 1737
1673 1675 1736
1675 1738 1736
1738 1740 1739
1740 1741 1739
1675 1677 1738
1677 1740 1738
1742 1743 1744
1743 1745 1744
1679 1681 1742
1681 1743 1742
1743 1746 1745
1746 1747 1745
1681 1683 1743
1683 1746 1743
1746 1748 1747
1748 1749 1747
1683 1685 1746
1685 1748 1746
1748 1750 1749
1750 1751 1749
1685 1687 1748
1687 1750 1748
1750 1752 1751
1752 1753 1751
1687 1689 1750
1689 1752 1750
1714 1753 1712
1753 1752 1712
1712 1752 1649
1752 1689 1649
1754 1755 1756
1755 1757 1756
1756 1757 1758
1757 1759 1758
1758 1759 1760
1759 1761 1760
1760 1761 1762
1761 1763 1762
1762 1763 1764
1763 1765 1764
1764 1765 1766
1765 1767 1766
1766 1767 1768
1767 1769 1768
1768 1769 1770
1769 1771 1770
1770 1771 1772
1771 1773 1772
1772 1773 1774
1773 1775 1774
1774 1775 1776
1775 1777 1776
1776 1777 1778
1777 1779 1778
1778 1779 1780
1779 1781 1780
1780 1781 1782
1781 1783 1782
1782 1783 1784
1783 1785 1784
1786 1787 1788
1787 1789 1788
1788 1789 1790
1789 1791 1790
1790 1791 1792
1791 1793 1792
1792 1793 1794
1793 1795 1794
1794 1795 1754
1795 1755 1754
1796 1797 1798
1797 1799 1798
1798 1799 1800
1799 1801 1800
1800 1801 1802
1801 1803 1802
1802 1803 1804
1803 1805 1804
1804 1805 1806
1805 1807 1806
1806 1807 1808
1807 1809 1808
1808 1809 1810
1809 1811 1810
1810 1811 1812
1811 1813 1812
1812 1813 1814
1813 1815 1814
1814 1815 1816
1815 1817 1816
1816 1817 1818
1817 1819 1818
1818 1819 1820
1819 1821 1820
1820 1821 1822
1821 1823 1822
1822 1823 1824
1823 1825 1824
1824 1825 1826
1825 1827 1826
1828 1829 1830
1829 1831 1830
1830 1831 1832
1831 1833 1832
1832 1833 1834
1833 1835 1834
1834 1835 1836
1835 1837 1836
1836 1837 1796
1837 1797 1796
1838 1839 1840
1840 1839 1841
1841 1839 1842
1842 1839 1843
1843 1839 1844
1844 1839 1845
1845 1839 1846
1846 1839 1847
1847 1839 1848
1848 1839 1849
1849 1839 1850
1850 1839 1851
1851 1839 1852
1852 1839 1853
1853 1839 1854
1854 1839 1855
1855 1839 1856
1856 1839 1857
1857 1839 1858
1858 1839 1838
1859 1860 1861
1860 1862 1861
1861 1862 1863
1862 1864 1863
1863 1864 1865
1864 1866 1865
1865 1866 1867
1866 1868 1867
1867 1868 1869
1868 1870 1869
1869 1870 1871
1870 1872 1871
1871 1872 1873
1872 1874 1873
1873 1874 1875
1874 1876 1875
1875 1876 1877
1876 1878 1877
1877 1878 1879
1878 1880 1879
1879 1880 1881
1880 1882 1881
1881 1882 1883
1882 1884 1883
1860 1885 1862
1885 1886 1862
1862 1886 1864
1886 1887 1864
1864 1887 1866
1887 1888 1866
1866 1888 1868
1888 1889 1868
1868 1889 1870
1889 1890 1870
1870 1890 1872
1890 1891 1872
1872 1891 1874
1891 1892 1874
1874 1892 1876
1892 1893 1876
1876 1893 1878
1893 1894 1878
1878 1894 1880
1894 1895 1880
1880 1895 1882
1895 1896 1882
1882 1896 1884
1896 1897 1884
1885 1898 1886
1898 1899 1886
1886 1899 1887
1899 1900 1887
1887 1900 1888
1900 1901 1888
1888 1901 1889
1901 1902 1889
1889 1902 1890
1902 1903 1890
1890 1903 1891
1903 1904 1891
1891 1904 1892
1904 1905 1892
1892 1905 1893
1905 1906 1893
1893 1906 1894
1906 1907 1894
1894 1907 1895
1907 1908 1895
1895 1908 1896
1908 1909 1896
1896 1909 1897
1909 1910 1897
1898 1911 1899
1911 1912 1899
1899 1912 1900
1912 1913 1900
1900 1913 1901
1913 1914 1901
1901 1914 1902
1914 1915 1902
1902 1915 1903
1915 1916 1903
1903 1916 1904
1916 1917 1904
1904 1917 1905
1917 1918 1905
1905 1918 1906
1918 1919 1906
1906 1919 1907
1919 1920 1907
1907 1920 1908
1920 1921 1908
1908 1921 1909
1921 1922 1909
1909 1922 1910
1922 1923 1910
1861 1924 1859
1863 1925 1861
1865 1926 1863
1867 1927 1865
1869 1928 1867
1871 1929 1869
1873 1930 1871
1875 1931 1873
1877 1932 1875
1879 1933 1877
1881 1934 1879
1883 1935 1881
1936 1937 1938
1936 1938 1939
1937 1940 1941
1937 1941 1938
1940 1942 1943
1940 1943 1941
1942 1944 1945
1942 1945 1943
1944 1946 1947
1944 1947 1945
1946 1948 1949
1946 1949 1947
1948 1950 1951
1948 1951 1949
1950 1952 1953
1950 1953 1951
1952 1954 1955
1952 1955 1953
1954 1956 1957
1954 1957 1955
1956 1958 1959
1956 1959 1957
1958 1960 1961
1958 1961 1959
1960 1962 1963
1960 1963 1961
1962 1964 1965
1962 1965 1963
1964 1966 1967
1964 1967 1965
1966 1968 1969
1966 1969 1967
1968 1970 1971
1968 1971 1969
1970 1972 1973
1970 1973 1971
1972 1974 1975
1972 1975 1973
1974 1936 1939
1974 1939 1975
1976 1977 1958
1976 1958 1956
1978 1976 1956
1978 1956 1954
1979 1978 1954
1979 1954 1952
1980 1979 1952
1980 1952 1950
1981 1980 1950
1981 1950 1948
1982 1981 1948
1982 1948 1946
1983 1982 1946
1983 1946 1944
1984 1983 1944
1984 1944 1942
1985 1984 1942
1985 1942 1940
1986 1985 1940
1986 1940 1937
1987 1986 1937
1987 1937 1936
1988 1987 1936
1988 1936 1974
1989 1988 1974
1989 1974 1972
1990 1989 1972
1990 1972 1970
1991 1990 1970
1991 1970 1968
1992 1991 1968
1992 1968 1966
1993 1992 1966
1993 1966 1964
1994 1993 1964
1994 1964 1962
1995 1994 1962
1995 1962 1960
1977 1995 1960
1977 1960 1958
1987 1996 1986
1996 1984 1985
1996 1985 1986
1996 1982 1983
1996 1983 1984
1982 1996 1981
1996 1979 1980
1996 1980 1981
1979 1996 1978
1996 1977 1976
1996 1976 1978
1996 1994 1995
1996 1995 1977
1996 1992 1993
1996 1993 1994
1996 1990 1991
1996 1991 1992
1990 1996 1989
1996 1987 1988
1996 1988 1989
1997 1998 1999
1997 1999 2000
2001 2002 1997
2001 1997 2000
2003 2002 2001
2003 2001 2004
2005 2006 2003
2005 2003 2004
2007 2006 2005
2007 2005 2008
2009 2010 2007
2009 2007 2008
2011 2010 2009
2011 2009 2012
2013 2014 2011
2013 2011 2012
2015 2014 2013
2015 2013 2016
2017 2018 2015
2017 2015 2016
2019 2018 2017
2019 2017 2020
2021 2022 2019
2021 2019 2020
2023 2022 2021
2023 2021 2024
2025 2026 2023
2025 2023 2024
2027 2026 2025
2027 2025 2028
2029 2030 2027
2029 2027 2028
2031 2030 2029
2031 2029 2032
2033 2034 2031
2033 2031 2032
2035 2036 2037
2035 2037 2038
1999 1998 2035
1999 2035 2038
2039 2040 1998
2039 1998 1997
2041 2039 1997
2041 1997 2002
2042 2041 2002
2042 2002 2003
2043 2042 2003
2043 2003 2006
2044 2043 2006
2044 2006 2007
2045 2044 2007
2045 2007 2010
2046 2045 2010
2046 2010 2011
2047 2046 2011
2047 2011 2014
2048 2047 2014
2048 2014 2015
2049 2048 2015
2049 2015 2018
2050 2049 2018
2050 2018 2019
2051 2050 2019
2051 2019 2022
2052 2051 2022
2052 2022 2023
2053 2052 2023
2053 2023 2026
2054 2053 2026
2054 2026 2027
2055 2054 2027
2055 2027 2030
2056 2055 2030
2056 2030 2031
2057 2056 2031
2057 2031 2034
2058 2059 2036
2058 2036 2035
2040 2058 2035
2040 2035 1998
2060 2061 2062
2060 2062 2063
2064 2065 2062
2064 2062 2061
2066 2067 2068
2066 2068 2069
2070 2071 2072
2070 2072 2073
2062 2074 2075
2062 2075 2063
2062 2076 2077
2062 2077 2078
2062 2079 2080
2062 2080 2074
2081 2082 2062
2081 2062 2083
2062 2082 2084
2062 2084 2079
2085 2086 2062
2085 2062 2065
2087 2076 2062
2087 2062 2086
2088 2089 2073
2090 2066 2069
2090 2069 2091
2092 2093 2094
2095 2096 2090
2067 2097 2098
2067 2098 2068
2071 2099 2072
2100 2092 2094
2100 2094 2090
2073 2066 2090
2073 2090 2094
2072 2067 2066
2072 2066 2073
2101 2102 2067
2103 2091 2104
2069 2105 2104
2069 2104 2091
2106 2107 2069
2098 2108 2068
2069 2107 2105
2103 2095 2090
2103 2090 2091
2096 2100 2090
2089 2070 2073
2093 2088 2073
2093 2073 2094
2068 2108 2106
2068 2106 2069
2099 2101 2067
2099 2067 2072
2067 2102 2097
2109 2110 2111
2109 2111 2112
2113 2114 2115
2113 2115 2116
2117 2118 2119
2117 2119 2120
2121 2122 2123
2121 2123 2124
2125 2126 2127
2125 2127 2128
2129 2130 2131
2129 2131 2132
2133 2134 2135
2133 2135 2136
2137 2138 2134
2137 2134 2133
2139 2140 2138
2139 2138 2137
2141 2142 2140
2141 2140 2139
2143 2144 2142
2143 2142 2141
2145 2146 2144
2145 2144 2143
2147 2148 2146
2147 2146 2145
2149 2150 2148
2149 2148 2147
2151 2152 2150
2151 2150 2149
2153 2154 2152
2153 2152 2151
2155 2156 2154
2155 2154 2153
2157 2158 2156
2157 2156 2155
2159 2160 2158
2159 2158 2157
2161 2162 2160
2161 2160 2159
2163 2164 2162
2163 2162 2161
2165 2166 2167
2165 2167 2168
2169 2170 2166
2169 2166 2165
2171 2172 2170
2171 2170 2169
2173 2174 2172
2173 2172 2171
2136 2135 2174
2136 2174 2173
2175 2176 2177
2175 2177 2178
2179 2175 2178
2179 2178 2180
2181 2179 2180
2181 2180 2182
2183 2181 2182
2183 2182 2184
2185 2183 2184
2185 2184 2186
2187 2185 2186
2187 2186 2188
2189 2187 2188
2189 2188 2190
2191 2189 2190
2191 2190 2192
2193 2191 2192
2193 2192 2194
2195 2193 2194
2195 2194 2196
2197 2195 2196
2197 2196 2198
2199 2197 2198
2199 2198 2200
2201 2199 2200
2201 2200 2202
2203 2201 2202
2203 2202 2204
2205 2203 2204
2205 2204 2206
2207 2208 2209
2207 2209 2210
2211 2207 2210
2211 2210 2212
2213 2211 2212
2213 2212 2214
2215 2213 2214
2215 2214 2216
2176 2215 2216
2176 2216 2177
2217 2218 2219
2217 2219 2220
2221 2222 2223
2221 2223 2224
2225 2226 2218
2225 2218 2217
2224 2223 2227
2224 2227 2228
2229 2230 2226
2229 2226 2225
2228 2227 2231
2228 2231 2232
2233 2234 2230
2233 2230 2229
2232 2231 2235
2232 2235 2236
2237 2238 2234
2237 2234 2233
2236 2235 2239
2236 2239 2240
2241 2242 2238
2241 2238 2237
2240 2239 2243
2240 2243 2244
2245 2246 2242
2245 2242 2241
2244 2243 2247
2244 2247 2248
2249 2250 2246
2249 2246 2245
2248 2247 2251
2248 2251 2252
2253 2254 2250
2253 2250 2249
2252 2251 2255
2252 2255 2256
2257 2258 2254
2257 2254 2253
2256 2255 2259
2256 2259 2260
2261 2262 2258
2261 2258 2257
2260 2259 2263
2260 2263 2264
2265 2266 2262
2265 2262 2261
2264 2263 2267
2264 2267 2268
2269 2270 2266
2269 2266 2265
2268 2267 2271
2268 2271 2272
2273 2274 2270
2273 2270 2269
2272 2271 2275
2272 2275 2276
2277 2278 2274
2277 2274 2273
2276 2275 2279
2276 2279 2280
2281 2282 2283
2281 2283 2284
2285 2286 2287
2285 2287 2288
2289 2290 2282
2289 2282 2281
2288 2287 2291
2288 2291 2292
2293 2294 2290
2293 2290 2289
2292 2291 2295
2292 2295 2296
2297 2298 2294
2297 2294 2293
2296 2295 2299
2296 2299 2300
2220 2219 2298
2220 2298 2297
2300 2299 2222
2300 2222 2221
2301 2302 2303
2301 2303 2304
2305 2306 2307
2305 2307 2308
2309 2310 2311
2309 2311 2312
2313 2314 2315
2313 2315 2316
2317 2318 2319
2317 2319 2320
2321 2322 2323
2321 2323 2324
2325 2326 2327
2325 2327 2328
2329 2325 2328
2329 2328 2330
2331 2329 2330
2331 2330 2332
2333 2331 2332
2333 2332 2334
2335 2333 2334
2335 2334 2336
2337 2335 2336
2337 2336 2338
2339 2337 2338
2339 2338 2340
2341 2339 2340
2341 2340 2342
2343 2341 2342
2343 2342 2344
2345 2343 2344
2345 2344 2346
2347 2345 2346
2347 2346 2348
2349 2347 2348
2349 2348 2350
2351 2349 2350
2351 2350 2352
2353 2351 2352
2353 2352 2354
2355 2353 2354
2355 2354 2356
2357 2358 2359
2357 2359 2360
2361 2357 2360
2361 2360 2362
2363 2361 2362
2363 2362 2364
2365 2363 2364
2365 2364 2366
2326 2365 2366
2326 2366 2327
2367 2368 2369
2367 2369 2370
2371 2372 2368
2371 2368 2367
2373 2374 2372
2373 2372 2371
2375 2376 2374
2375 2374 2373
2377 2378 2376
2377 2376 2375
2379 2380 2378
2379 2378 2377
2381 2382 2380
2381 2380 2379
2383 2384 2382
2383 2382 2381
2385 2386 2384
2385 2384 2383
2387 2388 2386
2387 2386 2385
2389 2390 2388
2389 2388 2387
2391 2392 2390
2391 2390 2389
2393 2394 2392
2393 2392 2391
2395 2396 2394
2395 2394 2393
2397 2398 2396
2397 2396 2395
2399 2400 2401
2399 2401 2402
2403 2404 2400
2403 2400 2399
2405 2406 2404
2405 2404 2403
2407 2408 2406
2407 2406 2405
2370 2369 2408
2370 2408 2407
2409 2410 2411
2409 2411 2412
2413 2414 2415
2413 2415 2416
2417 2409 2412
2417 2412 2418
2414 2419 2420
2414 2420 2415
2421 2417 2418
2421 2418 2422
2419 2423 2424
2419 2424 2420
2425 2421 2422
2425 2422 2426
2423 2427 2428
2423 2428 2424
2429 2425 2426
2429 2426 2430
2427 2431 2432
2427 2432 2428
2433 2429 2430
2433 2430 2434
2431 2435 2436
2431 2436 2432
2437 2433 2434
2437 2434 2438
2435 2439 2440
2435 2440 2436
2441 2437 2438
2441 2438 2442
2439 2443 2444
2439 2444 2440
2445 2441 2442
2445 2442 2446
2443 2447 2448
2443 2448 2444
2449 2445 2446
2449 2446 2450
2447 2451 2452
2447 2452 2448
2453 2449 2450
2453 2450 2454
2451 2455 2456
2451 2456 2452
2457 2453 2454
2457 2454 2458
2455 2459 2460
2455 2460 2456
2461 2457 2458
2461 2458 2462
2459 2463 2464
2459 2464 2460
2465 2461 2462
2465 2462 2466
2463 2467 2468
2463 2468 2464
2469 2465 2466
2469 2466 2470
2467 2471 2472
2467 2472 2468
2473 2474 2475
2473 2475 2476
2477 2478 2479
2477 2479 2480
2481 2473 2476
2481 2476 2482
2478 2483 2484
2478 2484 2479
2485 2481 2482
2485 2482 2486
2483 2487 2488
2483 2488 2484
2489 2485 2486
2489 2486 2490
2487 2491 2492
2487 2492 2488
2410 2489 2490
2410 2490 2411
2491 2413 2416
2491 2416 2492
2493 2494 2495
2494 2496 2495
2497 2498 2496
2498 2495 2496
2499 2493 2500
2493 2495 2500
2500 2495 2501
2495 2498 2501
2502 2499 2503
2499 2500 2503
2503 2500 2504
2500 2501 2504
2505 2502 2506
2502 2503 2506
2506 2503 2507
2503 2504 2507
2508 2509 2506
2509 2505 2506
2510 2508 2507
2508 2506 2507
2509 2508 2511
2508 2512 2511
2513 2512 2510
2512 2508 2510
2511 2512 2514
2512 2515 2514
2516 2515 2513
2515 2512 2513
2514 2515 2517
2515 2518 2517
2515 2516 2518
2516 2519 2518
2520 2521 2522
2521 2523 2522
2524 2525 2521
2525 2523 2521
2526 2527 2524
2527 2525 2524
2528 2527 2529
2527 2526 2529
2530 2528 2531
2528 2529 2531
2531 2532 2530
2532 2533 2530
2534 2535 2532
2535 2533 2532
2536 2537 2534
2537 2535 2534
2538 2522 2523
2538 2528 2530
2539 2507 2504
2540 2541 2542
2541 2543 2542
2544 2542 2545
2542 2543 2545
2545 2546 2544
2546 2547 2544
2548 2549 2546
2549 2547 2546
2550 2551 2552
2551 2553 2552
2554 2555 2550
2555 2551 2550
2554 2556 2555
2556 2557 2555
2556 2558 2557
2558 2559 2557
2560 2561 2562
2561 2563 2562
2541 2540 2562
2540 2560 2562
2539 2504 2501
2539 2501 2498
2539 2498 2497
2525 2527 2538
2527 2528 2538
2538 2530 2533
2538 2533 2535
2538 2535 2537
2525 2538 2523
2539 2519 2516
2539 2516 2513
2539 2513 2510
2507 2539 2510
2564 2565 2566
2565 2567 2566
2564 2566 2568
2566 2569 2568
2568 2569 2570
2569 2571 2570
2565 2572 2567
2572 2573 2567
2572 2574 2573
2574 2575 2573
2576 2577 2578
2577 2579 2578
2578 2579 2580
2579 2581 2580
2581 2582 2580
2582 2583 2580
2583 2582 2584
2582 2585 2584
2586 2587 2571
2587 2570 2571
2542 2564 2540
2564 2568 2540
2565 2564 2544
2564 2542 2544
2544 2547 2565
2547 2572 2565
2547 2549 2572
2549 2574 2572
2551 2579 2553
2579 2577 2553
2555 2581 2551
2581 2579 2551
2582 2581 2557
2581 2555 2557
2557 2559 2582
2559 2585 2582
2560 2570 2561
2570 2587 2561
2540 2568 2560
2568 2570 2560
2569 2566 2497
2566 2539 2497
2519 2539 2567
2539 2566 2567
2567 2573 2519
2573 2518 2519
2573 2575 2518
2575 2517 2518
2576 2578 2536
2578 2537 2536
2578 2580 2537
2580 2538 2537
2580 2583 2538
2583 2522 2538
2584 2520 2583
2520 2522 2583
2571 2496 2586
2496 2494 2586
2569 2497 2571
2497 2496 2571
2588 2589 2590
2590 2589 2591
2592 2591 2593
2593 2591 2589
2594 2595 2588
2588 2595 2589
2595 2596 2589
2589 2596 2593
2597 2598 2594
2594 2598 2595
2598 2599 2595
2595 2599 2596
2600 2601 2597
2597 2601 2598
2601 2602 2598
2598 2602 2599
2603 2601 2604
2604 2601 2600
2605 2602 2603
2603 2602 2601
2604 2606 2603
2603 2606 2607
2608 2605 2607
2607 2605 2603
2606 2609 2607
2607 2609 2610
2611 2608 2610
2610 2608 2607
2609 2612 2610
2610 2612 2613
2610 2613 2611
2611 2613 2614
2615 2616 2617
2617 2616 2618
2619 2617 2620
2620 2617 2618
2621 2619 2622
2622 2619 2620
2623 2624 2622
2622 2624 2621
2625 2626 2623
2623 2626 2624
2626 2625 2627
2627 2625 2628
2629 2627 2630
2630 2627 2628
2631 2629 2632
2632 2629 2630
2633 2618 2616
2633 2625 2623
2634 2599 2602
2635 2636 2637
2637 2636 2638
2639 2640 2636
2636 2640 2638
2640 2639 2641
2641 2639 2642
2643 2641 2644
2644 2641 2642
2645 2646 2647
2647 2646 2648
2649 2645 2650
2650 2645 2647
2649 2650 2651
2651 2650 2652
2651 2652 2653
2653 2652 2654
2655 2656 2657
2657 2656 2658
2637 2656 2635
2635 2656 2655
2634 2596 2599
2634 2593 2596
2634 2592 2593
2620 2633 2622
2622 2633 2623
2633 2628 2625
2633 2630 2628
2633 2632 2630
2620 2618 2633
2634 2611 2614
2634 2608 2611
2634 2605 2608
2602 2605 2634
2659 2660 2661
2661 2660 2662
2659 2663 2660
2660 2663 2664
2663 2665 2664
2664 2665 2666
2661 2662 2667
2667 2662 2668
2667 2668 2669
2669 2668 2670
2671 2672 2673
2673 2672 2674
2672 2675 2674
2674 2675 2676
2676 2675 2677
2677 2675 2678
2678 2679 2677
2677 2679 2680
2681 2666 2682
2682 2666 2665
2636 2635 2659
2659 2635 2663
2661 2639 2659
2659 2639 2636
2639 2661 2642
2642 2661 2667
2642 2667 2644
2644 2667 2669
2647 2648 2674
2674 2648 2673
2650 2647 2676
2676 2647 2674
2677 2652 2676
2676 2652 2650
2652 2677 2654
2654 2677 2680
2655 2657 2665
2665 2657 2682
2635 2655 2663
2663 2655 2665
2664 2592 2660
2660 2592 2634
2614 2662 2634
2634 2662 2660
2662 2614 2668
2668 2614 2613
2668 2613 2670
2670 2613 2612
2671 2631 2672
2672 2631 2632
2672 2632 2675
2675 2632 2633
2675 2633 2678
2678 2633 2616
2679 2678 2615
2615 2678 2616
2666 2681 2591
2591 2681 2590
2664 2666 2592
2592 2666 2591
2683 2684 2685
2683 2685 2686
2687 2686 2685
2687 2685 2688
2689 2687 2688
2689 2688 2690
2691 2692 2693
2691 2693 2694
2695 2691 2694
2695 2694 2696
2697 2695 2696
2697 2696 2698
2699 2697 2698
2699 2698 2700
2701 2699 2700
2701 2700 2702
2683 2701 2702
2683 2702 2684
2703 2704 2705
2706 2707 2708
2709 2703 2710
2709 2711 2703
2712 2713 2703
2703 2714 2710
2703 2705 2714
2711 2712 2703
2715 2706 2716
2715 2717 2706
2706 2708 2716
2717 2718 2706
2718 2719 2706
2706 2720 2707
2721 2722 2723
2721 2723 2724
2725 2726 2723
2725 2723 2722
2727 2728 2726
2727 2726 2725
2729 2730 2731
2729 2731 2732
2733 2734 2730
2733 2730 2729
2735 2736 2734
2735 2734 2733
2737 2738 2736
2737 2736 2735
2739 2740 2738
2739 2738 2737
2721 2724 2740
2721 2740 2739
2741 2742 2743
2744 2745 2746
2747 2748 2741
2749 2747 2741
2749 2741 2743
2748 2750 2741
2750 2751 2741
2741 2752 2742
2753 2754 2744
2755 2753 2744
2756 2757 2744
2755 2744 2758
2744 2746 2758
2754 2756 2744
2759 2760 2761
2759 2761 2762
2763 2764 2762
2763 2762 2761
2765 2766 2767
2765 2767 2768
2769 2770 2766
2769 2766 2765
2771 2772 2770
2771 2770 2769
2773 2774 2772
2773 2772 2771
2775 2776 2774
2775 2774 2773
2777 2778 2776
2777 2776 2775
2779 2780 2778
2779 2778 2777
2781 2782 2780
2781 2780 2779
2783 2784 2782
2783 2782 2781
2785 2786 2784
2785 2784 2783
2787 2788 2786
2787 2786 2785
2789 2790 2788
2789 2788 2787
2791 2792 2790
2791 2790 2789
2793 2794 2792
2793 2792 2791
2795 2796 2794
2795 2794 2793
2797 2798 2796
2797 2796 2795
2799 2800 2798
2799 2798 2797
2760 2759 2800
2760 2800 2799
2762 2764 2801
2762 2801 2802
2767 2766 2803
2767 2803 2804
2766 2770 2805
2766 2805 2803
2770 2772 2806
2770 2806 2805
2772 2774 2807
2772 2807 2806
2774 2776 2808
2774 2808 2807
2776 2778 2809
2776 2809 2808
2778 2780 2810
2778 2810 2809
2780 2782 2811
2780 2811 2810
2782 2784 2812
2782 2812 2811
2784 2786 2813
2784 2813 2812
2786 2788 2814
2786 2814 2813
2788 2790 2815
2788 2815 2814
2790 2792 2816
2790 2816 2815
2792 2794 2817
2792 2817 2816
2794 2796 2818
2794 2818 2817
2796 2798 2819
2796 2819 2818
2798 2800 2820
2798 2820 2819
2800 2759 2821
2800 2821 2820
2759 2762 2802
2759 2802 2821
2822 2823 2824
2825 2822 2826
2826 2827 2828
2827 2829 2830
2831 2832 2833
2831 2833 2834
2834 2833 2835
2834 2835 2836
2837 2836 2835
2838 2839 2835
2840 2841 2842
2843 2844 2832
2833 2832 2827
2833 2827 2845
2842 2835 2833
2842 2833 2845
2822 2845 2827
2822 2827 2826
2845 2822 2824
2845 2824 2842
2846 2831 2834
2834 2836 2847
2827 2832 2829
2832 2844 2829
2838 2842 2841
2838 2835 2842
2837 2835 2839
2840 2842 2824
2831 2843 2832
2827 2830 2828
2822 2848 2823
2825 2848 2822
2846 2834 2849
2849 2834 2847
2850 2851 2852
2850 2852 2853
2853 2854 2855
2853 2855 2850
2856 2857 2858
2856 2858 2859
2857 2860 2861
2857 2861 2858
2860 2862 2863
2860 2863 2861
2862 2864 2865
2862 2865 2863
2864 2866 2867
2864 2867 2865
2866 2868 2869
2866 2869 2867
2868 2870 2871
2868 2871 2869
2870 2872 2873
2870 2873 2871
2872 2874 2875
2872 2875 2873
2874 2876 2877
2874 2877 2875
2876 2878 2879
2876 2879 2877
2878 2880 2881
2878 2881 2879
2880 2882 2883
2880 2883 2881
2882 2884 2885
2882 2885 2883
2884 2886 2887
2884 2887 2885
2886 2888 2889
2886 2889 2887
2888 2890 2891
2888 2891 2889
2890 2852 2851
2890 2851 2891
2892 2854 2853
2892 2853 2893
2894 2857 2856
2894 2856 2895
2896 2860 2857
2896 2857 2894
2897 2862 2860
2897 2860 2896
2898 2864 2862
2898 2862 2897
2899 2866 2864
2899 2864 2898
2900 2868 2866
2900 2866 2899
2901 2870 2868
2901 2868 2900
2902 2872 2870
2902 2870 2901
2903 2874 2872
2903 2872 2902
2904 2876 2874
2904 2874 2903
2905 2878 2876
2905 2876 2904
2906 2880 2878
2906 2878 2905
2907 2882 2880
2907 2880 2906
2908 2884 2882
2908 2882 2907
2909 2886 2884
2909 2884 2908
2910 2888 2886
2910 2886 2909
2911 2890 2888
2911 2888 2910
2912 2852 2890
2912 2890 2911
2893 2853 2852
2893 2852 2912
2913 2914 2915
2916 2917 2918
2916 2918 2919
2920 2921 2922
2923 2924 2925
2926 2916 2919
2926 2919 2927
2928 2917 2929
2930 2931 2917
2914 2932 2915
2918 2925 2920
2918 2920 2919
2927 2919 2920
2927 2920 2933
2934 2935 2916
2936 2933 2920
2937 2927 2938
2938 2927 2939
2915 2918 2917
2915 2917 2928
2940 2925 2918
2940 2918 2915
2930 2916 2935
2930 2917 2916
2920 2925 2921
2925 2924 2921
2923 2925 2940
2936 2920 2922
2917 2931 2929
2926 2934 2916
2927 2933 2939
2937 2926 2927
2913 2915 2928
2932 2940 2915
2941 2942 2943
2941 2943 2944
2943 2945 2946
2943 2946 2944
2946 2945 2947
2946 2947 2948
2947 2949 2950
2947 2950 2948
2950 2949 2951
2950 2951 2952
2951 2953 2954
2951 2954 2952
2954 2953 2955
2954 2955 2956
2955 2957 2958
2955 2958 2956
2958 2957 2959
2958 2959 2960
2959 2961 2962
2959 2962 2960
2962 2961 2963
2962 2963 2964
2963 2965 2966
2963 2966 2964
2966 2965 2967
2966 2967 2968
2967 2969 2970
2967 2970 2968
2970 2969 2971
2970 2971 2972
2971 2973 2974
2971 2974 2972
2974 2973 2975
2974 2975 2976
2975 2977 2978
2975 2978 2976
2979 2980 2981
2979 2981 2982
2981 2942 2941
2981 2941 2982
2942 2983 2984
2942 2984 2943
2943 2984 2985
2943 2985 2945
2945 2985 2986
2945 2986 2947
2947 2986 2987
2947 2987 2949
2949 2987 2988
2949 2988 2951
2951 2988 2989
2951 2989 2953
2953 2989 2990
2953 2990 2955
2955 2990 2991
2955 2991 2957
2957 2991 2992
2957 2992 2959
2959 2992 2993
2959 2993 2961
2961 2993 2994
2961 2994 2963
2963 2994 2995
2963 2995 2965
2965 2995 2996
2965 2996 2967
2967 2996 2997
2967 2997 2969
2969 2997 2998
2969 2998 2971
2971 2998 2999
2971 2999 2973
2973 2999 3000
2973 3000 2975
2975 3000 3001
2975 3001 2977
2980 3002 3003
2980 3003 2981
2981 3003 2983
2981 2983 2942
3004 3005 3006
3004 3006 3007
3004 3008 3009
3004 3009 3005
3010 3011 3012
3013 3014 3015
3016 3017 3004
3016 3004 3007
3018 3019 3004
3018 3004 3020
3021 3022 3004
3021 3004 3017
3004 3023 3024
3004 3024 3025
3026 3023 3004
3026 3004 3022
3004 3027 3028
3004 3028 3008
3004 3019 3029
3004 3029 3027
3030 3031 3032
3030 3032 3033
3034 3035 3036
3011 3037 3038
3011 3038 3039
3040 3041 3042
3043 3034 3036
3043 3036 3042
3037 3030 3033
3037 3033 3038
3039 3044 3045
3038 3046 3044
3038 3044 3039
3047 3048 3038
3032 3049 3033
3013 3015 3011
3013 3011 3050
3042 3037 3011
3042 3011 3015
3036 3030 3037
3036 3037 3042
3051 3052 3030
3014 3040 3042
3014 3042 3015
3011 3010 3050
3011 3039 3045
3011 3045 3012
3033 3049 3047
3033 3047 3038
3038 3048 3046
3041 3043 3042
3030 3052 3031
3035 3051 3030
3035 3030 3036
3053 3054 3055
3053 3055 3056
3054 3057 3058
3054 3058 3055
3057 3059 3060
3057 3060 3058
3059 3061 3062
3059 3062 3060
3061 3063 3064
3061 3064 3062
3063 3065 3066
3063 3066 3064
3065 3067 3068
3065 3068 3066
3067 3069 3070
3067 3070 3068
3069 3071 3072
3069 3072 3070
3071 3073 3074
3071 3074 3072
3073 3075 3076
3073 3076 3074
3075 3077 3078
3075 3078 3076
3077 3079 3080
3077 3080 3078
3079 3081 3082
3079 3082 3080
3081 3083 3084
3081 3084 3082
3083 3085 3086
3083 3086 3084
3085 3087 3088
3085 3088 3086
3089 3090 3091
3089 3091 3092
3093 3094 3095
3096 3097 3098
3096 3098 3099
3100 3101 3102
3100 3102 3103
3104 3096 3099
3104 3099 3105
3089 3092 3095
3089 3095 3094
3097 3100 3103
3097 3103 3098
3090 3104 3105
3090 3105 3091
3106 3107 3108
3106 3108 3109
3110 3111 3112
3113 3114 3115
3113 3115 3116
3117 3118 3119
3117 3119 3120
3116 3115 3121
3116 3121 3122
3111 3109 3108
3111 3108 3112
3120 3119 3114
3120 3114 3113
3122 3121 3107
3122 3107 3106
3123 3124 3125
3126 3127 3128
3129 3130 3124
3129 3131 3132
3133 3128 3127
3129 3132 3130
3134 3126 3128
3135 3136 3137
3138 3139 3140
3138 3140 3141
3128 3133 3142
3143 3144 3145
3143 3145 3146
3147 3143 3146
3147 3146 3148
3149 3147 3148
3149 3148 3150
3151 3149 3150
3151 3150 3152
3144 3153 3138
3147 3149 3154
3155 3143 3156
3137 3136 3149
3137 3149 3151
3157 3158 3146
3157 3146 3145
3158 3159 3148
3158 3148 3146
3159 3160 3150
3159 3150 3148
3160 3161 3152
3160 3152 3150
3162 3163 3164
3163 3165 3164
3166 3167 3168
3167 3169 3168
3170 3171 3172
3171 3173 3172
3164 3165 3171
3165 3173 3171
3174 3170 3175
3170 3172 3175
3168 3169 3176
3169 3177 3176
3166 3174 3167
3174 3175 3167
3178 3163 3162
3178 3162 3179
3180 3181 3182
3181 3183 3182
3176 3177 3180
3177 3181 3180
3184 3185 3186
3185 3187 3186
3188 3189 3190
3188 3190 3191
3182 3183 3185
3183 3187 3185
3190 3189 3178
3190 3178 3179
3192 3193 3194
3193 3195 3194
3184 3186 3196
3186 3197 3196
3198 3192 3199
3192 3194 3199
3200 3198 3201
3198 3199 3201
3200 3201 3202
3201 3203 3202
3204 3205 3188
3204 3188 3191
3206 3207 3208
3209 3210 3211
3209 3211 3212
3213 3214 3210
3213 3210 3209
3215 3216 3214
3215 3214 3213
3217 3218 3216
3217 3216 3215
3219 3211 3210
3219 3210 3220
3220 3210 3214
3220 3214 3221
3221 3214 3216
3221 3216 3222
3222 3216 3218
3222 3218 3223
3224 3225 3226
3225 3227 3226
3228 3229 3230
3229 3231 3230
3232 3233 3234
3233 3235 3234
3225 3233 3227
3233 3232 3227
3234 3235 3236
3235 3237 3236
3229 3238 3231
3238 3239 3231
3236 3237 3230
3237 3228 3230
3224 3226 3240
3224 3240 3241
3242 3243 3244
3243 3245 3244
3238 3242 3239
3242 3244 3239
3246 3247 3248
3247 3249 3248
3250 3251 3252
3250 3252 3253
3243 3247 3245
3247 3246 3245
3250 3241 3240
3250 3240 3251
3254 3255 3256
3255 3257 3256
3249 3258 3248
3258 3259 3248
3256 3257 3260
3257 3261 3260
3260 3261 3262
3261 3263 3262
3263 3264 3262
3264 3265 3262
3266 3253 3252
3266 3252 3267
3268 3269 3270
3268 3270 3271
3272 3273 3274
3272 3274 3275
3269 3276 3277
3269 3277 3270
3278 3279 3276
3278 3276 3269
3280 3278 3269
3280 3269 3268
3281 3282 3273
3281 3273 3272
3283 3284 3285
3284 3286 3285
3287 3288 3289
3287 3289 3290
3291 3292 3288
3291 3288 3287
3293 3294 3295
3294 3296 3295
3296 3297 3298
3296 3298 3295
3298 3297 3299
3298 3299 3300
3301 3302 3303
3301 3303 3304
3305 3306 3283
3306 3284 3283
3307 3280 3268
3307 3268 3308
3308 3268 3271
3308 3271 3309
3282 3307 3308
3282 3308 3273
3273 3308 3309
3273 3309 3274
3300 3299 3304
3300 3304 3303
3310 3271 3270
3310 3270 3311
3274 3312 3313
3274 3313 3275
3277 3314 3311
3277 3311 3270
3314 3315 3316
3314 3316 3311
3317 3310 3311
3317 3311 3316
3312 3318 3319
3312 3319 3313
3286 3320 3285
3320 3321 3285
3289 3322 3323
3289 3323 3290
3322 3324 3325
3322 3325 3323
3326 3327 3328
3327 3329 3328
3330 3331 3326
3330 3326 3328
3330 3332 3333
3330 3333 3331
3334 3335 3336
3334 3336 3337
3320 3338 3321
3338 3339 3321
3310 3317 3340
3310 3340 3341
3271 3310 3341
3271 3341 3309
3341 3340 3318
3341 3318 3312
3309 3341 3312
3309 3312 3274
3332 3334 3337
3332 3337 3333
3342 3343 3344
3345 3346 3347
3345 3347 3348
3349 3350 3346
3349 3346 3345
3351 3352 3350
3351 3350 3349
3353 3354 3352
3353 3352 3351
3355 3356 3354
3355 3354 3353
3344 3343 3357
3344 3357 3358
3358 3357 3356
3358 3356 3355
3359 3348 3347
3360 3361 3362
3363 3360 3364
3365 3366 3363
3366 3367 3363
3368 3369 3370
3369 3371 3370
3369 3372 3371
3372 3373 3371
3372 3374 3373
3374 3375 3373
3376 3377 3378
3379 3380 3376
3381 3382 3379
3382 3380 3379
3374 3378 3375
3378 3377 3375
3383 3384 3385
3383 3385 3386
3384 3387 3388
3384 3388 3385
3387 3389 3390
3387 3390 3388
3391 3392 3390
3391 3390 3389
3391 3393 3394
3391 3394 3392
3395 3394 3393
3395 3393 3396
3395 3396 3397
3395 3397 3398
3399 3400 3401
3399 3401 3402
3403 3404 3400
3403 3400 3399
3405 3406 3407
3405 3407 3408
3409 3410 3411
3408 3407 3404
3408 3404 3403
3412 3413 3409
3414 3415 3409
3416 3414 3409
3417 3418 3409
3419 3417 3409
3420 3419 3409
3421 3420 3409
3421 3409 3422
3409 3411 3422
3366 3368 3367
3368 3370 3367
3398 3397 3402
3398 3402 3401
3418 3416 3409
3364 3360 3362
3415 3412 3409
3365 3363 3364
3423 3424 3425
3426 3427 3423
3428 3429 3426
3429 3430 3426
3431 3432 3433
3432 3434 3433
3435 3436 3431
3436 3432 3431
3437 3438 3435
3438 3436 3435
3439 3440 3441
3442 3439 3441
3443 3442 3444
3442 3441 3444
3440 3445 3437
3445 3438 3437
3446 3447 3448
3446 3448 3449
3450 3451 3447
3450 3447 3446
3452 3453 3451
3452 3451 3450
3454 3455 3453
3454 3453 3452
3456 3457 3455
3456 3455 3454
3457 3456 3458
3457 3458 3459
3458 3460 3461
3458 3461 3459
3462 3463 3464
3462 3464 3465
3466 3462 3465
3466 3465 3467
3468 3469 3470
3468 3470 3471
3472 3473 3474
3469 3466 3467
3469 3467 3470
3475 3472 3476
3477 3472 3478
3479 3472 3477
3480 3472 3481
3482 3472 3480
3483 3472 3482
3484 3472 3483
3484 3485 3472
3472 3485 3473
3433 3434 3428
3434 3429 3428
3463 3461 3460
3463 3460 3464
3481 3472 3479
3427 3424 3423
3478 3472 3475
3430 3427 3426
3439 3445 3440
3376 3380 3377
3486 3487 3488
3487 3489 3488
3490 3491 3492
3490 3492 3493
3494 3495 3496
3494 3496 3497
3498 3499 3500
3498 3500 3501
3502 3503 3504
3502 3504 3505
3506 3507 3502
3506 3502 3505
3508 3509 3510
3508 3510 3511
3512 3513 3514
3508 3511 3507
3508 3507 3506
3515 3516 3517
3515 3517 3518
3516 3519 3520
3516 3520 3517
3521 3522 3523
3521 3523 3524
3525 3526 3527
3528 3521 3524
3529 3530 3531
3529 3531 3532
3533 3529 3532
3533 3532 3534
3535 3533 3534
3535 3534 3536
3537 3535 3536
3537 3536 3538
3539 3537 3538
3539 3538 3540
3541 3542 3531
3541 3531 3530
3540 3543 3544
3528 3524 3495
3524 3496 3495
3545 3546 3537
3545 3537 3539
3546 3547 3535
3546 3535 3537
3547 3548 3533
3547 3533 3535
3533 3548 3549
3533 3549 3529
3529 3549 3550
3529 3550 3530
3530 3550 3551
3530 3551 3541
3546 3545 3552
3546 3552 3553
3554 3555 3556
3555 3553 3556
3555 3554 3557
3555 3557 3558
3558 3557 3559
3558 3559 3560
3560 3559 3561
3560 3561 3562
3562 3561 3563
3562 3563 3564
3488 3489 3525
3489 3526 3525
3552 3522 3521
3493 3492 3565
3493 3565 3566
3552 3521 3528
3519 3523 3522
3519 3522 3520
3566 3567 3568
3565 3492 3569
3517 3520 3570
3522 3571 3520
3539 3572 3573
3574 3545 3575
3574 3571 3522
3565 3567 3566
3544 3572 3539
3575 3545 3573
3569 3492 3518
3540 3544 3539
3539 3573 3545
3552 3545 3574
3552 3574 3522
3550 3562 3564
3550 3564 3551
3549 3560 3562
3549 3562 3550
3548 3558 3560
3548 3560 3549
3548 3547 3555
3548 3555 3558
3546 3553 3547
3553 3555 3547
3553 3552 3576
3520 3571 3570
3492 3491 3515
3492 3515 3518
3553 3576 3556
3512 3514 3577
3578 3579 3577
3578 3499 3498
3580 3581 3582
3581 3583 3582
3584 3585 3586
3584 3586 3587
3588 3589 3590
3588 3590 3591
3592 3593 3594
3595 3596 3594
3595 3594 3597
3598 3599 3600
3598 3600 3601
3602 3601 3600
3602 3600 3603
3604 3605 3606
3604 3606 3607
3608 3609 3610
3604 3602 3603
3604 3603 3605
3608 3592 3611
3612 3613 3614
3612 3614 3615
3615 3614 3616
3615 3616 3617
3618 3619 3620
3618 3620 3621
3622 3623 3624
3625 3619 3618
3626 3627 3628
3626 3628 3629
3630 3631 3627
3630 3627 3626
3632 3633 3631
3632 3631 3630
3634 3635 3633
3634 3633 3632
3635 3634 3636
3635 3636 3637
3628 3638 3541
3628 3541 3629
3637 3639 3640
3625 3591 3619
3591 3590 3619
3634 3641 3642
3634 3642 3636
3632 3643 3641
3632 3641 3634
3630 3644 3643
3630 3643 3632
3630 3626 3645
3630 3645 3644
3626 3629 3646
3626 3646 3645
3629 3541 3551
3629 3551 3646
3641 3647 3648
3641 3648 3642
3649 3650 3651
3650 3647 3651
3652 3649 3651
3652 3651 3653
3654 3652 3653
3654 3653 3655
3656 3654 3655
3656 3655 3657
3658 3656 3657
3658 3657 3564
3624 3583 3622
3583 3581 3622
3648 3618 3621
3659 3584 3587
3659 3587 3660
3648 3625 3618
3584 3613 3612
3584 3612 3585
3621 3620 3617
3621 3617 3616
3660 3661 3662
3659 3663 3584
3614 3664 3616
3621 3616 3665
3636 3666 3667
3668 3669 3642
3668 3621 3665
3659 3660 3662
3639 3636 3667
3669 3666 3642
3663 3613 3584
3637 3636 3639
3636 3642 3666
3648 3668 3642
3648 3621 3668
3564 3657 3646
3564 3646 3551
3657 3655 3645
3657 3645 3646
3655 3653 3644
3655 3644 3645
3644 3653 3651
3644 3651 3643
3651 3647 3643
3647 3641 3643
3647 3670 3648
3616 3664 3665
3647 3650 3670
3608 3611 3609
3671 3579 3672
3671 3672 3673
3671 3673 3674
3593 3675 3676
3593 3676 3677
3678 3675 3592
3608 3678 3592
3579 3679 3512
3680 3611 3592
3579 3512 3577
3681 3671 3674
3681 3674 3682
3675 3683 3684
3675 3684 3676
3678 3683 3675
3672 3498 3501
3672 3501 3673
3594 3593 3677
3594 3677 3597
3671 3681 3679
3680 3594 3596
3498 3579 3578
3671 3679 3579
3675 3593 3592
3498 3672 3579
3592 3594 3680
3685 3215 3686
3687 3217 3215
3687 3215 3685
3688 3689 3690
3688 3690 3691
3692 3693 3694
3695 3694 3696
3697 3698 3699
3700 3699 3698
3701 3700 3702
3703 3704 3705
3212 3706 3209
3213 3209 3707
3688 3687 3689
3708 3709 3135
3687 3685 3689
3708 3135 3137
3213 3710 3686
3149 3136 3154
3209 3706 3707
3147 3711 3156
3212 3703 3705
3144 3155 3153
3212 3705 3706
3144 3143 3155
3712 3701 3704
3138 3153 3139
3700 3698 3702
3133 3141 3140
3133 3140 3142
3713 3124 3123
3206 3208 3692
3123 3125 3708
3208 3207 3691
3134 3131 3126
3695 3698 3697
3134 3132 3131
3695 3697 3694
3713 3129 3124
3208 3693 3692
3143 3147 3156
3710 3213 3707
3711 3147 3154
3215 3213 3686
3125 3709 3708
3207 3688 3691
3714 3715 3716
3714 3716 3717
3717 3716 3718
3717 3718 3719
3719 3718 3720
3719 3720 3721
3721 3720 3722
3721 3722 3723
3723 3722 3724
3723 3724 3725
3725 3724 3726
3725 3726 3727
3727 3726 3728
3727 3728 3729
3729 3728 3730
3729 3730 3731
3731 3730 3732
3731 3732 3733
3733 3732 3734
3733 3734 3735
3735 3734 3736
3735 3736 3737
3737 3736 3738
3737 3738 3739
3739 3738 3740
3739 3740 3741
3741 3740 3742
3741 3742 3743
3743 3742 3744
3743 3744 3745
3745 3744 3746
3745 3746 3747
3747 3746 3748
3747 3748 3749
3693 3696 3694
3703 3712 3704
3701 3712 3700
3750 3751 3752
3752 3751 3753
3753 3751 3754
3754 3751 3755
3755 3751 3756
3756 3751 3757
3757 3751 3758
3758 3751 3759
3759 3751 3760
3760 3751 3761
3761 3751 3762
3762 3751 3763
3763 3751 3764
3764 3751 3765
3765 3751 3766
3766 3751 3767
3767 3751 3750
3768 3769 3770
3771 3769 3768
3772 3769 3771
3773 3769 3772
3774 3769 3773
3775 3769 3774
3776 3769 3775
3777 3769 3776
3778 3769 3777
3779 3769 3778
3780 3769 3779
3781 3769 3780
3782 3769 3781
3783 3769 3782
3784 3769 3783
3785 3769 3784
3770 3769 3785
