byte offset: 0
first index: 57966
index count: 2964
topology: trianglelist
format: DXGI_FORMAT_R16_UINT

15237 15238 15239
15237 15239 15240
15241 15237 15240
15241 15240 15242
15243 15241 15242
15243 15242 15244
15245 15243 15244
15245 15244 15246
15247 15245 15246
15247 15246 15248
15249 15247 15248
15249 15248 15250
15251 15252 15253
15251 15253 15254
15255 15251 15254
15255 15254 15256
15257 15255 15256
15257 15256 15258
15238 15257 15258
15238 15258 15239
15259 15260 15261
15259 15261 15262
15263 15259 15262
15263 15262 15264
15265 15263 15264
15265 15264 15266
15267 15265 15266
15267 15266 15268
15269 15270 15271
15269 15271 15272
15273 15269 15272
15273 15272 15274
15275 15273 15274
15275 15274 15276
15277 15275 15276
15277 15276 15278
15279 15277 15278
15279 15278 15280
15260 15279 15280
15260 15280 15261
15281 15282 15283
15281 15283 15284
15285 15286 15282
15285 15282 15281
15287 15288 15286
15287 15286 15285
15289 15290 15288
15289 15288 15287
15291 15292 15290
15291 15290 15289
15293 15294 15292
15293 15292 15291
15295 15296 15294
15295 15294 15293
15297 15298 15296
15297 15296 15295
15299 15300 15298
15299 15298 15297
15301 15302 15300
15301 15300 15299
15303 15304 15305
15303 15305 15306
15307 15308 15304
15307 15304 15303
15309 15310 15308
15309 15308 15307
15311 15312 15310
15311 15310 15309
15313 15314 15312
15313 15312 15311
15315 15316 15314
15315 15314 15313
15317 15318 15316
15317 15316 15315
15319 15320 15318
15319 15318 15317
15321 15322 15320
15321 15320 15319
15323 15324 15322
15323 15322 15321
15325 15326 15327
15325 15327 15328
15329 15330 15326
15329 15326 15325
15331 15332 15330
15331 15330 15329
15333 15334 15332
15333 15332 15331
15335 15336 15334
15335 15334 15333
15337 15338 15336
15337 15336 15335
15339 15340 15341
15339 15341 15342
15343 15344 15340
15343 15340 15339
15345 15346 15344
15345 15344 15343
15328 15327 15346
15328 15346 15345
15347 15348 15349
15347 15349 15350
15351 15352 15348
15351 15348 15347
15353 15354 15352
15353 15352 15351
15355 15356 15354
15355 15354 15353
15357 15358 15359
15357 15359 15360
15361 15362 15358
15361 15358 15357
15363 15364 15362
15363 15362 15361
15365 15366 15364
15365 15364 15363
15367 15368 15366
15367 15366 15365
15350 15349 15368
15350 15368 15367
15369 15370 15371
15369 15371 15372
15372 15371 15373
15372 15373 15374
15374 15373 15375
15374 15375 15376
15376 15375 15377
15376 15377 15378
15378 15377 15379
15378 15379 15380
15380 15379 15381
15380 15381 15382
15381 15383 15384
15381 15384 15382
15384 15383 15385
15384 15385 15386
15386 15385 15387
15386 15387 15388
15388 15387 15389
15388 15389 15390
15391 15392 15393
15391 15393 15394
15394 15393 15395
15394 15395 15396
15396 15395 15397
15396 15397 15398
15398 15397 15399
15398 15399 15400
15400 15399 15401
15400 15401 15402
15402 15401 15403
15402 15403 15404
15404 15403 15405
15404 15405 15406
15406 15405 15407
15406 15407 15408
15407 15409 15410
15407 15410 15408
15410 15409 15411
15410 15411 15412
15413 15414 15415
15413 15415 15416
15417 15418 15414
15417 15414 15413
15419 15418 15417
15419 15417 15420
15421 15422 15419
15421 15419 15420
15423 15424 15422
15423 15422 15421
15425 15426 15424
15425 15424 15423
15427 15428 15426
15427 15426 15425
15429 15430 15428
15429 15428 15427
15431 15432 15433
15431 15433 15434
15435 15436 15432
15435 15432 15431
15437 15438 15436
15437 15436 15435
15439 15440 15438
15439 15438 15437
15441 15442 15440
15441 15440 15439
15443 15444 15442
15443 15442 15441
15445 15446 15444
15445 15444 15443
15447 15448 15446
15447 15446 15445
15449 15450 15448
15449 15448 15447
15451 15452 15450
15451 15450 15449
15453 15454 15455
15453 15455 15456
15416 15415 15454
15416 15454 15453
15457 15458 15385
15457 15385 15383
15381 15459 15457
15381 15457 15383
15379 15460 15459
15379 15459 15381
15377 15461 15460
15377 15460 15379
15375 15462 15461
15375 15461 15377
15373 15463 15462
15373 15462 15375
15371 15464 15463
15371 15463 15373
15370 15465 15464
15370 15464 15371
15282 15466 15467
15282 15467 15283
15286 15468 15466
15286 15466 15282
15288 15469 15468
15288 15468 15286
15290 15470 15469
15290 15469 15288
15292 15471 15470
15292 15470 15290
15294 15472 15471
15294 15471 15292
15296 15473 15472
15296 15472 15294
15298 15474 15473
15298 15473 15296
15300 15475 15474
15300 15474 15298
15302 15476 15475
15302 15475 15300
15387 15477 15478
15387 15478 15389
15385 15458 15477
15385 15477 15387
15416 15453 15409
15416 15409 15407
15405 15413 15416
15405 15416 15407
15403 15417 15413
15403 15413 15405
15401 15420 15417
15401 15417 15403
15399 15421 15420
15399 15420 15401
15397 15423 15421
15397 15421 15399
15395 15425 15423
15395 15423 15397
15393 15427 15425
15393 15425 15395
15392 15429 15427
15392 15427 15393
15304 15431 15434
15304 15434 15305
15308 15435 15431
15308 15431 15304
15310 15437 15435
15310 15435 15308
15312 15439 15437
15312 15437 15310
15314 15441 15439
15314 15439 15312
15316 15443 15441
15316 15441 15314
15318 15445 15443
15318 15443 15316
15320 15447 15445
15320 15445 15318
15322 15449 15447
15322 15447 15320
15324 15451 15449
15324 15449 15322
15409 15453 15456
15409 15456 15411
15458 15479 15480
15458 15480 15477
15481 15479 15458
15481 15458 15457
15459 15482 15481
15459 15481 15457
15460 15483 15482
15460 15482 15459
15461 15484 15483
15461 15483 15460
15462 15485 15484
15462 15484 15461
15463 15486 15485
15463 15485 15462
15464 15487 15486
15464 15486 15463
15465 15488 15487
15465 15487 15464
15466 15489 15490
15466 15490 15467
15468 15491 15489
15468 15489 15466
15469 15492 15491
15469 15491 15468
15470 15493 15492
15470 15492 15469
15471 15494 15493
15471 15493 15470
15472 15495 15494
15472 15494 15471
15473 15496 15495
15473 15495 15472
15474 15497 15496
15474 15496 15473
15475 15498 15497
15475 15497 15474
15476 15499 15498
15476 15498 15475
15477 15480 15500
15477 15500 15478
15501 15502 15503
15501 15504 15505
15506 15504 15501
15507 15508 15509
15510 15509 15508
15511 15512 15513
15514 15515 15516
15517 15518 15519
15520 15521 15522
15514 15517 15515
15523 15524 15525
15512 15526 15527
15512 15527 15525
15503 15528 15529
15503 15529 15501
15519 15530 15531
15519 15531 15515
15532 15533 15534
15532 15534 15508
15508 15534 15535
15508 15535 15510
15523 15525 15536
15537 15538 15539
15537 15539 15540
15540 15539 15541
15506 15501 15529
15506 15529 15542
15543 15526 15512
15543 15512 15511
15544 15545 15546
15544 15546 15547
15548 15549 15550
15548 15550 15551
15548 15551 15552
15548 15552 15553
15548 15553 15554
15555 15556 15557
15555 15557 15544
15544 15557 15545
15558 15559 15560
15561 15562 15563
15561 15563 15564
15561 15564 15565
15566 15567 15559
15566 15559 15558
15561 15568 15569
15558 15570 15571
15544 15547 15572
15548 15573 15549
15558 15560 15570
15569 15562 15561
15544 15572 15574
15544 15574 15575
15576 15577 15573
15576 15573 15548
15543 15576 15548
15543 15548 15526
15526 15548 15554
15526 15554 15527
15537 15578 15579
15537 15579 15538
15528 15555 15544
15528 15544 15529
15529 15544 15575
15529 15575 15542
15533 15566 15558
15533 15558 15534
15534 15558 15571
15534 15571 15535
15530 15561 15565
15530 15565 15531
15580 15581 15582
15580 15582 15583
15582 15581 15584
15582 15584 15585
15585 15584 15586
15585 15586 15587
15587 15586 15588
15587 15588 15589
15589 15588 15590
15589 15590 15591
15591 15590 15592
15591 15592 15593
15593 15592 15594
15593 15594 15595
15595 15594 15596
15597 15598 15599
15597 15599 15600
15600 15599 15601
15600 15601 15602
15602 15601 15603
15602 15603 15604
15604 15603 15605
15604 15605 15606
15606 15605 15607
15606 15607 15608
15608 15607 15609
15608 15609 15610
15610 15609 15611
15610 15611 15612
15612 15611 15613
15612 15613 15614
15614 15613 15615
15614 15615 15616
15616 15615 15579
15616 15579 15578
15617 15598 15597
15514 15516 15511
15618 15619 15620
15621 15622 15623
15624 15625 15540
15624 15626 15625
15627 15521 15520
15618 15620 15595
15622 15597 15623
15540 15541 15624
15501 15505 15628
15622 15617 15597
15595 15596 15618
15532 15508 15629
15508 15507 15629
15630 15519 15518
15530 15519 15630
15530 15630 15631
15568 15561 15632
15561 15530 15631
15561 15631 15632
15504 15627 15505
15570 15633 15571
15634 15635 15636
15502 15628 15634
15502 15501 15628
15628 15635 15634
15627 15520 15505
15520 15522 15629
15507 15520 15629
15524 15513 15512
15514 15511 15513
15524 15512 15525
15517 15519 15515
15637 15638 15639
15637 15640 15641
15642 15637 15641
15643 15644 15645
15646 15645 15644
15647 15648 15649
15650 15651 15652
15653 15654 15655
15656 15657 15658
15650 15652 15653
15523 15659 15660
15649 15659 15661
15649 15661 15662
15638 15637 15663
15638 15663 15664
15654 15652 15665
15654 15665 15666
15667 15645 15668
15667 15668 15669
15645 15646 15670
15645 15670 15668
15523 15536 15659
15671 15672 15673
15671 15673 15674
15672 15675 15673
15642 15676 15663
15642 15663 15637
15677 15647 15649
15677 15649 15662
15678 15679 15680
15678 15681 15679
15682 15683 15684
15682 15685 15683
15682 15686 15685
15682 15687 15688
15682 15688 15686
15689 15678 15690
15689 15690 15691
15678 15680 15690
15692 15693 15694
15695 15696 15697
15695 15698 15699
15695 15699 15696
15700 15692 15694
15700 15694 15701
15695 15702 15703
15692 15704 15705
15678 15706 15681
15682 15684 15707
15692 15705 15693
15702 15695 15697
15678 15708 15709
15678 15709 15706
15710 15682 15707
15710 15707 15711
15712 15704 15713
15677 15662 15682
15677 15682 15710
15662 15661 15687
15662 15687 15682
15671 15674 15714
15671 15714 15715
15664 15663 15678
15664 15678 15689
15663 15676 15708
15663 15708 15678
15669 15668 15692
15669 15692 15700
15668 15670 15704
15668 15704 15692
15666 15665 15698
15666 15698 15695
15716 15717 15718
15716 15718 15719
15718 15720 15721
15718 15721 15719
15720 15722 15723
15720 15723 15721
15722 15724 15725
15722 15725 15723
15724 15726 15727
15724 15727 15725
15726 15728 15729
15726 15729 15727
15728 15730 15731
15728 15731 15729
15730 15732 15731
15733 15734 15735
15733 15735 15736
15734 15737 15738
15734 15738 15735
15737 15739 15740
15737 15740 15738
15739 15741 15742
15739 15742 15740
15741 15743 15744
15741 15744 15742
15743 15745 15746
15743 15746 15744
15745 15747 15748
15745 15748 15746
15747 15749 15750
15747 15750 15748
15749 15751 15752
15749 15752 15750
15751 15715 15714
15751 15714 15752
15753 15733 15736
15650 15647 15651
15754 15755 15756
15757 15758 15759
15760 15672 15761
15760 15761 15762
15763 15656 15658
15754 15730 15755
15759 15758 15733
15672 15760 15675
15637 15764 15640
15759 15733 15753
15730 15754 15732
15667 15765 15645
15645 15765 15643
15641 15640 15763
15705 15704 15712
15766 15636 15635
15639 15766 15764
15639 15764 15637
15764 15766 15635
15763 15640 15656
15656 15765 15657
15643 15765 15656
15660 15649 15648
15650 15648 15647
15660 15659 15649
15653 15652 15654
15703 15767 15695
15695 15767 15768
15695 15768 15666
15666 15768 15769
15666 15769 15654
15655 15654 15769
15633 15770 15571
15771 15772 15773
15771 15774 15775
15776 15771 15775
15777 15778 15779
15780 15779 15778
15781 15782 15783
15784 15785 15786
15787 15788 15789
15790 15791 15792
15784 15786 15787
15793 15794 15795
15783 15794 15796
15783 15796 15797
15772 15771 15798
15772 15798 15799
15788 15786 15800
15788 15800 15801
15802 15779 15803
15802 15803 15804
15779 15780 15805
15779 15805 15803
15793 15806 15794
15807 15808 15809
15807 15809 15810
15808 15811 15809
15776 15812 15798
15776 15798 15771
15813 15781 15783
15813 15783 15797
15814 15815 15816
15814 15817 15815
15818 15819 15820
15818 15821 15819
15818 15822 15821
15818 15823 15824
15818 15824 15822
15825 15814 15826
15825 15826 15827
15814 15816 15826
15828 15829 15830
15831 15832 15833
15831 15834 15835
15831 15835 15832
15836 15828 15830
15836 15830 15837
15831 15838 15839
15828 15840 15841
15814 15842 15817
15818 15820 15843
15828 15841 15829
15838 15831 15833
15814 15844 15845
15814 15845 15842
15846 15818 15843
15846 15843 15847
15813 15797 15818
15813 15818 15846
15797 15796 15823
15797 15823 15818
15807 15810 15848
15807 15848 15849
15799 15798 15814
15799 15814 15825
15798 15812 15844
15798 15844 15814
15804 15803 15828
15804 15828 15836
15803 15805 15840
15803 15840 15828
15801 15800 15834
15801 15834 15831
15580 15583 15850
15580 15850 15851
15850 15852 15853
15850 15853 15851
15852 15854 15855
15852 15855 15853
15854 15856 15857
15854 15857 15855
15856 15858 15859
15856 15859 15857
15858 15860 15861
15858 15861 15859
15860 15862 15863
15860 15863 15861
15862 15864 15863
15865 15866 15867
15865 15867 15868
15866 15869 15870
15866 15870 15867
15869 15871 15872
15869 15872 15870
15871 15873 15874
15871 15874 15872
15873 15875 15876
15873 15876 15874
15875 15877 15878
15875 15878 15876
15877 15879 15880
15877 15880 15878
15879 15881 15882
15879 15882 15880
15881 15883 15884
15881 15884 15882
15883 15849 15848
15883 15848 15884
15885 15865 15868
15784 15781 15785
15886 15887 15888
15889 15890 15891
15892 15808 15893
15892 15893 15894
15895 15790 15792
15886 15862 15887
15891 15890 15865
15808 15892 15811
15771 15896 15774
15891 15865 15885
15862 15886 15864
15802 15897 15779
15779 15897 15777
15898 15789 15788
15801 15899 15898
15801 15898 15788
15839 15900 15831
15831 15900 15899
15831 15899 15801
15775 15774 15895
15841 15840 15901
15902 15903 15904
15773 15902 15896
15773 15896 15771
15896 15902 15904
15895 15774 15790
15790 15897 15791
15777 15897 15790
15795 15783 15782
15784 15782 15781
15795 15794 15783
15787 15786 15788
15905 15906 15907
15905 15908 15909
15910 15908 15905
15911 15912 15913
15914 15913 15912
15915 15916 15917
15918 15919 15920
15921 15922 15923
15924 15925 15926
15918 15921 15919
15793 15927 15928
15916 15929 15930
15916 15930 15928
15907 15931 15932
15907 15932 15905
15923 15933 15934
15923 15934 15919
15935 15936 15937
15935 15937 15912
15912 15937 15938
15912 15938 15914
15793 15928 15806
15939 15940 15941
15939 15941 15942
15942 15941 15943
15910 15905 15932
15910 15932 15944
15945 15929 15916
15945 15916 15915
15946 15947 15948
15946 15948 15949
15950 15951 15952
15950 15952 15953
15950 15953 15954
15950 15954 15955
15950 15955 15956
15957 15958 15959
15957 15959 15946
15946 15959 15947
15960 15961 15962
15963 15964 15965
15963 15965 15966
15963 15966 15967
15968 15969 15961
15968 15961 15960
15963 15970 15971
15960 15972 15973
15946 15949 15974
15950 15975 15951
15960 15962 15972
15971 15964 15963
15946 15974 15976
15946 15976 15977
15978 15979 15975
15978 15975 15950
15980 15981 15973
15945 15978 15950
15945 15950 15929
15929 15950 15956
15929 15956 15930
15939 15982 15983
15939 15983 15940
15931 15957 15946
15931 15946 15932
15932 15946 15977
15932 15977 15944
15936 15968 15960
15936 15960 15937
15937 15960 15973
15937 15973 15938
15933 15963 15967
15933 15967 15934
15716 15984 15985
15716 15985 15717
15985 15984 15986
15985 15986 15987
15987 15986 15988
15987 15988 15989
15989 15988 15990
15989 15990 15991
15991 15990 15992
15991 15992 15993
15993 15992 15994
15993 15994 15995
15995 15994 15996
15995 15996 15997
15997 15996 15998
15999 16000 16001
15999 16001 16002
16002 16001 16003
16002 16003 16004
16004 16003 16005
16004 16005 16006
16006 16005 16007
16006 16007 16008
16008 16007 16009
16008 16009 16010
16010 16009 16011
16010 16011 16012
16012 16011 16013
16012 16013 16014
16014 16013 16015
16014 16015 16016
16016 16015 16017
16016 16017 16018
16018 16017 15983
16018 15983 15982
16019 16000 15999
15918 15920 15915
16020 16021 16022
16023 16024 16025
16026 16027 15942
16026 16028 16027
16029 15925 15924
16020 16022 15997
16024 15999 16025
15942 15943 16026
15905 15909 16030
16024 16019 15999
15997 15998 16020
15935 15912 16031
15912 15911 16031
15908 16029 15909
15972 15980 15973
16032 15904 15903
15906 16030 16032
15906 15905 16030
16030 15904 16032
16029 15924 15909
15924 15926 16031
15911 15924 16031
15927 15917 15916
15918 15915 15917
15927 15916 15928
15921 15923 15919
15970 15963 16033
15963 15933 16034
15963 16034 16033
15933 15923 16035
15933 16035 16034
15922 16035 15923
15901 15840 16036
16037 16038 16039
16037 16039 16040
16037 16041 16042
16037 16042 16038
16043 16044 16042
16043 16042 16041
16045 16046 16044
16047 16045 16048
16047 16048 16049
16050 16051 16052
16050 16052 16053
16050 16054 16055
16050 16053 16054
16056 16057 16058
16056 16059 16057
16054 16056 16058
16054 16058 16055
16060 16061 16062
16060 16062 16063
16064 16065 16066
16064 16067 16065
16064 16068 16069
16064 16069 16067
16070 16071 16072
16070 16072 16073
16069 16068 16071
16069 16071 16070
16074 16075 16076
16077 16074 16078
16077 16078 16079
16080 16077 16079
16080 16079 16081
16082 16080 16081
16082 16081 16083
16084 16082 16083
16084 16083 16085
16086 16084 16085
16086 16085 16087
16047 16046 16045
16039 16088 16089
16039 16089 16040
16090 16060 16063
16090 16063 16091
16091 16092 16093
16091 16093 16090
16094 16093 16092
16094 16092 16095
16096 16047 16097
16098 16099 16100
16098 16100 16101
16098 16101 16102
16098 16102 16103
16104 16103 16102
16104 16102 16105
16104 16105 16106
16107 16108 16109
16107 16109 16106
16110 16111 16112
16110 16113 16111
16110 16114 16115
16110 16115 16113
16116 16117 16118
16116 16118 16119
16115 16114 16117
16115 16117 16116
16120 16121 16062
16120 16062 16061
16122 16123 16124
16122 16124 16125
16122 16126 16127
16122 16125 16126
16128 16129 16130
16128 16131 16129
16126 16128 16130
16126 16130 16127
16132 16133 16134
16135 16136 16133
16135 16133 16132
16137 16138 16136
16137 16136 16135
16139 16140 16138
16139 16138 16137
16141 16142 16140
16141 16140 16139
16143 16144 16142
16143 16142 16141
16107 16106 16145
16100 16099 16089
16100 16089 16088
16146 16147 16121
16146 16121 16120
16147 16146 16148
16147 16148 16149
16150 16151 16149
16150 16149 16148
16152 16107 16145
16043 16045 16044
16096 16046 16047
16105 16145 16106
16152 16153 16107
16076 16154 16078
16074 16076 16078
16132 16134 16155
16133 16156 16134
